trial_index,relative_spike_time
0,-0.48579999999999934
0,-0.38234999999999886
0,-0.35365
0,-0.32654999999999923
0,-0.26900000000000013
0,-0.22129999999999939
0,-0.1916999999999991
0,-0.16164999999999985
0,-0.13814999999999955
0,-0.10965000000000025
0,-0.07749999999999879
0,-0.057449999999999335
0,-0.010099999999999554
0,0.03765000000000107
0,0.05385000000000062
0,0.08145000000000024
0,0.10255000000000081
0,0.1175499999999996
0,0.15639999999999965
0,0.17100000000000115
0,0.21010000000000062
0,0.21870000000000012
0,0.2709500000000009
0,0.2999500000000008
0,0.33150000000000013
0,0.3612000000000002
0,0.38344999999999985
0,0.45030000000000037
0,0.4946999999999999
0,0.5193500000000011
0,0.5327000000000002
0,0.5415500000000009
0,0.5569000000000006
0,0.5724999999999998
0,0.6166499999999999
0,0.648200000000001
0,0.6712500000000006
0,0.6937999999999995
0,0.7374000000000009
0,0.7579000000000011
0,0.9716000000000005
0,1.0861
0,1.100200000000001
0,1.11815
0,1.1478000000000002
0,1.215250000000001
0,1.2727500000000003
0,1.3115500000000004
0,1.3376000000000001
0,1.3878500000000003
0,1.415000000000001
0,1.4907500000000002
1,-0.4916999999999998
1,-0.4582500000000014
1,-0.41490000000000116
1,-0.39620000000000033
1,-0.37975000000000136
1,-0.33970000000000056
1,-0.3157500000000013
1,-0.2967499999999994
1,-0.2543500000000023
1,-0.23185000000000144
1,-0.1711999999999989
1,-0.1556500000000014
1,-0.12849999999999895
1,-0.0975500000000018
1,-0.08164999999999978
1,-0.030300000000000438
1,0.01425000000000054
1,0.09560000000000102
1,0.11129999999999995
1,0.13919999999999888
1,0.16939999999999955
1,0.19695000000000107
1,0.22649999999999793
1,0.3994499999999981
1,0.4967000000000006
1,0.583949999999998
1,0.6458000000000013
1,0.6684999999999981
1,0.7095999999999982
1,0.7615999999999978
1,0.7990500000000011
1,0.8289000000000009
1,0.8516000000000012
1,0.8817999999999984
1,0.9108499999999999
1,1.073550000000001
1,1.1226999999999983
1,1.1526500000000013
1,1.174199999999999
1,1.1981000000000002
1,1.2210499999999982
1,1.3459000000000003
2,-0.4978999999999978
2,-0.4396999999999984
2,-0.41769999999999996
2,-0.40834999999999866
2,-0.3139000000000003
2,-0.2951999999999977
2,-0.28330000000000055
2,-0.19514999999999816
2,-0.18099999999999739
2,-0.07259999999999778
2,-0.057399999999997675
2,-0.027249999999998664
2,-0.010949999999997573
2,0.02909999999999968
2,0.2839000000000027
2,0.35050000000000026
2,0.4352000000000018
2,0.45445000000000135
2,0.5040000000000013
2,0.5084000000000017
2,0.5955500000000029
2,0.6574000000000026
2,0.6872500000000024
2,0.7171000000000021
2,0.7876500000000028
2,0.9443000000000019
2,0.9756
2,0.9924999999999997
2,1.0454500000000024
2,1.2130500000000026
2,1.2542000000000009
2,1.2826000000000022
2,1.3963500000000018
3,-0.4881499999999974
3,-0.46340000000000003
3,-0.2521999999999984
3,-0.23784999999999812
3,-0.14124999999999943
3,-0.04829999999999757
3,-0.019649999999998613
3,0.026300000000002655
3,0.11730000000000018
3,0.16215000000000046
3,0.32230000000000203
3,0.34250000000000114
3,0.4380500000000005
3,0.47105000000000175
3,0.5147000000000013
3,0.5600000000000023
3,0.5816000000000017
3,0.5982500000000002
3,0.6212499999999999
3,0.6551500000000026
3,0.6987000000000023
3,0.7512500000000024
3,0.7778000000000027
3,0.8096500000000013
3,0.8347000000000016
3,0.8586500000000008
3,0.8771500000000003
3,1.1050000000000004
3,1.1326999999999998
3,1.1445000000000007
3,1.182850000000002
3,1.3062000000000005
3,1.338750000000001
3,1.407
3,1.4756
4,-0.4859999999999971
4,-0.47949999999999804
4,-0.4180999999999955
4,-0.3882999999999974
4,-0.36394999999999555
4,-0.2677999999999976
4,-0.22504999999999598
4,-0.19829999999999615
4,-0.17344999999999544
4,-0.1060499999999962
4,0.038400000000002876
4,0.06755000000000422
4,0.09520000000000195
4,0.26505000000000223
4,0.4186000000000014
4,0.5958000000000041
4,0.6459500000000027
4,0.6619000000000028
4,0.6845000000000034
4,0.7404500000000027
4,0.8462500000000013
4,0.8822000000000045
4,0.951900000000002
4,0.9650500000000015
4,1.0391000000000012
4,1.1536500000000025
5,-0.49875000000000114
5,-0.42609999999999815
5,-0.41284999999999883
5,-0.11165000000000447
5,-0.09120000000000061
5,0.06479999999999819
5,0.1913499999999999
5,0.26129999999999853
5,0.6302999999999983
5,0.673099999999998
5,0.7606499999999983
5,0.807699999999997
5,0.848399999999998
5,1.4500499999999974
6,-0.31784999999999997
6,-0.23375000000000057
6,-0.055050000000001376
6,-0.01735000000000042
6,0.680800000000005
6,1.2143000000000015
7,-0.4366499999999931
7,-0.0893999999999977
7,0.16825000000000756
7,0.4777000000000058
7,0.9697500000000048
7,1.2193500000000057
7,1.435600000000008
8,0.11939999999999884
8,0.15405000000000513
8,0.6955999999999989
8,0.8345500000000001
8,1.0361000000000047
9,-0.44445000000000334
9,-0.17875000000000085
9,0.1077500000000029
9,0.27694999999999936
9,0.4187999999999974
9,0.6063499999999991
10,-0.291400000000003
10,-0.08919999999999817
10,0.7590999999999966
10,0.8536000000000001
10,1.0381999999999962
10,1.1473000000000013
11,-0.2728999999999928
11,0.19515000000000526
11,0.23885000000000645
12,1.1941500000000076
13,-0.45289999999999964
13,-0.007449999999998624
13,0.6391500000000008
14,0.15220000000000766
15,0.3038500000000113
15,1.1555500000000052
15,1.2624500000000154
16,-0.44915000000000305
16,0.04749999999999943
16,0.11979999999999791
16,0.13824999999999932
16,0.17154999999999632
16,0.515749999999997
16,1.382949999999994
17,-0.3993499999999983
17,-0.2026000000000039
17,-0.04399999999999693
17,0.1264500000000055
17,0.41055000000000064
17,0.455449999999999
17,0.8692000000000064
17,1.299599999999998
17,1.4858499999999992
19,-0.4390499999999946
19,-0.1235499999999945
19,0.27685000000001025
19,0.3033500000000089
19,0.400250000000014
19,0.4401500000000169
19,0.478500000000011
19,0.5321500000000157
19,0.5528500000000065
19,0.5705000000000098
19,0.6722500000000053
19,0.7220500000000101
19,0.8124500000000126
19,0.9122500000000144
19,1.0976000000000141
19,1.1214000000000084
19,1.1510000000000105
19,1.1806500000000142
19,1.2231500000000182
19,1.2481500000000096
19,1.2722000000000122
19,1.3417000000000172
19,1.3967000000000098
19,1.4865000000000066
20,-0.3791999999999973
20,-0.15825000000000955
20,0.09029999999999916
20,0.33995000000000175
20,0.7419000000000011
20,1.3613500000000016
21,-0.4022499999999951
21,-0.3858500000000049
21,-0.3377499999999998
21,-0.3127499999999941
21,-0.2708499999999958
21,-0.03995000000000459
21,0.08395000000000152
21,0.1130500000000012
21,0.15425000000000466
21,0.18944999999999368
21,0.21724999999999284
21,0.26224999999999454
21,0.3007999999999953
21,0.41525000000000034
21,0.44674999999999443
21,0.48619999999999663
21,0.4994999999999976
21,0.5726499999999959
21,0.6022999999999996
21,0.6649000000000029
21,0.7779000000000025
21,0.8808999999999969
21,0.9655999999999949
21,1.058800000000005
21,1.0947999999999922
21,1.1812500000000057
21,1.245750000000001
21,1.3743999999999943
21,1.4207499999999982
21,1.4444500000000033
22,-0.45634999999998627
22,-0.17634999999998513
22,-0.14809999999998524
22,1.0842000000000098
22,1.2884500000000116
22,1.3434500000000043
23,0.26550000000001717
24,-0.2263499999999965
24,0.18720000000000425
25,-0.10424999999999329
25,-0.04724999999999113
25,0.027050000000016894
25,0.3730500000000063
25,0.48260000000001924
25,0.5919000000000096
25,0.7779000000000167
25,0.8235500000000116
25,1.0435500000000246
25,1.0665000000000049
25,1.116400000000013
25,1.1762500000000244
25,1.2394500000000193
26,-0.22110000000000696
26,-0.18010000000001014
26,-0.029850000000010368
26,0.03555000000000064
26,0.16394999999999982
26,0.18739999999999668
26,0.212600000000009
26,0.3153000000000077
26,0.5778500000000122
26,1.1230999999999938
27,-0.25199999999998113
27,0.05875000000000341
27,0.35215000000002306
27,0.4991500000000144
27,0.5613500000000045
27,0.8943500000000029
28,-0.49254999999999427
28,-0.38274999999998727
28,0.27864999999999895
28,0.3322000000000003
28,0.6937000000000069
28,0.7590000000000146
28,0.8782999999999959
28,1.0215000000000032
28,1.054949999999991
28,1.0763000000000034
28,1.1354000000000042
28,1.1750000000000114
29,-0.4489499999999964
29,0.10219999999998208
29,0.12254999999998972
29,0.29479999999998086
29,0.3949999999999818
29,0.46875
29,0.512599999999992
29,0.5639500000000055
29,0.7456999999999994
29,0.7729500000000087
29,1.1217499999999916
29,1.4206499999999949
30,-0.33355000000000246
30,-0.2505999999999915
30,0.11854999999999905
30,0.17275000000000773
30,0.3703000000000145
30,0.4004500000000064
30,0.46460000000001855
30,0.5756000000000085
30,0.6925000000000239
30,0.9806000000000097
30,1.0307999999999993
30,1.4573000000000036
31,0.15100000000001046
31,0.5461500000000115
31,1.1382499999999993
31,1.210250000000002
32,-0.242999999999995
32,-0.06564999999997667
32,0.39210000000002765
32,0.4714000000000169
32,0.804600000000022
33,0.9078000000000088
33,1.1376500000000078
34,-0.4814000000000078
34,-0.46715000000000373
34,-0.39775000000000205
34,-0.148050000000012
34,0.027250000000009322
34,0.22630000000000905
34,0.26669999999998595
34,0.45019999999999527
34,0.4711499999999944
34,0.5570500000000038
34,0.5711000000000013
34,0.884600000000006
34,0.9470000000000027
34,1.0136500000000126
34,1.0901000000000067
34,1.1132499999999936
34,1.174900000000008
34,1.4116999999999962
34,1.469850000000008
35,-0.49869999999998527
35,-0.4077000000000055
35,-0.3543499999999824
35,-0.3064999999999998
35,-0.21519999999998163
35,-0.10845000000000482
35,-0.08034999999998149
35,-0.05134999999998513
35,-0.037700000000000955
35,-0.005699999999990268
35,0.005950000000012778
35,0.08485000000001719
35,0.13850000000002183
35,0.17025000000001
35,0.5366500000000087
35,0.5991999999999962
35,0.641900000000021
35,0.8020000000000209
35,0.8599000000000103
35,0.9535000000000196
35,1.0106000000000108
35,1.1334500000000105
35,1.155050000000017
35,1.1646499999999946
35,1.25060000000002
35,1.3651000000000124
35,1.4039999999999964
35,1.4321999999999946
36,-0.48169999999998936
36,-0.46795000000000186
36,-0.2346499999999878
36,-0.09874999999999545
36,0.0072499999999990905
36,0.06860000000000355
36,0.09585000000001287
36,0.11010000000001696
36,0.19515000000001237
36,0.24465000000000714
36,0.2758000000000038
36,0.32330000000001746
36,0.36830000000000496
36,0.4046000000000163
36,0.47510000000002606
36,0.4904000000000224
36,0.5753500000000145
36,0.711100000000016
36,0.841149999999999
36,0.9003000000000156
36,0.9275000000000091
36,0.9541499999999985
36,1.041450000000026
36,1.1037500000000193
36,1.1187500000000057
36,1.1440000000000055
36,1.1721000000000004
36,1.1897500000000036
36,1.2110000000000127
36,1.272800000000018
36,1.2908000000000186
36,1.3312500000000114
36,1.3442000000000007
36,1.3595000000000255
36,1.3713500000000067
36,1.3829000000000065
36,1.413850000000025
36,1.462299999999999
36,1.477150000000023
37,-0.40979999999998995
37,-0.3669999999999902
37,-0.33899999999999864
37,-0.2708499999999958
37,-0.21940000000000737
37,-0.185450000000003
37,-0.17169999999998709
37,-0.11760000000001014
37,-0.0893000000000086
37,-0.04779999999999518
37,-0.030900000000002592
37,0.013149999999995998
37,0.03614999999999213
37,0.07845000000000368
37,0.09874999999999545
37,0.12104999999999677
37,0.1448000000000036
37,0.1771500000000117
37,0.1971499999999935
37,0.2155999999999949
37,0.24680000000000746
37,0.26949999999999363
37,0.3061999999999898
37,0.34540000000001214
37,0.36795000000000755
37,0.4031999999999982
37,0.4275000000000091
37,0.46545000000000414
37,0.49490000000000123
37,0.515749999999997
37,0.5462500000000148
37,0.5834000000000117
37,0.602800000000002
37,0.6817499999999939
37,0.7532500000000084
37,0.7716000000000065
37,0.9093000000000018
37,0.9877999999999929
37,1.0216000000000065
37,1.0351
37,1.082099999999997
37,1.1132000000000062
37,1.1525000000000034
37,1.205900000000014
37,1.2374499999999955
37,1.257300000000015
37,1.2805999999999926
37,1.3687500000000057
37,1.3982000000000028
37,1.429949999999991
37,1.4582499999999925
38,-0.47579999999999245
38,-0.44710000000000605
38,-0.42310000000000514
38,-0.3240000000000123
38,-0.20685000000000286
38,-0.19565000000000055
38,-0.1568499999999915
38,-0.06935000000001423
38,-0.008200000000016416
38,0.044749999999993406
38,0.1433499999999981
38,0.1544499999999971
38,0.17269999999999186
38,0.21404999999998608
38,0.23509999999998854
38,0.26515000000000555
38,0.29974999999998886
38,0.3554499999999905
38,0.3743000000000052
38,0.40074999999998795
38,0.4413499999999999
38,0.4914499999999862
38,0.5482000000000085
38,0.5901000000000067
38,0.6041500000000042
38,0.6376500000000078
38,0.6698499999999967
38,0.7895499999999913
38,0.8035999999999888
38,0.9695999999999856
38,1.0078000000000031
38,1.101699999999994
38,1.1604499999999973
38,1.1970000000000027
38,1.3113500000000045
38,1.3628500000000088
38,1.3806500000000028
38,1.4393499999999904
38,1.4762499999999932
39,-0.4951499999999953
39,-0.4532999999999845
39,-0.432549999999992
39,-0.38794999999998936
39,-0.35300000000000864
39,-0.31665000000000987
39,-0.29869999999999663
39,-0.2464999999999975
39,-0.14330000000001064
39,-0.12684999999999036
39,-0.10824999999999818
39,-0.08429999999998472
39,-0.003899999999987358
39,0.013200000000011869
39,0.043100000000009686
39,0.05680000000000973
39,0.08180000000001542
39,0.09805000000000064
39,0.11744999999999095
39,0.15485000000001037
39,0.16910000000001446
39,0.28139999999999077
39,0.38595000000000823
39,0.4408999999999992
39,0.5314999999999941
39,0.707099999999997
39,0.8336999999999932
39,0.8520000000000039
39,0.9026499999999942
39,0.9168999999999983
39,0.9395000000000095
39,1.0025500000000136
39,1.093500000000006
39,1.1204999999999927
39,1.1789500000000146
39,1.2485499999999945
39,1.2957499999999982
39,1.3256000000000085
39,1.3839499999999987
39,1.426700000000011
39,1.4338500000000067
40,-0.4987999999999886
40,-0.41174999999998363
40,-0.27779999999998495
40,-0.22679999999999723
40,-0.12154999999998495
40,-0.08865000000000123
40,-0.04259999999999309
40,0.03330000000002542
40,0.06200000000001182
40,0.13300000000000978
40,0.26080000000001746
40,0.4304000000000201
40,0.4490000000000123
40,0.5170999999999992
40,0.5393000000000256
40,0.5512500000000102
40,0.5889500000000112
40,0.6869500000000244
40,0.726300000000009
40,0.7972000000000037
40,0.8217000000000212
40,0.8956000000000017
40,0.9186500000000137
40,1.0197500000000161
40,1.0299500000000137
40,1.055800000000005
40,1.1126500000000021
40,1.1316500000000076
40,1.19765000000001
40,1.2242000000000246
40,1.2455000000000211
40,1.2674000000000092
40,1.3044000000000153
41,-0.46314999999998463
41,-0.271349999999984
41,-0.2313000000000045
41,-0.1779499999999814
41,-0.099899999999991
41,-0.03319999999999368
41,-0.012499999999988631
41,0.11785000000000423
41,0.17145000000002142
41,0.2917500000000075
41,0.3269999999999982
41,0.3574000000000126
41,0.3714999999999975
41,0.4440500000000043
41,0.4935000000000116
41,0.5022500000000036
41,0.601300000000009
41,0.6538500000000056
41,0.8160000000000025
41,0.8930000000000007
41,0.9498499999999979
41,0.9821500000000185
41,0.999449999999996
41,1.0260000000000105
41,1.075550000000021
41,1.158850000000001
41,1.3041000000000054
41,1.3351499999999987
41,1.3499999999999943
41,1.4021000000000186
42,-0.49995000000001255
42,-0.4897499999999866
42,-0.45130000000000337
42,-0.4294500000000028
42,-0.40450000000001296
42,-0.39705000000000723
42,-0.37630000000001473
42,-0.34360000000000923
42,-0.32200000000000273
42,-0.3042000000000087
42,-0.28684999999998695
42,-0.23279999999999745
42,-0.13955000000001405
42,-0.10685000000000855
42,-0.050499999999999545
42,-0.03309999999999036
42,0.0028000000000076852
42,0.0861500000000035
42,0.24049999999999727
42,0.2607500000000016
42,0.28139999999999077
42,0.327699999999993
42,0.4244500000000073
42,0.44309999999998695
42,0.5538999999999987
42,0.734250000000003
42,0.7439500000000123
42,0.7576999999999998
42,0.7871000000000095
42,0.8222499999999968
42,0.8476499999999874
42,0.8751000000000033
42,0.9406999999999925
42,0.9815000000000111
42,1.0083500000000072
42,1.0397000000000105
42,1.0712000000000046
42,1.115399999999994
42,1.1760500000000036
42,1.2012499999999875
42,1.2470500000000015
42,1.2613000000000056
42,1.2715499999999906
42,1.290050000000008
42,1.3314000000000021
42,1.3462499999999977
42,1.3697500000000105
42,1.4234500000000025
42,1.446550000000002
42,1.4735000000000014
43,-0.4464499999999987
43,-0.4307499999999891
43,-0.39869999999999095
43,-0.39039999999999964
43,-0.37529999999998154
43,-0.35769999999999413
43,-0.3255999999999801
43,-0.3031999999999755
43,-0.28804999999999836
43,-0.2592999999999961
43,-0.20264999999997713
43,-0.17029999999999745
43,-0.11964999999997872
43,-0.09859999999997626
43,-0.06739999999999213
43,-0.01079999999998904
43,-0.0014999999999929514
43,0.011000000000024102
43,0.03365000000002283
43,0.06400000000002137
43,0.08865000000000123
43,0.11000000000001364
43,0.14470000000000027
43,0.19035000000002356
43,0.23600000000001842
43,0.2652000000000214
43,0.2944000000000244
43,0.31525000000002024
43,0.4105000000000132
43,0.42805000000001314
43,0.44830000000001746
43,0.4956500000000119
43,0.5059500000000128
43,0.5218000000000131
43,0.5347500000000025
43,0.5764000000000067
43,0.60775000000001
43,0.6309500000000128
43,0.6376500000000078
43,0.6719000000000221
43,0.6937500000000227
43,0.7046500000000151
43,0.7540500000000065
43,0.7744000000000142
43,0.8192000000000235
43,0.8524000000000171
43,0.8986500000000035
43,0.9236500000000092
43,1.0066000000000201
43,1.02800000000002
43,1.0600500000000181
43,1.107500000000016
43,1.1796500000000094
43,1.2024000000000115
43,1.2224500000000091
43,1.2423000000000002
43,1.2720000000000198
43,1.3594500000000096
43,1.394900000000007
43,1.4243000000000166
43,1.4989500000000078
44,-0.4883999999999844
44,-0.4175499999999772
44,-0.3483499999999822
44,-0.282449999999983
44,-0.22974999999996726
44,-0.2091999999999814
44,-0.15234999999998422
44,-0.11579999999997881
44,-0.09304999999997676
44,-0.05069999999997776
44,-0.013299999999986767
44,0.09135000000003402
44,0.11915000000001896
44,0.13560000000001082
44,0.16330000000002087
44,0.20540000000002578
44,0.21885000000003174
44,0.3713000000000193
44,0.4168500000000108
44,0.4729000000000383
44,0.5289500000000373
44,0.5461500000000115
44,0.615600000000029
44,0.6338000000000363
44,0.6525500000000193
44,0.671950000000038
44,0.704700000000031
44,0.8376000000000374
44,0.8800000000000239
44,0.9262500000000387
44,0.994700000000023
44,1.1059500000000355
44,1.161750000000012
44,1.1939500000000294
44,1.2208000000000254
44,1.2426000000000386
44,1.2928000000000281
44,1.3084000000000344
44,1.3348000000000297
44,1.3719000000000108
44,1.3893500000000358
44,1.4098000000000184
44,1.4373000000000218
44,1.4467000000000212
45,-0.47424999999998363
45,-0.44789999999997576
45,-0.28759999999999764
45,-0.1453999999999951
45,-0.11494999999999322
45,-0.08819999999997208
45,-0.05629999999999313
45,0.0009500000000173259
45,0.025200000000012324
45,0.05225000000001501
45,0.06130000000001701
45,0.0714500000000271
45,0.09495000000001141
45,0.12530000000000996
45,0.17365000000000919
45,0.18440000000001078
45,0.2615000000000123
45,0.2678500000000099
45,0.2852500000000191
45,0.32490000000001373
45,0.4137500000000216
45,0.4933500000000208
45,0.5133000000000152
45,0.5511000000000195
45,0.5708500000000072
45,0.6145000000000209
45,0.6420500000000118
45,0.6909000000000276
45,0.7214000000000169
45,0.7643500000000074
45,0.8257500000000277
45,0.8455500000000029
45,0.8655500000000131
45,0.9256500000000187
45,0.9610000000000127
45,0.9920500000000061
45,1.0052000000000305
45,1.0263500000000079
45,1.0509000000000128
45,1.0716500000000053
45,1.1094000000000221
45,1.136000000000024
45,1.1771500000000117
45,1.2023000000000081
45,1.2256000000000142
45,1.2800000000000296
45,1.301950000000005
45,1.313650000000024
45,1.3684000000000083
45,1.3920500000000118
45,1.4077000000000055
45,1.4177000000000248
45,1.4364000000000203
46,-0.4906499999999596
46,-0.46174999999993815
46,-0.42324999999993906
46,-0.3771499999999719
46,-0.3557499999999436
46,-0.30974999999995134
46,-0.26344999999997754
46,-0.25124999999997044
46,-0.2227999999999497
46,-0.2004999999999768
46,-0.17674999999997
46,-0.12569999999993797
46,-0.10534999999998718
46,-0.06049999999993361
46,-0.05454999999994925
46,0.017900000000054206
46,0.030400000000042837
46,0.03660000000002128
46,0.05675000000002228
46,0.07180000000005293
46,0.09730000000001837
46,0.14490000000006376
46,0.18340000000006285
46,0.23550000000005866
46,0.24675000000002
46,0.268950000000018
46,0.2826500000000465
46,0.313350000000014
46,0.36910000000005994
46,0.3797000000000139
46,0.4169000000000551
46,0.4759000000000242
46,0.5331000000000472
46,0.5541000000000622
46,0.6256500000000642
46,0.6389500000000226
46,0.6544500000000539
46,0.6829000000000178
46,0.7156500000000392
46,0.9860000000000468
46,1.002650000000017
46,1.0212000000000216
46,1.07385000000005
46,1.1213000000000193
46,1.1987000000000307
46,1.2203000000000657
46,1.2708500000000527
46,1.3654000000000224
46,1.3982000000000312
46,1.4177500000000123
46,1.4587000000000216
47,-0.4952000000000112
47,-0.46145000000001346
47,-0.43174999999996544
47,-0.4163499999999658
47,-0.36000000000001364
47,-0.33850000000001046
47,-0.3114999999999668
47,-0.20949999999999136
47,-0.1671999999999798
47,-0.15059999999999718
47,-0.1320999999999799
47,-0.09569999999996526
47,-0.07409999999998718
47,-0.02569999999997208
47,0.021900000000016462
47,0.07485000000002628
47,0.09104999999999563
47,0.11414999999999509
47,0.1611000000000331
47,0.17140000000000555
47,0.20845000000002756
47,0.2547000000000139
47,0.28309999999999036
47,0.29630000000003065
47,0.32024999999998727
47,0.3426499999999919
47,0.35590000000001965
47,0.3949000000000069
47,0.4128000000000043
47,0.4845500000000129
47,0.5043000000000006
47,0.5651000000000295
47,0.627900000000011
47,0.6583499999999844
47,0.7107500000000186
47,0.9666500000000156
47,0.9913999999999987
47,1.034400000000005
47,1.1022500000000264
47,1.1343499999999835
47,1.1501499999999965
47,1.1668999999999983
47,1.1938499999999976
47,1.214049999999986
47,1.2396499999999833
47,1.2656000000000063
47,1.2803499999999985
47,1.326750000000004
47,1.3445500000000266
47,1.3756999999999948
47,1.403349999999989
47,1.4189499999999953
47,1.4356500000000096
47,1.457049999999981
47,1.498550000000023
48,-0.4835499999999797
48,-0.46230000000002747
48,-0.44299999999998363
48,-0.4306500000000142
48,-0.39605000000000246
48,-0.377900000000011
48,-0.36669999999998026
48,-0.34030000000001337
48,-0.30545000000000755
48,-0.2563999999999851
48,-0.23194999999998345
48,-0.2135499999999979
48,-0.19745000000000346
48,-0.13785000000001446
48,-0.11725000000001273
48,-0.10190000000000055
48,-0.04975000000001728
48,-0.02174999999999727
48,-0.0004999999999881766
48,0.013149999999995998
48,0.04050000000000864
48,0.06925000000001091
48,0.09350000000000591
48,0.12104999999996835
48,0.13700000000000045
48,0.15559999999999263
48,0.17079999999998563
48,0.19810000000001082
48,0.22244999999998072
48,0.2599999999999909
48,0.3082499999999868
48,0.3397499999999809
48,0.3534000000000219
48,0.3863499999999931
48,0.39794999999998026
48,0.42345000000000255
48,0.4347500000000082
48,0.4566499999999678
48,0.48144999999999527
48,0.5373500000000035
48,0.5580499999999802
48,0.5801999999999907
48,0.6075500000000034
48,0.6308999999999969
48,0.6544000000000096
48,0.6709000000000174
48,0.6838000000000193
48,0.7482499999999845
48,0.7966499999999996
48,0.8208999999999946
48,0.8612999999999715
48,0.8876999999999953
48,0.9399999999999977
48,0.9793500000000108
48,1.0512499999999818
48,1.0748499999999694
48,1.1000999999999976
48,1.138249999999971
48,1.174699999999973
48,1.1827499999999986
48,1.1956500000000005
48,1.211999999999989
48,1.23660000000001
48,1.2475499999999897
48,1.279799999999966
48,1.29849999999999
48,1.307549999999992
48,1.314549999999997
48,1.349800000000016
48,1.3872499999999945
48,1.4119499999999903
48,1.452949999999987
48,1.4835999999999672
49,-0.48094999999995025
49,-0.47519999999997253
49,-0.44959999999997535
49,-0.39819999999997435
49,-0.373649999999941
49,-0.3299999999999841
49,-0.3102999999999838
49,-0.28439999999994825
49,-0.21524999999996908
49,-0.19489999999996144
49,-0.16484999999994443
49,-0.15699999999998226
49,-0.14274999999997817
49,-0.09579999999994016
49,-0.08259999999995671
49,-0.04404999999997017
49,-0.037499999999965894
49,0.0009500000000457476
49,0.014300000000048385
49,0.050900000000012824
49,0.07465000000001965
49,0.1099500000000262
49,0.1286500000000501
49,0.18305000000003702
49,0.23620000000005348
49,0.26370000000002847
49,0.30165000000005193
49,0.35520000000002483
49,0.3996000000000208
49,0.4489000000000374
49,0.4668500000000222
49,0.5013000000000147
49,0.5291000000000281
49,0.648900000000026
49,0.69825000000003
49,0.7582000000000448
49,0.7795500000000288
49,0.853300000000047
49,0.8833000000000197
49,0.9081500000000347
49,0.9672500000000355
49,1.0318000000000325
49,1.0501500000000306
49,1.094500000000039
49,1.1315000000000168
49,1.1444500000000062
49,1.1603500000000508
49,1.1740500000000225
49,1.1920500000000516
49,1.2562000000000353
49,1.2726500000000556
49,1.3123500000000377
49,1.3644500000000335
49,1.3813000000000102
49,1.4062500000000568
49,1.43160000000006
49,1.4551500000000601
50,-0.48724999999996044
50,-0.4531499999999937
50,-0.4149999999999636
50,-0.39664999999996553
50,-0.3637499999999818
50,-0.3170499999999947
50,-0.2697000000000003
50,-0.231899999999996
50,-0.19044999999999845
50,-0.1560000000000059
50,-0.12649999999996453
50,-0.08539999999999281
50,-0.03354999999999109
50,0.04680000000001883
50,0.07585000000000264
50,0.1128500000000372
50,0.13255000000003747
50,0.17210000000000036
50,0.182549999999992
50,0.2338500000000181
50,0.26865000000003647
50,0.2893500000000131
50,0.3067500000000223
50,0.32325000000003
50,0.35950000000002547
50,0.38495000000000346
50,0.426050000000032
50,0.487700000000018
50,0.5187000000000239
50,0.5389000000000124
50,0.5554500000000075
50,0.5859500000000253
50,0.638650000000041
50,0.6699500000000285
50,0.7225999999999999
50,0.7626999999999953
50,0.7755500000000097
50,0.7856500000000324
50,0.8036999999999921
50,0.8301000000000158
50,0.8783500000000117
50,0.9179500000000189
50,0.9363500000000045
50,0.9705000000000155
50,0.9920500000000061
50,0.9997500000000059
50,1.0840500000000475
50,1.098350000000039
50,1.1680499999999938
50,1.191599999999994
50,1.2087000000000216
50,1.2234000000000265
50,1.2406500000000165
50,1.2515999999999963
50,1.2826500000000465
50,1.3176500000000146
50,1.339650000000006
50,1.356650000000002
51,-0.4866999999999848
51,-0.46289999999999054
51,-0.4510500000000093
51,-0.42799999999999727
51,-0.4164000000000101
51,-0.31569999999999254
51,-0.2700500000000261
51,-0.23315000000002328
51,-0.21430000000003702
51,-0.1560999999999808
51,-0.138149999999996
51,-0.1058500000000322
51,-0.07110000000000127
51,-0.04835000000002765
51,-0.00380000000001246
51,0.022199999999998
51,0.048299999999983356
51,0.06220000000001846
51,0.0947999999999638
51,0.104849999999999
51,0.14269999999999072
51,0.279200000000003
51,0.3136000000000081
51,0.3644999999999641
51,0.5459000000000174
51,0.5712499999999636
51,0.6053999999999746
51,0.638149999999996
51,0.6690499999999702
51,0.6975499999999784
51,0.7357000000000085
51,0.7576999999999998
51,0.7695999999999685
51,0.7923999999999864
51,0.8727499999999964
51,0.9260499999999752
51,0.9483500000000049
51,0.9687000000000126
51,1.004199999999969
51,1.0518999999999892
51,1.0845999999999663
51,1.108099999999979
51,1.1324000000000183
51,1.1791999999999803
51,1.242750000000001
51,1.269200000000012
51,1.2798500000000104
51,1.2878000000000043
51,1.3127000000000066
51,1.3342499999999973
51,1.361949999999979
51,1.3752999999999815
51,1.4549499999999966
51,1.4784999999999968
52,-0.498800000000017
52,-0.45179999999999154
52,-0.38179999999999836
52,-0.34260000000000446
52,-0.320699999999988
52,-0.30009999999998627
52,-0.26780000000002246
52,-0.25065000000000737
52,-0.23624999999998408
52,-0.21530000000001337
52,-0.19225000000000136
52,-0.1671000000000049
52,-0.13895000000002256
52,-0.11275000000000546
52,-0.08785000000000309
52,-0.06725000000000136
52,0.024249999999994998
52,0.048699999999996635
52,0.09184999999996535
52,0.10730000000000928
52,0.134399999999971
52,0.16595000000000937
52,0.18999999999999773
52,0.24234999999998763
52,0.28129999999998745
52,0.30129999999996926
52,0.3477500000000191
52,0.41354999999998654
52,0.45150000000001
52,0.4692999999999756
52,0.5500499999999988
52,0.6184000000000083
52,0.6391499999999724
52,0.6603000000000065
52,0.6859499999999912
52,0.6983999999999924
52,0.7183499999999867
52,0.7608999999999924
52,0.789449999999988
52,0.8088999999999942
52,0.835899999999981
52,0.8768999999999778
52,0.9039500000000089
52,0.921449999999993
52,0.9690499999999815
52,1.0279499999999757
52,1.06574999999998
52,1.0933499999999867
52,1.1182000000000016
52,1.1508000000000038
52,1.203899999999976
52,1.2230000000000132
52,1.2805500000000052
52,1.3050999999999817
52,1.3399
52,1.4129499999999666
52,1.4338500000000067
52,1.4495000000000005
52,1.4682999999999993
53,-0.49695000000002665
53,-0.29450000000002774
53,-0.19369999999997844
53,-0.150449999999978
53,-0.11700000000001864
53,-0.07684999999997899
53,-0.023500000000012733
53,0.007400000000018281
53,0.0494499999999789
53,0.0704499999999939
53,0.08814999999998463
53,0.10019999999997253
53,0.11779999999998836
53,0.14145000000002028
53,0.18495000000001482
53,0.2219000000000051
53,0.2501500000000192
53,0.26515000000000555
53,0.288250000000005
53,0.3014999999999759
53,0.317450000000008
53,0.331450000000018
53,0.35905000000002474
53,0.4356999999999971
53,0.4575500000000261
53,0.489750000000015
53,0.5178999999999974
53,0.5566000000000031
53,0.6329999999999814
53,0.6716499999999996
53,0.693649999999991
53,0.7214999999999918
53,0.7629999999999768
53,0.8115500000000111
53,0.8946500000000128
53,0.9579499999999825
53,0.9889999999999759
53,1.1111500000000092
53,1.1397999999999797
53,1.166749999999979
53,1.28125
53,1.410950000000014
53,1.4259999999999877
53,1.4490999999999872
53,1.4678499999999985
54,-0.4879999999999427
54,-0.38204999999999245
54,-0.30939999999998236
54,-0.3072499999999536
54,-0.279899999999941
54,-0.2594999999999459
54,-0.2177499999999668
54,-0.162399999999991
54,-0.13189999999997326
54,-0.06774999999998954
54,-0.04029999999994516
54,0.03560000000004493
54,0.10215000000005148
54,0.1189000000000533
54,0.13640000000003738
54,0.18610000000001037
54,0.2418500000000563
54,0.2988000000000284
54,0.34035000000005766
54,0.40090000000003556
54,0.48500000000001364
54,0.5614500000000362
54,0.5702000000000567
54,0.5894000000000119
54,0.6076000000000477
54,0.6340000000000146
54,0.6711500000000115
54,0.6915500000000634
54,0.8530500000000529
54,0.9373500000000377
54,1.1518500000000245
54,1.1818000000000097
54,1.21285000000006
54,1.2708000000000084
54,1.4525500000000306
55,-0.407449999999983
55,-0.3897999999999797
55,-0.3676999999999566
55,-0.3394999999999868
55,-0.3024499999999648
55,-0.2513500000000022
55,-0.20849999999995816
55,-0.10024999999995998
55,-0.07569999999998345
55,0.05520000000001346
55,0.07654999999999745
55,0.11095000000000255
55,0.1400000000000432
55,0.16275000000001683
55,0.19195000000001983
55,0.20435000000003356
55,0.2581000000000131
55,0.3118000000000052
55,0.3580000000000041
55,0.37930000000000064
55,0.4254500000000121
55,0.47485000000000355
55,0.5050500000000397
55,0.5225500000000238
55,0.5841500000000224
55,0.6643000000000256
55,0.7822000000000457
55,0.8727500000000532
55,0.9697000000000457
55,0.9888000000000261
55,1.056350000000009
55,1.1758500000000254
55,1.2135000000000105
55,1.2468500000000518
55,1.2622500000000514
55,1.2826500000000465
55,1.3499000000000478
55,1.3828000000000316
55,1.419300000000021
55,1.482500000000016
56,-0.44085000000001173
56,-0.297649999999976
56,-0.27890000000002146
56,-0.25540000000000873
56,-0.18014999999996917
56,-0.1691500000000019
56,-0.0948500000000081
56,-0.014499999999998181
56,0.07904999999999518
56,0.10984999999999445
56,0.13110000000000355
56,0.14424999999999955
56,0.1814499999999839
56,0.19940000000002556
56,0.23829999999998108
56,0.2715000000000032
56,0.33480000000002974
56,0.3722500000000082
56,0.3859499999999798
56,0.4809500000000071
56,0.5389000000000124
56,0.5885999999999854
56,0.6558499999999867
56,0.7262999999999806
56,0.7873000000000161
56,0.8617500000000291
56,0.9282999999999788
56,0.946550000000002
56,0.960899999999981
56,0.9839999999999804
56,1.0131999999999834
56,1.0239500000000135
56,1.0681000000000154
56,1.096049999999991
56,1.134900000000016
56,1.1683500000000322
56,1.2006999999999834
56,1.3142500000000155
56,1.3681500000000142
56,1.3847999999999843
56,1.4685999999999808
57,-0.4955999999999676
57,-0.43584999999995944
57,-0.409849999999949
57,-0.3626499999999737
57,-0.34609999999997854
57,-0.31454999999994016
57,-0.2869999999999777
57,-0.24669999999997572
57,-0.20214999999996053
57,-0.1958999999999378
57,-0.1735999999999649
57,-0.137299999999982
57,-0.12214999999997644
57,-0.09074999999995725
57,-0.044949999999971624
57,-0.019049999999936063
57,-0.0001999999999497959
57,0.031100000000037653
57,0.04875000000004093
57,0.09090000000003329
57,0.11050000000005866
57,0.12655000000006567
57,0.1359000000000492
57,0.1513500000000363
57,0.18265000000002374
57,0.23025000000006912
57,0.2790000000000532
57,0.3516500000000633
57,0.36290000000002465
57,0.37170000000003256
57,0.41145000000005894
57,0.43335000000001855
57,0.4958000000000311
57,0.5175000000000409
57,0.5327500000000214
57,0.5523500000000467
57,0.5716000000000463
57,0.5927000000000362
57,0.6112500000000409
57,0.6257500000000391
57,0.6537500000000591
57,0.6846000000000458
57,0.7343000000000188
57,0.7480500000000347
57,0.7964500000000498
57,0.8194000000000301
57,0.8336000000000467
57,0.8506000000000427
57,0.8696500000000356
57,0.918700000000058
57,1.0000500000000443
57,1.025700000000029
57,1.072150000000022
57,1.1066000000000145
57,1.1486000000000445
57,1.1755000000000564
57,1.191000000000031
57,1.2133000000000607
57,1.2316500000000588
57,1.2680500000000166
57,1.3100000000000591
57,1.3386500000000296
57,1.353900000000067
57,1.3729000000000156
57,1.3837500000000205
57,1.3970500000000357
57,1.41315000000003
57,1.4397500000000605
57,1.4674000000000547
57,1.489500000000021
58,-0.4512500000000159
58,-0.42944999999997435
58,-0.3896000000000299
58,-0.36025000000000773
58,-0.334350000000029
58,-0.31664999999998145
58,-0.25499999999999545
58,-0.22930000000002337
58,-0.17995000000001937
58,-0.1269500000000221
58,-0.10045000000002346
58,-0.08235000000001946
58,-0.071550000000002
58,-0.04279999999999973
58,-0.004399999999975535
58,0.034049999999979264
58,0.08915000000001783
58,0.101949999999988
58,0.11660000000000537
58,0.1399499999999989
58,0.16764999999998054
58,0.17880000000002383
58,0.21125000000000682
58,0.25610000000000355
58,0.28870000000000573
58,0.3362500000000068
58,0.4107999999999947
58,0.43650000000002365
58,0.4540499999999952
58,0.4823499999999967
58,0.5042500000000132
58,0.5175499999999715
58,0.529200000000003
58,0.5429500000000189
58,0.5589499999999816
58,0.5842499999999973
58,0.5979500000000257
58,0.6624499999999784
58,0.6891999999999712
58,0.7279500000000212
58,0.7798999999999978
58,0.855700000000013
58,0.90625
58,0.9825500000000034
58,1.0086000000000013
58,1.0482999999999834
58,1.096900000000005
58,1.1052999999999997
58,1.148050000000012
58,1.1920000000000073
58,1.2033999999999878
58,1.227550000000008
58,1.2436500000000024
58,1.261700000000019
58,1.2756499999999846
58,1.2916999999999916
58,1.3249999999999886
58,1.3578999999999724
58,1.3688000000000216
58,1.37560000000002
58,1.3976999999999862
58,1.4295999999999935
58,1.452099999999973
58,1.4782000000000153
58,1.4925499999999943
59,-0.4763500000000249
59,-0.42824999999999136
59,-0.3798500000000331
59,-0.3416000000000281
59,-0.27615000000002965
59,-0.2400000000000091
59,-0.21210000000002083
59,-0.16169999999999618
59,-0.12940000000003238
59,-0.10624999999998863
59,-0.089650000000006
59,-0.0746000000000322
59,-0.014150000000029195
59,0.0024500000000102773
59,0.06049999999999045
59,0.12394999999997935
59,0.1421500000000151
59,0.1625500000000102
59,0.19139999999998736
59,0.20515000000000327
59,0.32749999999998636
59,0.39920000000000755
59,0.4200000000000159
59,0.43479999999999563
59,0.4803499999999872
59,0.4984999999999786
59,0.52049999999997
59,0.5701999999999998
59,0.6191499999999905
59,0.643100000000004
59,0.6721999999999753
59,0.7114500000000135
59,0.7342499999999745
59,0.8036000000000172
59,0.8471000000000117
59,0.8772999999999911
59,0.9093500000000176
59,0.9431999999999903
59,1.056600000000003
59,1.0797999999999774
59,1.110050000000001
59,1.122700000000009
59,1.1454499999999825
59,1.225999999999999
59,1.292100000000005
59,1.314549999999997
59,1.3534999999999968
59,1.374750000000006
59,1.3942499999999995
59,1.4157999999999902
59,1.4868000000000166
60,-0.48324999999994134
60,-0.4262499999999818
60,-0.4187999999999761
60,-0.40664999999995644
60,-0.38539999999994734
60,-0.3637499999999818
60,-0.3382499999999595
60,-0.302949999999953
60,-0.283649999999966
60,-0.2558499999999526
60,-0.24339999999995143
60,-0.21224999999998317
60,-0.20219999999994798
60,-0.11774999999994407
60,-0.0647499999999468
60,-0.04284999999993033
60,-0.026199999999960255
60,0.10245000000003301
60,0.12545000000005757
60,0.1452000000000453
60,0.15650000000005093
60,0.22815000000002783
60,0.32285000000001673
60,0.3834000000000515
60,0.40350000000006503
60,0.465150000000051
60,0.49315000000007103
60,0.5270500000000311
60,0.549850000000049
60,0.5666500000000383
60,0.6036000000000286
60,0.6520000000000437
60,0.673150000000021
60,0.6919000000000324
60,0.745200000000068
60,0.7841500000000678
60,0.8058000000000334
60,0.820350000000019
60,0.8723000000000525
60,0.905550000000062
60,0.9443000000000552
60,0.9640000000000555
60,0.991450000000043
60,1.0444000000000528
60,1.076150000000041
60,1.1060500000000388
60,1.1537500000000591
60,1.169900000000041
60,1.1989500000000248
60,1.2127500000000282
60,1.2614000000000374
60,1.311200000000042
60,1.3560500000000388
60,1.3662500000000364
60,1.3807500000000346
60,1.3998500000000718
60,1.4197000000000344
60,1.4413000000000693
60,1.4612000000000194
60,1.4948500000000422
61,-0.49989999999996826
61,-0.4722499999999741
61,-0.44344999999998436
61,-0.38204999999999245
61,-0.35389999999995325
61,-0.3365000000000009
61,-0.3147999999999911
61,-0.2998499999999922
61,-0.27184999999997217
61,-0.2617999999999938
61,-0.23894999999998845
61,-0.20619999999996708
61,-0.17354999999997744
61,-0.14629999999999654
61,-0.12254999999998972
61,-0.10829999999998563
61,-0.0905999999999949
61,-0.03264999999998963
61,-0.016949999999951615
61,0.019300000000043838
61,0.057950000000005275
61,0.0988500000000272
61,0.11310000000003129
61,0.13970000000000482
61,0.17490000000003647
61,0.19634999999999536
61,0.2349500000000262
61,0.31165000000004284
61,0.3781500000000051
61,0.4046000000000163
61,0.4321000000000481
61,0.49065000000001646
61,0.5258500000000481
61,0.5573500000000422
61,0.5711500000000456
61,0.6394000000000233
61,0.6837500000000318
61,0.7090500000000475
61,0.7309500000000071
61,0.7519000000000347
61,0.8245000000000005
61,0.8620500000000106
61,0.9152000000000271
61,0.9420499999999947
61,0.9499000000000137
61,0.9845000000000255
61,1.0089000000000397
61,1.0355000000000132
61,1.0514500000000453
61,1.073849999999993
61,1.102800000000002
61,1.1413500000000454
61,1.1476000000000113
61,1.1821000000000481
61,1.198599999999999
61,1.204499999999996
61,1.2302500000000123
61,1.2675500000000284
61,1.3019500000000335
61,1.335550000000012
61,1.355450000000019
61,1.38515000000001
61,1.4045000000000414
61,1.4270500000000084
61,1.4475000000000477
61,1.4634000000000356
61,1.481899999999996
62,-0.4932499999999891
62,-0.4669499999999971
62,-0.4420999999999822
62,-0.4064999999999941
62,-0.36899999999997135
62,-0.3423999999999978
62,-0.3129999999999882
62,-0.2878499999999917
62,-0.2585500000000138
62,-0.24790000000001555
62,-0.23034999999998718
62,-0.20229999999997972
62,-0.16474999999996953
62,-0.15449999999998454
62,-0.1419999999999959
62,-0.10339999999996508
62,-0.07319999999998572
62,0.004799999999988813
62,0.06065000000000964
62,0.07499999999998863
62,0.1039000000000101
62,0.12844999999998663
62,0.14365000000003647
62,0.180499999999995
62,0.20220000000000482
62,0.2197500000000332
62,0.23750000000001137
62,0.26805000000001655
62,0.28964999999999463
62,0.3131999999999948
62,0.32519999999999527
62,0.35675000000003365
62,0.39039999999999964
62,0.4040499999999838
62,0.42650000000003274
62,0.4603000000000179
62,0.5593499999999949
62,0.5746000000000322
62,0.582300000000032
62,0.6433000000000106
62,0.6801000000000386
62,0.6929999999999836
62,0.7122499999999832
62,0.723350000000039
62,0.8486000000000331
62,0.8711999999999875
62,0.896000000000015
62,0.9506999999999834
62,1.0109500000000367
62,1.0465000000000373
62,1.0990500000000338
62,1.1324999999999932
62,1.1657500000000027
62,1.1828500000000304
62,1.1987500000000182
62,1.2049499999999966
62,1.2171500000000037
62,1.2300000000000182
62,1.2675500000000284
62,1.280149999999992
62,1.307200000000023
62,1.330250000000035
62,1.3744500000000244
62,1.3908500000000004
62,1.4142500000000382
62,1.4634000000000356
62,1.4767500000000382
62,1.490949999999998
63,-0.3915499999999952
63,-0.3694999999999595
63,-0.3150499999999852
63,-0.234800000000007
63,-0.21889999999996235
63,-0.207650000000001
63,-0.15670000000000073
63,-0.1272999999999911
63,-0.09899999999998954
63,-0.053999999999973625
63,-0.009999999999990905
63,0.016799999999989268
63,0.03765000000004193
63,0.10000000000002274
63,0.11340000000001282
63,0.29300000000000637
63,0.3168499999999881
63,0.34180000000003474
63,0.4346500000000333
63,0.6574500000000398
63,0.747950000000003
63,0.7755000000000223
63,0.8509999999999991
63,0.8790000000000191
63,0.9026499999999942
63,0.96875
63,1.010850000000005
63,1.1177999999999884
63,1.1844500000000266
63,1.429900000000032
63,1.4545500000000402
63,1.465750000000014
64,-0.4238500000000158
64,-0.3965999999999781
64,-0.2973999999999819
64,-0.231899999999996
64,-0.18004999999999427
64,-0.15354999999999563
64,-0.03475000000003092
64,-0.0006000000000199179
64,0.06569999999999254
64,0.14195000000000846
64,0.16705000000001746
64,0.32200000000000273
64,0.367149999999981
64,0.3826999999999998
64,0.45249999999998636
64,0.46674999999999045
64,0.5012499999999704
64,0.5104000000000042
64,0.5447500000000218
64,0.5901499999999942
64,0.6359999999999673
64,0.6612499999999955
64,0.7232000000000198
64,0.7457499999999868
64,0.7647999999999797
64,0.7755500000000097
64,0.8079999999999927
64,0.8809499999999844
64,0.9248999999999796
64,0.9551500000000033
64,0.970799999999997
64,1.047550000000001
64,1.0607499999999845
64,1.0780500000000188
64,1.1051499999999805
64,1.1148999999999774
64,1.1285500000000184
64,1.143699999999967
64,1.1700999999999908
64,1.1869499999999675
64,1.2054499999999848
64,1.217550000000017
64,1.2552499999999895
64,1.267150000000015
64,1.2921999999999798
64,1.3134999999999764
64,1.3283999999999878
64,1.3785500000000184
64,1.3847999999999843
64,1.3990499999999884
64,1.4087000000000103
64,1.43059999999997
64,1.4665999999999713
64,1.494199999999978
65,-0.45234999999996717
65,-0.41259999999999764
65,-0.370399999999961
65,-0.32065000000000055
65,-0.2553999999999519
65,-0.21109999999998763
65,-0.18599999999997863
65,-0.132349999999974
65,-0.11159999999995307
65,-0.07004999999998063
65,-0.04679999999996198
65,-0.021949999999947067
65,0.043200000000013006
65,0.13540000000000418
65,0.19360000000000355
65,0.21705000000002883
65,0.23970000000002756
65,0.279200000000003
65,0.3098000000000525
65,0.32585000000000264
65,0.37000000000000455
65,0.4789000000000101
65,0.4965000000000259
65,0.5384000000000242
65,0.5651000000000295
65,0.6437000000000239
65,0.6652000000000271
65,0.6971500000000219
65,0.7901000000000522
65,0.8525000000000205
65,0.9025500000000193
65,0.9736000000000331
65,1.0387000000000057
65,1.0806500000000483
65,1.1684000000000196
65,1.2556000000000154
65,1.2752500000000282
65,1.321800000000053
65,1.3385500000000548
65,1.3584000000000174
65,1.4078500000000531
65,1.4384500000000457
66,-0.4882999999999811
66,-0.4730499999999438
66,-0.4242999999999597
66,-0.3579499999999598
66,-0.2534999999999741
66,-0.22944999999998572
66,-0.17424999999997226
66,-0.15099999999995362
66,-0.06649999999996226
66,0.003750000000025011
66,0.02235000000001719
66,0.07370000000003074
66,0.07940000000002101
66,0.18250000000000455
66,0.20655000000004975
66,0.23050000000000637
66,0.28870000000000573
66,0.34950000000003456
66,0.37100000000003774
66,0.44845000000003665
66,0.525950000000023
66,0.5515500000000202
66,0.5819500000000062
66,0.7480500000000347
66,0.8791500000000383
66,0.9247000000000298
66,0.9489500000000248
66,0.9888000000000261
66,1.0539000000000556
66,1.1045500000000175
66,1.1582500000000095
66,1.2784500000000207
66,1.3350500000000238
66,1.4043000000000347
66,1.469500000000039
67,-0.3418500000000222
67,-0.2504000000000133
67,-0.09924999999998363
67,-0.030599999999992633
67,-0.015600000000006276
67,0.024299999999982447
67,0.05720000000002301
67,0.12029999999998608
67,0.20499999999998408
67,0.26294999999998936
67,0.40084999999999127
67,0.4428500000000213
67,0.5396000000000072
67,0.559599999999989
67,0.6100999999999885
67,0.6514000000000237
67,0.849550000000022
67,0.8827999999999747
67,0.9796499999999924
67,1.1448500000000195
67,1.1862499999999727
67,1.2326499999999783
67,1.2525499999999852
67,1.2644500000000107
67,1.2918999999999983
67,1.32914999999997
67,1.4011499999999728
67,1.4069999999999823
67,1.4472000000000094
67,1.4810999999999694
68,-0.23579999999998336
68,-0.14170000000001437
68,0.049350000000004
68,0.19145000000003165
68,0.38614999999998645
68,0.6098499999999945
68,0.7585000000000264
68,0.7990500000000225
68,1.0371999999999844
68,1.2632500000000277
68,1.2948999999999842
68,1.3326999999999884
68,1.375850000000014
68,1.4397000000000162
69,-0.3353999999999928
69,-0.32229999999998427
69,-0.28795000000002346
69,-0.27190000000001646
69,-0.14960000000002083
69,0.011649999999974625
69,0.030550000000005184
69,0.12425000000001774
69,0.2167999999999779
69,0.37000000000000455
69,0.5237000000000194
69,0.5394999999999754
69,0.5781499999999937
69,0.629950000000008
69,0.6847999999999956
69,0.7827500000000214
69,0.8086999999999875
69,0.8134499999999889
69,0.856550000000027
69,0.8770000000000095
69,0.8991500000000201
69,0.9795500000000175
69,1.0353000000000065
69,1.0720000000000027
69,1.1252999999999815
69,1.1523500000000126
69,1.257000000000005
69,1.2769999999999868
69,1.330699999999979
69,1.3605499999999893
69,1.397199999999998
69,1.4391499999999837
69,1.4977499999999964
70,-0.4241999999999848
70,-0.38369999999997617
70,-0.19405000000000427
70,-0.15479999999996608
70,-0.11744999999996253
70,-0.08379999999999654
70,-0.009599999999977626
70,0.01885000000004311
70,0.05004999999999882
70,0.08115000000003647
70,0.14789999999999281
70,0.2205500000000029
70,0.3669500000000312
70,0.4329000000000178
70,0.4474999999999909
70,0.6587000000000103
70,0.7873500000000035
70,1.2046000000000276
70,1.21875
70,1.3355999999999995
70,1.3944000000000187
70,1.4528000000000247
70,1.4679500000000303
71,-0.31979999999998654
71,-0.29814999999996417
71,-0.2657499999999686
71,-0.11674999999996771
71,-0.050149999999973716
71,0.0705000000000382
71,0.08785000000000309
71,0.1219000000000392
71,0.14125000000001364
71,0.17005000000000337
71,0.20589999999998554
71,0.301050000000032
71,0.3961500000000342
71,0.5178999999999974
71,0.5468999999999937
71,0.6217000000000326
71,0.7109500000000253
71,0.7685500000000047
71,0.8098499999999831
71,0.9254000000000246
71,0.9609500000000253
71,1.0104499999999916
71,1.0529000000000224
71,1.1546999999999912
71,1.2048500000000217
71,1.355700000000013
71,1.382249999999999
72,-0.4510999999999967
72,-0.27209999999996626
72,-0.2617000000000189
72,-0.1927000000000021
72,-0.1180999999999699
72,-0.008049999999968804
72,0.13470000000000937
72,0.22944999999998572
72,0.3300500000000284
72,0.3637499999999818
72,0.5806499999999915
72,0.6092500000000314
72,0.6377499999999827
72,0.6664000000000101
72,0.7723500000000172
72,0.9764499999999998
72,0.9925499999999943
72,1.1646000000000072
72,1.4613499999999817
72,1.487450000000024
73,-0.4474499999999466
73,-0.4081499999999778
73,-0.3716999999999757
73,-0.3518999999999437
73,-0.318649999999991
73,-0.24744999999995798
73,-0.22599999999994225
73,-0.10234999999994443
73,0.13135000000005448
73,0.24125000000003638
73,0.28835000000003674
73,0.3945500000000379
73,0.4150500000000079
73,0.46425000000004957
73,0.5499500000000239
73,0.7432500000000459
73,0.7699500000000512
73,1.0158500000000572
73,1.057800000000043
73,1.10450000000003
73,1.3491500000000087
73,1.4588000000000534
74,-0.49594999999999345
74,-0.24194999999997435
74,-0.18914999999998372
74,-0.11964999999997872
74,-0.10454999999996062
74,-0.09529999999995198
74,0.03710000000000946
74,0.07440000000002556
74,0.09575000000000955
74,0.10950000000002547
74,0.1339500000000271
74,0.17970000000002528
74,0.27010000000001355
74,0.31040000000001555
74,0.37460000000004356
74,0.40115000000002965
74,0.4895000000000209
74,0.5509000000000128
74,0.7038500000000454
74,0.7435500000000275
74,0.755800000000022
74,0.7965500000000247
74,0.8727000000000089
74,0.8887000000000285
74,0.9118500000000154
74,0.958500000000015
74,1.0281500000000392
74,1.0529500000000098
74,1.0654500000000553
74,1.1470000000000482
74,1.2263000000000375
74,1.3231500000000551
74,1.3768500000000472
75,-0.45744999999999436
75,-0.4387500000000273
75,-0.39749999999997954
75,-0.3453000000000088
75,-0.33049999999997226
75,-0.1765500000000202
75,-0.1249000000000251
75,-0.061800000000005184
75,-0.03354999999999109
75,-0.002200000000016189
75,0.010150000000010095
75,0.02949999999998454
75,0.13125000000002274
75,0.23110000000002628
75,0.35865000000001146
75,0.39224999999999
75,0.6226500000000215
75,0.8267000000000166
75,1.0593999999999824
75,1.1195000000000164
75,1.3015500000000202
75,1.3380000000000223
75,1.3778500000000236
75,1.4252500000000055
75,1.443300000000022
76,-0.49365000000000236
76,-0.4152000000000271
76,-0.24040000000002237
76,-0.10200000000003229
76,0.007699999999999818
76,0.0533500000000231
76,0.10550000000000637
76,0.134399999999971
76,0.1872500000000059
76,0.2612500000000182
76,0.2833999999999719
76,0.32254999999997835
76,0.33979999999996835
76,0.39204999999998336
76,0.4069499999999948
76,0.42984999999998763
76,0.45265000000000555
76,0.5469999999999686
76,0.6173000000000002
76,0.776299999999992
76,0.8405999999999949
76,0.9737499999999955
76,1.0291500000000156
76,1.1951999999999998
76,1.2384500000000003
76,1.2545000000000073
76,1.278950000000009
76,1.4270999999999958
76,1.449700000000007
76,1.488650000000007
77,-0.4150500000000079
77,-0.4010499999999979
77,-0.3752499999999941
77,-0.29964999999998554
77,-0.22160000000002356
77,-0.17065000000002328
77,-0.012850000000014461
77,0.12880000000001246
77,0.2667500000000018
77,0.4262499999999818
77,0.5091499999999769
77,0.5983499999999822
77,0.6140500000000202
77,0.6637999999999806
77,0.8788000000000125
77,0.8931499999999915
77,0.9241999999999848
77,1.068649999999991
77,1.217049999999972
77,1.3512000000000057
77,1.397199999999998
77,1.4664999999999964
78,-0.421100000000024
78,-0.3867000000000189
78,-0.34710000000001173
78,-0.3140000000000214
78,-0.27105000000000246
78,-0.06714999999996962
78,-0.044949999999971624
78,-0.009650000000021919
78,0.07994999999999663
78,0.1139999999999759
78,0.13785000000001446
78,0.2348999999999819
78,0.27924999999999045
78,0.3349499999999921
78,0.5078000000000316
78,0.5489000000000033
78,0.6202499999999986
78,0.6782000000000039
78,0.7896000000000072
78,0.9031499999999824
78,0.9213500000000181
78,0.9370000000000118
78,1.0020000000000095
78,1.0176500000000033
78,1.061399999999992
78,1.1116999999999848
78,1.1478500000000054
78,1.178699999999992
78,1.2823999999999955
78,1.4769999999999754
79,-0.478149999999971
79,-0.4216499999999428
79,-0.38554999999996653
79,-0.35729999999995243
79,-0.33059999999994716
79,-0.31034999999997126
79,-0.27344999999996844
79,-0.24434999999994034
79,-0.22964999999993552
79,-0.2136499999999728
79,-0.18339999999994916
79,-0.16269999999997253
79,-0.1279999999999859
79,-0.10379999999997835
79,-0.09054999999995061
79,-0.0706499999999437
79,-0.06029999999998381
79,0.005400000000065575
79,0.021400000000028285
79,0.09890000000001464
79,0.20230000000003656
79,0.2965000000000373
79,0.38610000000005584
79,0.4046000000000163
79,0.4899000000000342
79,0.5364000000000146
79,0.5970000000000368
79,0.6293000000000575
79,0.6551000000000613
79,0.6969500000000153
79,0.7551500000000146
79,0.8163000000000693
79,0.8339500000000157
79,0.8467000000000553
79,0.9132500000000618
79,0.9843000000000188
79,1.0189000000000306
79,1.0532500000000482
79,1.075050000000033
79,1.1634500000000685
79,1.2057500000000232
79,1.2477500000000532
79,1.2712000000000216
79,1.2792000000000598
79,1.362450000000024
79,1.3770500000000538
79,1.3970000000000482
79,1.4304500000000644
80,-0.38079999999996517
80,-0.3323499999999626
80,-0.19489999999996144
80,-0.11694999999997435
80,-0.09224999999997863
80,-0.06709999999998217
80,-0.0403999999999769
80,0.000550000000032469
80,0.0351500000000442
80,0.0685500000000161
80,0.09620000000001028
80,0.1775000000000091
80,0.21800000000001774
80,0.25215000000002874
80,0.27425000000005184
80,0.35120000000000573
80,0.42635000000001355
80,0.44895000000002483
80,0.6180000000000518
80,0.6482000000000312
80,0.8855000000000359
80,1.0231500000000437
80,1.0464000000000055
80,1.1627500000000168
80,1.2328000000000543
80,1.3018500000000586
80,1.3329500000000394
80,1.3813000000000102
80,1.4165500000000293
80,1.461400000000026
81,-0.30630000000002156
81,-0.15769999999997708
81,-0.08260000000001355
81,-0.007049999999992451
81,0.014099999999984902
81,0.06869999999997844
81,0.08679999999998245
81,0.10840000000001737
81,0.12065000000001191
81,0.19540000000000646
81,0.5199499999999944
81,0.6800000000000068
81,0.7160999999999831
81,0.7814500000000066
81,0.8070500000000038
81,0.9792499999999791
81,1.338450000000023
81,1.4144000000000005
82,-0.4194999999999709
82,-0.2986500000000092
82,-0.2270499999999629
82,0.04005000000000791
82,0.07920000000001437
82,0.09620000000001028
82,0.5622500000000059
82,0.6070500000000152
82,0.7463500000000067
82,0.8935999999999922
82,0.9123500000000035
82,0.9642000000000053
82,0.984800000000007
82,0.9973500000000399
82,1.0462500000000432
82,1.0740000000000123
82,1.0941500000000133
82,1.0991500000000087
82,1.1262000000000398
82,1.1534000000000333
82,1.2159000000000333
82,1.282700000000034
82,1.308400000000006
82,1.3543000000000234
82,1.4008000000000038
82,1.4360000000000355
82,1.4647500000000377
83,-0.4631999999999721
83,-0.39159999999998263
83,-0.36694999999997435
83,-0.32894999999996344
83,-0.29234999999994216
83,-0.2740999999999758
83,-0.1986999999999739
83,-0.15274999999996908
83,-0.08644999999995662
83,0.029200000000059845
83,0.06040000000001555
83,0.1008000000000493
83,0.36350000000004457
83,0.40865000000002283
83,0.6404000000000565
83,0.7871000000000095
83,0.9050000000000296
83,0.918200000000013
83,1.150700000000029
83,1.3018500000000586
83,1.3961500000000342
84,-0.4778999999999769
84,-0.44114999999999327
84,-0.36230000000000473
84,-0.2982499999999959
84,-0.26959999999996853
84,-0.2316500000000019
84,-0.18419999999997572
84,-0.15094999999996617
84,-0.11579999999997881
84,-0.0705499999999688
84,-0.05684999999999718
84,0.0764000000000351
84,0.23255000000000337
84,0.3382000000000289
84,0.3756999999999948
84,0.5803500000000099
84,0.6255500000000325
84,0.6566000000000258
84,0.683050000000037
84,0.8400000000000318
84,0.8713500000000067
84,0.8980999999999995
84,1.006050000000016
84,1.0350500000000125
84,1.066250000000025
84,1.155149999999992
84,1.2298999999999864
84,1.2882999999999925
84,1.3310000000000173
84,1.4084000000000287
84,1.450400000000002
85,-0.44739999999995916
85,-0.362549999999942
85,-0.22879999999997835
85,-0.12369999999998527
85,-0.10314999999997099
85,-0.06814999999994598
85,-0.050399999999967804
85,-0.01254999999997608
85,0.07675000000006094
85,0.16080000000005157
85,0.30925000000002
85,0.455250000000035
85,0.5555500000000393
85,0.7625500000000329
85,0.8081500000000119
85,0.8976500000000556
85,0.9490500000000566
85,1.231300000000033
85,1.284050000000036
85,1.3706000000000245
85,1.4778500000000463
86,-0.48964999999998327
86,-0.25279999999997926
86,-0.23084999999997535
86,-0.217899999999986
86,-0.20299999999997453
86,-0.1318499999999858
86,0.04775000000000773
86,0.16280000000000427
86,0.3472000000000435
86,0.3805500000000279
86,0.4017000000000053
86,0.5322000000000457
86,0.5409500000000094
86,0.5528000000000475
86,0.578550000000007
86,0.6803500000000327
86,0.7198000000000206
86,0.7484000000000037
86,0.7983500000000276
86,0.8339500000000157
86,0.8798000000000457
86,0.8891000000000417
86,0.919399999999996
86,0.9458000000000197
86,0.9891499999999951
86,1.0166000000000395
86,1.0640000000000214
86,1.0960000000000036
86,1.1367999999999938
86,1.1899500000000103
86,1.2222000000000435
86,1.3082500000000437
86,1.3497500000000286
86,1.4366500000000428
86,1.4870500000000106
87,-0.4201999999999657
87,-0.4080500000000029
87,-0.3471499999999992
87,-0.284150000000011
87,-0.14434999999997444
87,-0.057999999999992724
87,-0.043250000000000455
87,0.05905000000001337
87,0.08404999999999063
87,0.11770000000001346
87,0.14154999999999518
87,0.2839999999999918
87,0.315400000000011
87,0.3255500000000211
87,0.3489500000000021
87,0.39375000000001137
87,0.47845000000000937
87,0.5943000000000325
87,0.8138999999999896
87,0.8706000000000245
87,0.8867500000000064
87,0.9277500000000032
87,0.9560000000000173
87,0.9886999999999944
87,1.0189000000000306
87,1.0267499999999927
87,1.089049999999986
87,1.1052500000000123
87,1.1800999999999817
87,1.1937500000000227
87,1.247349999999983
87,1.258800000000008
87,1.3290000000000077
87,1.350999999999999
87,1.3680499999999824
87,1.4005000000000223
87,1.4672499999999786
87,1.4857999999999834
88,-0.4298999999999751
88,-0.4019000000000119
88,-0.10910000000001219
88,-0.06214999999997417
88,0.08235000000001946
88,0.12315000000000964
88,0.24765000000002146
88,0.29450000000002774
88,0.5939500000000066
88,0.6874500000000126
88,0.8062500000000341
88,1.038250000000005
88,1.1020500000000197
88,1.1142000000000394
88,1.120900000000006
88,1.2694000000000187
88,1.3287000000000262
88,1.3887000000000285
89,-0.3706999999999425
89,-0.3355999999999426
89,-0.2586499999999887
89,-0.005949999999984357
89,0.15765000000004648
89,0.6315500000000611
89,0.6496500000000651
89,0.8135000000000332
89,0.8618500000000608
89,0.9569000000000187
89,1.0908500000000458
89,1.4194000000000528
89,1.474550000000022
90,0.02030000000002019
90,0.10015000000004193
90,0.13545000000004848
90,0.18315000000001191
90,0.3502500000000168
90,0.37030000000004293
90,0.38815000000005284
90,0.4807500000000573
90,0.5976000000000568
90,0.6566000000000258
90,0.791150000000016
90,0.8033500000000231
90,0.9062500000000568
90,0.9506500000000528
90,0.9723500000000627
90,1.054200000000037
90,1.1225500000000466
90,1.1511500000000296
90,1.2039500000000203
90,1.2723500000000172
90,1.3109000000000606
90,1.4849500000000262
91,-0.3306999999999789
91,-0.16639999999995325
91,-0.09919999999993934
91,-0.02874999999994543
91,0.029000000000053205
91,0.3733500000000731
91,0.5701000000000249
91,0.6105500000000461
91,0.6401000000000181
91,0.7013000000000602
91,0.7366000000000668
91,0.9238000000000284
91,1.079400000000021
91,1.1090500000000247
91,1.249050000000068
91,1.425100000000043
92,-0.4961500000000001
92,-0.41250000000002274
92,-0.320699999999988
92,-0.275950000000023
92,-0.10534999999998718
92,-0.0636000000000081
92,-0.026250000000004547
92,0.01670000000001437
92,0.04565000000002328
92,0.10435000000001082
92,0.16680000000002337
92,0.20754999999996926
92,0.2258499999999799
92,0.2751999999999839
92,0.339999999999975
92,0.3487999999999829
92,0.3764499999999771
92,0.42540000000002465
92,0.46485000000001264
92,0.47509999999999764
92,0.5438500000000204
92,0.6055499999999938
92,0.6403500000000122
92,0.7627999999999702
92,0.8448999999999955
92,1.070600000000013
92,1.1030999999999835
92,1.1274999999999977
92,1.176150000000007
92,1.2760000000000105
92,1.313699999999983
92,1.3514499999999998
92,1.3885000000000218
93,-0.46100000000001273
93,-0.29939999999999145
93,-0.21125000000000682
93,-0.16579999999999018
93,-0.061350000000004457
93,0.18745000000001255
93,0.414449999999988
93,0.5432500000000005
93,0.6303500000000213
93,0.9861000000000217
93,1.0948000000000206
93,1.1535499999999956
93,1.3877499999999827
94,-0.39529999999996335
94,-0.3720499999999447
94,0.18675000000001774
94,0.42170000000004393
94,0.516050000000007
94,0.5444000000000528
94,0.6148500000000467
94,0.6710000000000491
94,0.8251500000000078
94,1.1916500000000383
94,1.2107500000000186
94,1.2521500000000287
94,1.479750000000024
95,-0.43959999999998445
95,-0.39690000000001646
95,-0.3341500000000224
95,-0.287050000000022
95,-0.26650000000000773
95,-0.010800000000017462
95,0.03860000000003083
95,0.11515000000002829
95,0.25940000000002783
95,0.48115000000001373
95,0.8168499999999881
95,0.9286999999999921
95,1.1456000000000017
95,1.4156500000000278
95,1.4424000000000206
96,-0.41259999999999764
96,-0.3824999999999932
96,-0.32714999999996053
96,0.11450000000002092
96,0.16490000000004557
96,0.17785000000003492
96,0.25900000000001455
96,0.3100000000000023
96,0.6295000000000073
96,0.9980000000000473
96,1.1245500000000561
96,1.1599000000000501
96,1.272700000000043
96,1.316000000000031
96,1.3943500000000313
96,1.4529000000000565
97,-0.49834999999995944
97,-0.3588999999999487
97,-0.2961499999999546
97,-0.18679999999994834
97,-0.0665499999999497
97,-0.012049999999987904
97,0.5487500000000409
97,0.63250000000005
97,0.6444000000000187
97,1.0578500000000304
97,1.3992000000000075
97,1.462350000000015
98,-0.4911999999999921
98,-0.40559999999999263
98,-0.3100000000000023
98,-0.246249999999975
98,-0.20494999999999663
98,-0.14465000000001282
98,-0.10224999999996953
98,0.02539999999999054
98,0.0484000000000151
98,0.3240999999999872
98,0.3728500000000281
98,0.5012500000000273
98,0.7305000000000064
98,0.8399499999999875
98,0.9473500000000286
98,1.2198000000000206
98,1.3605499999999893
98,1.3849500000000035
99,-0.27319999999997435
99,-0.2457499999999868
99,-0.17199999999996862
99,0.28230000000002065
99,0.5359000000000265
99,1.083150000000046
100,-0.195699999999988
100,0.45650000000000546
100,0.9559000000000424
100,1.1770500000000084
100,1.2521500000000287
100,1.448350000000005
101,0.9679500000000303
101,1.067200000000014
101,1.159400000000005
102,-0.05770000000001119
102,0.18735000000003765
102,0.24909999999999854
102,0.4077500000000214
102,0.48144999999999527
102,0.8081000000000245
102,0.8365499999999884
102,1.1234499999999912
103,-0.46684999999996535
103,-0.4467999999999961
103,-0.4320500000000038
103,-0.24049999999999727
103,-0.1872500000000059
103,-0.15774999999996453
103,0.4189000000000078
103,0.5620499999999993
103,0.6277000000000044
104,-0.4939499999999839
104,0.09990000000004784
104,0.11555000000004156
104,0.16580000000004702
104,0.35350000000005366
104,0.3645500000000652
104,0.5330000000000155
104,0.5580000000000496
104,0.8899500000000558
104,1.1523500000000695
104,1.186300000000017
105,-0.44764999999995325
105,-0.4295999999999367
105,-0.4048499999999535
105,-0.34279999999995425
105,-0.3267999999999347
105,-0.24979999999993652
105,-0.2157999999999447
105,-0.13574999999997317
105,-0.05209999999993897
105,0.0023000000000479304
105,0.1028500000000463
105,0.22800000000006548
105,0.40830000000005384
105,0.6918000000000575
105,0.7033000000000698
105,0.9847000000000321
105,1.2931500000000256
106,-0.47870000000000346
106,-0.28619999999995116
106,-0.06894999999997253
106,0.4064000000000192
106,0.4734500000000139
106,0.5454000000000292
106,0.6162000000000489
106,0.8193500000000427
106,0.9234500000000025
106,1.0340000000000487
106,1.1532000000000266
106,1.366550000000018
107,-0.2889499999999998
107,-0.24490000000002965
107,-0.1088999999999487
107,0.12009999999997945
107,0.5888999999999669
107,0.7831499999999778
107,1.3897000000000617
108,-0.289449999999988
108,0.1269999999999527
108,0.464650000000006
108,1.3529499999999643
109,-0.41274999999996
109,0.34809999999993124
109,0.8034999999999854
109,0.8153499999999667
109,0.9633999999999787
109,1.0594499999999698
109,1.0876499999999396
109,1.1531499999999824
109,1.176050000000032
109,1.2124499999999898
109,1.2260499999999865
109,1.3085499999999683
109,1.3488499999999704
110,-0.28215000000000146
110,0.42734999999993306
110,0.7458500000000186
110,1.4028999999999314
110,1.470550000000003
111,-0.41155000000003383
111,-0.20799999999997
111,-0.13655000000005657
111,0.046449999999936153
111,0.11310000000003129
111,0.9265500000000202
111,0.9461000000000013
111,1.1000999999999976
111,1.117650000000026
111,1.1786999999999352
112,-0.14144999999996344
112,0.0049999999999954525
112,0.2588500000000522
112,0.37905000000000655
112,0.5012500000000273
113,-0.40600000000006276
113,0.8523000000000138
114,-0.2830499999998892
114,0.005500000000097316
114,0.36980000000005475
114,0.8185500000000729
114,1.0211500000000342
115,-0.11365000000000691
115,0.8550999999999931
115,0.9405499999999165
115,1.3466499999999542
116,-0.36619999999993524
116,-0.2168500000000222
116,-0.07389999999998054
116,0.02465000000006512
116,0.3145000000000664
116,0.6235500000000229
116,0.9221999999999753
116,1.1045500000000175
116,1.123450000000048
116,1.352950000000078
116,1.3838000000000648
116,1.4517000000000735
117,-0.33434999999997217
117,-0.259900000000016
117,0.026600000000030377
117,0.2376000000000431
117,0.36734999999998763
117,0.5547000000000253
117,0.6880499999999756
117,1.2100000000000364
117,1.42025000000001
117,1.446649999999977
118,-0.48545000000001437
118,-0.395650000000046
118,-0.3427000000000362
118,-0.2746500000000651
118,-0.2576999999999998
118,-0.21215000000006512
118,-0.19190000000003238
118,-0.13149999999995998
118,0.22939999999994143
118,0.2726999999999862
118,0.5268999999999551
118,0.8198999999999614
118,0.9283500000000231
118,1.0189000000000306
118,1.0829499999999825
118,1.2039499999999634
118,1.285349999999994
118,1.4539999999999509
118,1.4972000000000207
119,-0.4681000000000495
119,-0.375
119,0.26155000000005657
119,0.5356000000000449
119,0.6580000000000155
119,1.0850000000000364
119,1.1236499999999978
119,1.1500499999999647
119,1.2339000000000624
119,1.3015000000000327
119,1.321299999999951
120,-0.3971999999998843
120,-0.3307999999999538
120,-0.21234999999990123
120,-0.060649999999895954
120,0.04055000000005293
120,0.07225000000005366
120,0.12650000000007822
120,0.1613000000000966
120,0.4338500000001204
120,0.6374000000000706
120,0.8183000000001357
120,0.8725000000000591
120,0.8972000000001117
120,0.9651000000001204
120,1.0979500000000826
120,1.1543500000001359
120,1.2590500000001157
120,1.275850000000105
120,1.3890500000001111
120,1.4334000000001197
120,1.490500000000111
121,-0.4341499999999314
121,-0.21879999999987376
121,-0.15994999999986703
121,0.06385000000011587
121,0.15235000000006949
121,0.407950000000028
121,0.659050000000093
121,0.680150000000026
121,0.9309000000000651
121,1.1403500000001259
121,1.2621000000000322
121,1.4787000000001171
121,1.4879000000000815
122,-0.3353499999999485
122,-0.2660999999999376
122,-0.19290000000000873
122,-0.15094999999996617
122,-0.13944999999989705
122,-0.1049999999999045
122,-0.03959999999995034
122,0.18115000000000236
122,0.21945000000005166
122,0.2753500000000031
122,0.31475000000000364
122,0.5190000000000055
122,1.1306000000000722
122,1.1648500000000013
122,1.3974000000000615
123,-0.4389499999999771
123,-0.38125000000002274
123,-0.2543000000000575
123,-0.10824999999999818
123,-0.04579999999998563
123,0.3442000000000007
123,0.6780999999999722
123,0.7965000000000373
123,0.8192999999999984
123,0.8867500000000064
123,1.2862499999999955
124,-0.43209999999999127
124,-0.1409999999999627
124,-0.0677499999999327
124,0.17164999999999964
124,0.5701000000000249
124,0.7461000000000695
124,0.7913500000000795
124,0.8500000000000227
124,0.9265000000000327
124,0.9757000000000744
124,1.1156500000000733
124,1.1295499999999947
124,1.2758000000000038
124,1.411200000000008
125,-0.49834999999995944
125,-0.3591000000000122
125,-0.2452499999999418
125,-0.1786499999999478
125,-0.03985000000000127
125,0.04435000000000855
125,0.10590000000001965
125,0.13189999999997326
125,0.42525000000000546
125,0.5025000000000546
125,1.2518499999999904
126,-0.5
126,-0.04174999999997908
126,-9.999999997489795e-05
126,0.17385000000001583
126,0.5033499999999549
126,0.7108500000000504
126,0.8170499999999947
126,0.9265500000000202
126,1.0413999999999533
126,1.4732000000000198
127,-0.38199999999994816
127,-0.037299999999959255
127,0.45270000000004984
127,0.5040000000000191
127,0.8508000000000493
127,1.4845000000000255
128,-0.3397499999999809
128,-0.29340000000001965
128,-0.11034999999992579
128,-0.06464999999991505
128,0.11840000000006512
128,0.13030000000003383
128,0.2791500000000724
128,0.37180000000000746
128,0.7170500000000857
128,0.7354500000000144
128,0.7560000000000855
128,0.829050000000052
128,0.8862000000000307
128,1.4787000000000035
129,-0.3509999999999991
129,-0.26424999999994725
129,-0.19374999999990905
129,-0.14059999999994943
129,-0.016999999999939064
129,0.026749999999992724
129,0.07830000000001291
129,0.11824999999998909
129,0.13065000000005966
129,0.19614999999998872
129,0.24575000000004366
129,0.27854999999999563
129,0.42325000000005275
129,0.4435000000000855
129,0.4936000000000149
129,0.5319000000000642
129,0.6278500000000804
129,0.6361500000000433
129,0.7874000000000478
129,0.907950000000028
129,0.9304000000000769
129,1.1792500000000246
129,1.2118000000000393
129,1.2880499999999984
129,1.3438500000000886
129,1.3596499999999878
129,1.3952500000000327
129,1.4209500000000617
130,-0.49824999999998454
130,-0.4464499999999134
130,-0.40314999999998236
130,-0.3389999999999418
130,-0.222849999999994
130,-0.20034999999995762
130,-0.08434999999997217
130,0.009000000000014552
130,0.06130000000007385
130,0.09310000000004948
130,0.17535000000009404
130,0.2407500000000482
130,0.28700000000003456
130,0.4026499999999942
130,0.46355000000005475
130,0.5730500000000802
130,0.6623500000000604
130,0.6963000000000648
130,0.7178499999999985
130,0.8140000000000782
130,0.8641499999999951
130,0.8955500000000711
130,0.9580000000000837
130,1.0231500000001006
130,1.0964500000000044
130,1.1271500000000287
130,1.2551500000000715
130,1.4305000000000518
130,1.4716500000000678
131,-0.4336999999999307
131,-0.3541499999998905
131,-0.25149999999996453
131,-0.18499999999994543
131,-0.05534999999997581
131,-0.031799999999975626
131,0.05300000000011096
131,0.0974500000000944
131,0.14040000000011332
131,0.17175000000008822
131,0.18175000000007913
131,0.261600000000044
131,0.2925500000001193
131,0.38600000000008095
131,0.4460500000000138
131,0.5013000000000147
131,0.6069500000000971
131,0.6761000000000195
131,0.9176000000001068
131,0.939200000000028
131,0.9572000000000571
131,0.9795500000000175
131,0.9944000000000415
131,1.0732000000000426
131,1.1513500000000931
131,1.3476500000000442
131,1.4628000000000156
131,1.4891500000001088
132,-0.38970000000006166
132,-0.2990499999999656
132,-0.22100000000000364
132,-0.17685000000005857
132,-0.14970000000005257
132,-0.13495000000000346
132,-0.06720000000007076
132,0.0009000000000014552
132,0.061299999999960164
132,0.10844999999994798
132,0.13760000000002037
132,0.20544999999992797
132,0.22889999999995325
132,0.5363999999999578
132,0.6038499999999658
132,0.6308500000000095
132,0.7643500000000358
132,0.8253999999999451
132,0.8625999999999294
132,0.9606499999999869
132,0.9791500000000042
132,1.0148000000000366
132,1.1345999999999776
132,1.155399999999986
132,1.1865999999999985
132,1.241649999999936
132,1.384149999999977
132,1.4791500000000042
133,-0.47384999999997035
133,-0.21280000000001564
133,-0.1766499999999951
133,0.08315000000004602
133,0.09619999999995343
133,0.11760000000003856
133,0.1371000000000322
133,0.19799999999997908
133,0.396349999999984
133,0.4841000000000122
133,0.6663999999999533
133,0.8509000000000242
133,1.0838999999999714
133,1.098700000000008
133,1.1714500000000498
133,1.236250000000041
133,1.269800000000032
133,1.3008499999999685
134,-0.018000000000029104
134,0.056199999999989814
134,0.11869999999998981
134,0.20974999999998545
134,0.6757000000000062
134,0.9181499999999687
134,0.9870500000000675
134,1.2103500000000622
134,1.2490999999999985
134,1.3940000000000055
134,1.4297500000000127
135,-0.3985500000000002
135,-0.22810000000004038
135,-0.1490000000000009
135,-0.11969999999996617
135,-0.10284999999998945
135,-0.05899999999996908
135,0.1735999999999649
135,0.7620500000000447
135,1.3523000000000138
136,-0.35990000000003874
136,-0.34569999999996526
136,-0.26615000000003874
136,-0.23440000000005057
136,-0.04115000000001601
136,-0.006600000000048567
136,0.055799999999976535
136,0.08275000000003274
136,0.17904999999996107
136,0.7957000000000107
136,1.432450000000017
137,0.08654999999998836
137,0.1934999999999718
137,0.30360000000007403
137,0.34969999999998436
137,0.7701000000000704
137,0.8641999999999825
137,1.2250000000000227
137,1.3153500000000804
137,1.426150000000007
138,-0.3106999999999971
138,-0.25175000000001546
138,-0.16660000000001673
138,0.008100000000013097
138,0.5288000000000466
138,0.8313500000000431
138,0.9884000000000697
138,1.0163499999999885
138,1.0785000000000764
138,1.2842500000000427
138,1.4577000000000453
138,1.494199999999978
139,-0.3867000000000189
139,-0.3235500000000684
139,-0.009300000000052933
139,0.3276499999999487
139,0.5155999999999494
139,0.5557499999999891
139,0.6918999999999187
139,1.106049999999982
139,1.2996499999999287
139,1.4155499999999392
139,1.4345999999999322
140,-0.49320000000000164
140,-0.23640000000000327
140,0.13935000000003583
140,0.1561500000000251
140,0.48650000000009186
140,0.768100000000004
140,1.303600000000074
140,1.3885000000000218
141,-0.4494999999999436
141,-0.34130000000004657
141,-0.26269999999999527
141,-0.1269999999999527
141,0.084699999999998
141,0.8519000000000005
141,1.2028000000000247
141,1.231200000000058
141,1.2504500000000007
141,1.4759500000000116
142,-0.47199999999998
142,-0.26024999999992815
142,-0.11799999999993815
142,0.12800000000004275
142,0.13705000000004475
142,0.20880000000011023
142,0.44825000000003
142,0.5007000000000517
142,1.2208500000000413
143,-0.452350000000024
143,-0.1464499999999589
143,-0.05309999999997217
143,0.0016000000000531145
143,0.10125000000005002
143,0.2533499999999549
143,0.6011499999999614
143,1.12824999999998
143,1.4271999999999707
144,0.34370000000001255
144,0.384900000000016
144,0.41124999999999545
144,0.7688500000000431
144,1.4659000000000333
145,-0.3513999999998987
145,-0.2066499999999678
145,-0.056899999999927786
145,0.26740000000006603
145,1.4353000000000975
146,-0.02804999999989377
146,0.4589500000000726
146,0.7961500000000115
146,0.8473500000001195
146,1.0768500000000358
146,1.129000000000019
146,1.3013500000000704
146,1.445250000000101
147,-0.06649999999990541
147,0.11605000000008658
147,0.29280000000005657
147,0.42124999999998636
147,0.634200000000078
147,0.7590000000000146
147,1.2862499999999955
147,1.366700000000037
147,1.4310500000000275
148,-0.033299999999940155
148,-0.013599999999883039
148,0.13230000000010023
148,0.2949500000000853
148,0.6179500000000644
148,0.8353500000000622
148,1.109700000000089
148,1.1497000000000526
148,1.398200000000088
148,1.4532500000000255
149,-0.47384999999997035
149,-0.2958499999999731
149,-0.23354999999992287
149,-0.2142999999998665
149,-0.15534999999988486
149,-0.03819999999996071
149,0.0026000000000294676
149,0.1946500000000242
149,0.37130000000013297
149,0.8410000000001219
149,0.8664500000000999
149,0.9840000000000373
149,1.0511000000001332
149,1.3296000000000276
149,1.4580500000000711
149,1.4770500000000766
150,-0.4472999999999274
150,0.5073500000000877
150,0.6438000000000557
150,0.8658500000000231
150,0.9240000000000919
150,1.31675000000007
150,1.368750000000091
151,-0.4292999999998983
151,0.055650000000127875
151,0.18680000000006203
151,0.3710000000000946
151,0.7211000000000922
151,0.7901000000000522
151,0.8219000000000278
151,0.8944500000001199
151,0.9529000000001133
151,1.2125500000000784
151,1.2675500000000284
151,1.3328000000000202
152,-0.45934999999997217
152,-0.37124999999991815
152,-0.3545499999999038
152,-0.34874999999999545
152,-0.3358499999999367
152,-0.2735499999998865
152,-0.18324999999992997
152,-0.08769999999992706
152,0.013500000000021828
152,0.06940000000008695
152,0.09195000000011078
152,0.1148000000000593
152,0.20975000000009913
152,0.2247500000000855
152,0.2669500000000653
152,0.35645000000010896
152,0.548050000000103
152,0.5771000000000868
152,0.6047000000000935
152,0.7145500000000311
152,0.9903000000000475
152,1.0193500000000313
152,1.0394500000001017
152,1.1251000000000886
152,1.1524500000000444
152,1.2445500000000038
152,1.2735000000000127
152,1.3106000000000222
152,1.3770000000000664
152,1.4168500000000677
152,1.4376000000000886
153,-0.4632499999999027
153,-0.3547999999999547
153,-0.33549999999991087
153,-0.2657499999999118
153,-0.19834999999989122
153,-0.13104999999995925
153,0.06625000000008185
153,0.2893500000000131
153,0.40935000000001764
153,0.5100000000001046
153,0.67025000000001
153,0.9111500000000206
153,1.0287000000000717
153,1.1410000000000764
153,1.2126000000000658
153,1.2543000000000575
154,-0.4645499999999174
154,-0.4218999999999369
154,-0.31179999999994834
154,-0.2715499999999338
154,-0.10664999999994507
154,-0.007099999999923057
154,0.012950000000046202
154,0.3564000000000078
154,0.3795999999999822
154,0.45344999999997526
154,0.672800000000052
154,0.7395999999999958
154,0.7612000000000307
154,0.8815000000000737
154,0.8981999999999744
154,1.028250000000071
154,1.1475000000000364
154,1.1671999999999798
154,1.1872500000000628
154,1.2316000000000713
154,1.2807500000000118
154,1.3044499999999744
154,1.3308000000000675
154,1.3815000000000737
154,1.4180000000000064
154,1.4501000000000204
155,-0.44524999999998727
155,-0.22270000000003165
155,-0.006250000000022737
155,0.09455000000002656
155,0.13724999999999454
155,0.15575000000001182
155,0.24234999999998763
155,0.25509999999997035
155,0.4306500000000142
155,0.5516999999999825
155,0.6224500000000717
155,0.7015499999999975
155,1.011349999999993
155,1.025700000000029
155,1.0641500000000406
155,1.124149999999986
155,1.1585000000000036
155,1.2309000000000196
155,1.2964500000000498
155,1.3408500000000458
155,1.4298000000000002
155,1.4450500000000375
155,1.490850000000023
156,-0.34895000000005894
156,-0.2750499999999647
156,-0.15525000000002365
156,-0.11149999999997817
156,-0.06785000000002128
156,-0.030750000000011823
156,-0.010049999999978354
156,0.11664999999993597
156,0.20839999999998327
156,0.32960000000002765
156,0.3928999999999405
156,0.4669499999999971
156,0.9066000000000258
156,0.9558999999999287
156,0.9709000000000287
156,1.0106999999999289
156,1.17999999999995
156,1.2397999999999456
156,1.2672000000000025
156,1.3350500000000238
156,1.3555499999999938
156,1.4236499999999523
157,-0.495900000000006
157,-0.4420499999999947
157,-0.41935000000000855
157,-0.40269999999998163
157,-0.3475499999999556
157,-0.31684999999993124
157,-0.29864999999995234
157,-0.274599999999964
157,-0.19184999999993124
157,-0.15269999999998163
157,-0.10409999999990305
157,-0.07239999999990232
157,-0.026049999999941065
157,0.06765000000007149
157,0.11745000000007622
157,0.13990000000001146
157,0.2247500000000855
157,0.266550000000052
157,0.28804999999999836
157,0.37030000000004293
157,0.5108500000000049
157,0.6594000000000051
157,0.6798000000000002
157,0.875850000000014
157,1.106200000000058
157,1.168800000000033
157,1.445250000000101
158,-0.02184999999997217
158,0.20065000000010969
158,0.255800000000022
158,0.27235000000007403
158,0.3352500000000873
158,0.4056500000000369
158,0.7042000000001281
158,0.9149000000001024
158,0.9367500000000746
158,1.1260500000000775
158,1.2212500000000546
158,1.2930500000001075
158,1.4329000000000178
158,1.4768000000000256
159,-0.48490000000003874
159,-0.3542499999999791
159,-0.3078500000000304
159,-0.18110000000001492
159,-0.16185000000007221
159,-0.1268000000000029
159,-0.11725000000001273
159,-0.0857499999999618
159,-0.07029999999997472
159,-0.008450000000038926
159,0.05999999999994543
159,0.06664999999998145
159,0.305150000000026
159,0.386449999999968
159,0.4239000000000033
159,0.7300999999999931
159,0.8228000000000293
159,0.9541500000000269
159,1.001549999999952
159,1.0797999999999774
159,1.1424999999999272
159,1.2581500000000005
159,1.4369500000000244
159,1.4935500000000275
160,-0.49339999999995143
160,-0.4709500000000162
160,-0.45555000000001655
160,-0.35114999999996144
160,-0.2897500000000264
160,-0.23725000000001728
160,-0.021600000000034925
160,0.004800000000045657
160,0.10545000000001892
160,0.13829999999995835
160,0.16790000000003147
160,0.2842000000000553
160,0.31835000000000946
160,0.6499499999999898
160,0.7150500000000193
160,1.0630499999999756
160,1.1995000000000573
160,1.3698000000000548
160,1.4066500000000133
160,1.4563000000000557
160,1.4970500000000584
161,-0.4084499999999025
161,-0.24519999999995434
161,-0.16999999999995907
161,0.036800000000084765
161,0.10220000000003893
161,0.13030000000003383
161,0.13940000000002328
161,0.1854000000000724
161,0.20400000000006457
161,0.2470500000000584
161,0.3535500000000411
161,0.520800000000122
161,0.5833500000001095
161,0.6982000000000426
161,0.7587000000000899
161,0.8263000000000602
161,1.0392000000000507
161,1.067000000000121
161,1.1817500000000791
161,1.2345000000000255
161,1.2656000000000631
161,1.3084000000001197
161,1.3184000000001106
161,1.3547000000000935
161,1.4651500000001079
162,-0.40134999999997945
162,-0.23919999999998254
162,-0.15464999999994689
162,-0.10900000000003729
162,-0.04695000000003802
162,0.04600000000004911
162,0.1855000000000473
162,0.202350000000024
162,0.30484999999998763
162,0.3729000000000724
162,0.3920500000000402
162,0.4457999999999629
162,0.524599999999964
162,0.6630000000000109
162,0.7905500000000529
162,0.9954000000000178
162,1.1048000000000684
162,1.299600000000055
162,1.3766000000000531
162,1.3926999999999907
162,1.4738499999999704
162,1.4990000000000236
163,-0.4208499999999731
163,-0.368349999999964
163,-0.3041999999999234
163,-0.26004999999997835
163,-0.14974999999992633
163,-0.11014999999997599
163,0.002100000000041291
163,0.04619999999999891
163,0.06915000000003602
163,0.09960000000000946
163,0.14580000000000837
163,0.1826499999999669
163,0.3007000000000062
163,0.48480000000006385
163,0.5380499999999984
163,0.8144499999999653
163,0.8726500000000215
163,0.9605999999999995
163,1.1058000000000447
163,1.222849999999994
163,1.38575000000003
164,-0.3750999999998612
164,-0.31874999999990905
164,-0.27559999999994034
164,-0.21544999999991887
164,-0.19939999999985503
164,-0.15419999999994616
164,-0.10859999999991032
164,0.07145000000014079
164,0.10945000000003802
164,0.13640000000009422
164,0.16470000000003893
164,0.2215000000001055
164,0.2407500000000482
164,0.3727000000001226
164,0.6632500000000618
164,0.6824500000001308
164,0.9150000000000773
164,1.0063500000001113
164,1.0549000000000888
164,1.1705500000000484
164,1.2149500000000444
164,1.4221500000001015
165,-0.458849999999984
165,-0.4151000000000522
165,-0.3446999999999889
165,-0.20320000000003802
165,-0.12559999999996307
165,-0.03354999999999109
165,0.030799999999999272
165,0.11905000000001564
165,0.14104999999995016
165,0.16829999999993106
165,0.20174999999994725
165,0.23664999999994052
165,0.25625000000002274
165,0.3691000000000031
165,0.6487999999999374
165,0.6707999999999856
165,0.7617999999999938
165,0.8080999999999676
165,0.8600999999999885
165,1.0054000000000087
165,1.1142999999999574
165,1.2828499999999394
165,1.4098000000000184
166,-0.4882999999999811
166,-0.015149999999948704
166,0.056800000000066575
166,0.08740000000000236
166,0.14949999999998909
166,0.15870000000006712
166,0.21720000000004802
166,0.30579999999997654
166,0.33064999999999145
166,0.41565000000002783
166,0.45974999999998545
166,0.8056000000000267
166,0.8962500000000091
166,0.9182000000000698
166,1.0038000000000693
166,1.1306500000000597
166,1.1607000000000198
166,1.1794499999999744
166,1.2071500000000697
166,1.2474500000000717
166,1.3006500000000187
166,1.3618000000000166
167,-0.49784999999997126
167,-0.41610000000002856
167,-0.36675000000002456
167,-0.3494500000000471
167,-0.32434999999998126
167,-0.26805000000001655
167,-0.2246499999999969
167,-0.15859999999997854
167,-0.14790000000004966
167,-0.11855000000002747
167,-0.07704999999998563
167,-0.03775000000007367
167,-0.02030000000002019
167,0.003399999999942338
167,0.05520000000001346
167,0.10855000000003656
167,0.11839999999995143
167,0.1349999999999909
167,0.16250000000002274
167,0.1926499999999578
167,0.21439999999995507
167,0.22919999999999163
167,0.282950000000028
167,0.3242999999999938
167,0.35884999999996126
167,0.38474999999994
167,0.41904999999997017
167,0.4852499999999509
167,0.5047499999999445
167,0.518950000000018
167,0.5548999999999751
167,0.677599999999984
167,0.7949499999999716
167,0.8999000000000024
167,0.9431999999999334
167,0.9706999999999653
167,0.9958500000000186
167,1.0326000000000022
167,1.0650499999999283
167,1.0965499999999793
167,1.1452500000000327
167,1.1853999999999587
167,1.215349999999944
167,1.299250000000029
167,1.3144999999999527
167,1.351699999999937
167,1.3643499999999449
167,1.4014499999999543
167,1.4206500000000233
167,1.4456500000000005
167,1.4569000000000187
167,1.467300000000023
167,1.4853499999999258
168,-0.4273999999999205
168,-0.40249999999991815
168,-0.34389999999996235
168,-0.2848500000000058
168,-0.19539999999994961
168,-0.17894999999998618
168,-0.11304999999993015
168,0.09475000000009004
168,0.11459999999999582
168,0.139850000000024
168,0.15725000000009004
168,0.18175000000007913
168,0.20040000000005875
168,0.22345000000007076
168,0.25395000000003165
168,0.28270000000009077
168,0.37780000000009295
168,0.4644500000000562
168,0.6701000000000477
168,0.7164999999999964
168,0.8428000000000111
168,0.8806000000000722
168,0.9108500000000959
168,1.04950000000008
168,1.1025000000000773
168,1.2563000000000102
168,1.3964000000000851
169,-0.44114999999999327
169,-0.32569999999998345
169,-0.28234999999995125
169,-0.25739999999996144
169,-0.22204999999996744
169,-0.2099999999999227
169,-0.15199999999992997
169,-0.10864999999989777
169,-0.08724999999992633
169,-0.07644999999990887
169,0.04130000000009204
169,0.1693000000000211
169,0.19020000000000437
169,0.2166500000000724
169,0.24725000000000819
169,0.28340000000002874
169,0.30920000000003256
169,0.35265000000003965
169,0.3913500000001022
169,0.4106500000000324
169,0.4525500000000875
169,0.48405000000002474
169,0.6077000000000226
169,0.6697000000000344
169,0.7444500000000289
169,0.821100000000115
169,0.8397000000001071
169,0.9729000000000951
169,1.0145500000000993
169,1.0425000000000182
169,1.1262500000000273
169,1.1503500000001168
169,1.1724500000000262
169,1.2212500000000546
169,1.2798500000000104
169,1.3082500000000437
169,1.326400000000035
169,1.356300000000033
169,1.3977000000000999
169,1.4167500000000928
169,1.441850000000045
169,1.4713500000000295
170,-0.48310000000003583
170,-0.45305000000007567
170,-0.435100000000034
170,-0.3574499999999716
170,-0.26035000000001673
170,-0.22940000000005512
170,-0.1735999999999649
170,-0.1420500000000402
170,0.062349999999923966
170,0.16459999999995034
170,0.17824999999993452
170,0.19920000000001892
170,0.22419999999999618
170,0.25395000000003165
170,0.28930000000002565
170,0.31139999999993506
170,0.3588999999999487
170,0.397199999999998
170,0.6589500000000044
170,0.6976999999999407
170,0.7940999999999576
170,0.8280999999999494
170,0.8869499999999562
170,0.9317999999999529
170,1.0024999999999409
170,1.045349999999985
170,1.0752999999999702
170,1.1244500000000244
170,1.2590999999999894
170,1.3414999999999964
170,1.495649999999955
171,-0.4160500000000411
171,-0.39134999999998854
171,-0.35350000000005366
171,-0.31894999999997253
171,-0.2818499999999631
171,-0.26625000000001364
171,-0.20175000000006094
171,-0.16084999999998217
171,-0.07365000000004329
171,-0.02615000000002965
171,-0.010250000000041837
171,0.013699999999971624
171,0.07785000000001219
171,0.2350500000000011
171,0.3089999999999691
171,0.43724999999994907
171,0.49890000000004875
171,0.5389499999999998
171,0.573099999999954
171,0.6756000000000313
171,0.7169499999999971
171,0.8958999999999833
171,0.9222999999999502
171,1.076599999999985
171,1.1169499999999744
171,1.1535000000000082
171,1.270750000000021
171,1.3007499999999936
171,1.348449999999957
171,1.4820999999999458
172,-0.4279000000000224
172,-0.3698499999999285
172,-0.3089999999999691
172,-0.2502999999999247
172,-0.18859999999995125
172,-0.1573999999999387
172,-0.009599999999977626
172,0.01269999999999527
172,0.03785000000004857
172,0.07510000000002037
172,0.10305000000005293
172,0.13369999999997617
172,0.1594000000000051
172,0.1884499999999889
172,0.21334999999999127
172,0.24045000000000982
172,0.2585500000000138
172,0.2819000000000642
172,0.3131500000000642
172,0.33085000000005493
172,0.3931999999999789
172,0.4413000000000693
172,0.4591000000000349
172,0.48649999999997817
172,0.526299999999992
172,0.5470000000000255
172,0.6272999999999911
172,0.6544000000000096
172,0.6824500000000171
172,0.7234500000000708
172,0.7627499999999827
172,0.7859500000000708
172,0.826650000000086
172,1.0509500000000571
172,1.0788499999999885
172,1.1548999999999978
172,1.1890000000000782
172,1.25750000000005
172,1.273649999999975
172,1.2936500000000706
173,-0.4118499999999585
173,-0.31749999999999545
173,-0.2451499999999669
173,-0.18419999999991887
173,-0.16479999999990014
173,-0.11649999999997362
173,-0.10370000000000346
173,-0.05570000000000164
173,0.01885000000004311
173,0.07654999999999745
173,0.14295000000004165
173,0.16150000000004638
173,0.1947499999999991
173,0.2790500000000975
173,0.3987000000000762
173,0.514850000000024
173,0.5806500000001051
173,0.7150500000000193
173,0.8342499999999973
173,0.8666000000000622
173,0.8782000000001062
173,0.9093500000000176
173,0.9705000000000155
173,1.0512500000000955
173,1.1892500000000155
173,1.2729000000000497
173,1.4531000000000631
174,-0.35284999999987576
174,-0.2715499999999338
174,-0.2569499999999607
174,-0.18894999999997708
174,0.005350000000134969
174,0.038900000000126056
174,0.10925000000008822
174,0.1640500000000884
174,0.1872000000000753
174,0.2001500000001215
174,0.24185000000011314
174,0.25300000000004275
174,0.26785000000006676
174,0.30275000000006
174,0.3277500000000373
174,0.3730000000000473
174,0.3967000000001235
174,0.47155000000009295
174,0.5016000000000531
174,0.5457500000001119
174,0.6329000000000633
174,0.9252000000001317
174,0.9821500000000469
174,1.0017500000001291
174,1.0835000000000719
174,1.1457500000001346
174,1.3360500000001139
174,1.3614500000001044
174,1.4884000000000697
175,-0.4197000000000344
175,-0.36284999999998035
175,-0.32015000000001237
175,-0.2682999999999538
175,-0.17570000000000618
175,-0.12360000000001037
175,-0.09600000000000364
175,-0.036899999999945976
175,0.06839999999999691
175,0.09064999999998236
175,0.12745000000006712
175,0.13769999999999527
175,0.23250000000007276
175,0.2635500000000093
175,0.30844999999999345
175,0.43439999999998236
175,0.48775000000000546
175,0.5394999999999754
175,0.6019999999999754
175,0.6227999999999838
175,0.7248500000000604
175,0.7478499999999713
175,0.8086000000000695
175,1.043450000000007
175,1.1630499999999984
175,1.2875500000000102
175,1.2943500000000085
175,1.3181000000000722
175,1.4434499999999844
175,1.4759000000000242
176,-0.48699999999985266
176,-0.4423499999999194
176,-0.37484999999992397
176,-0.35284999999987576
176,-0.30304999999987103
176,-0.26719999999988886
176,-0.24864999999988413
176,-0.1171999999999116
176,-0.022399999999947795
176,0.01005000000009204
176,0.0824000000001206
176,0.11735000000010132
176,0.1520500000001448
176,0.20815000000004602
176,0.39970000000005257
176,0.5433500000001459
176,0.5896500000001197
176,0.6625000000001364
176,0.7942000000000462
176,0.820850000000064
176,0.8841000000001031
176,0.9155000000000655
176,1.1316000000000486
176,1.1660000000000537
176,1.303600000000074
176,1.3198000000001002
176,1.3618500000001177
176,1.4671500000000606
177,-0.28215000000000146
177,-0.1727499999999509
177,-0.12894999999991796
177,-0.05605000000002747
177,0.014999999999986358
177,0.07730000000003656
177,0.14975000000004002
177,0.1632000000000744
177,0.3153500000000804
177,0.35410000000001673
177,0.452350000000024
177,0.6226500000000215
177,0.7531500000000051
177,0.8565499999999702
177,0.9444500000000744
177,0.9787000000000035
177,1.0740000000000691
177,1.1904000000000678
177,1.225400000000036
177,1.3540500000000293
177,1.4021000000000186
177,1.4347500000000082
178,-0.39104999999995016
178,-0.37229999999999563
178,-0.31074999999998454
178,-0.12654999999995198
178,0.011650000000031469
178,0.04320000000006985
178,0.15190000000006876
178,0.22430000000008476
178,0.25130000000001473
178,0.3521500000000515
178,0.38875000000007276
178,0.3999499999999898
178,0.4421500000000833
178,0.49555000000009386
178,0.5655500000000302
178,0.7915000000000418
178,0.86525000000006
178,0.8763000000000147
178,0.9179500000000189
178,0.9771500000000515
178,1.1451000000000704
178,1.309349999999995
178,1.4578500000000076
178,1.4868999999999915
179,-0.4178999999999178
179,-0.37369999999998527
179,-0.3393499999999676
179,-0.323949999999968
179,-0.2362999999999147
179,-0.1647499999999127
179,-0.12674999999990177
179,-0.11574999999993452
179,-0.09694999999999254
179,-0.04829999999992651
179,-0.010149999999953252
179,0.08140000000003056
179,0.10325000000000273
179,0.15525000000002365
179,0.20150000000001
179,0.23765000000003056
179,0.25815000000011423
179,0.38360000000011496
179,0.541300000000092
179,0.5829000000001088
179,0.6038500000000795
179,0.6723500000000513
179,0.787200000000098
179,0.9043500000000222
179,0.9642500000001064
179,0.9759000000000242
179,0.9986500000001115
179,1.0701500000000124
179,1.0999500000000353
179,1.1779000000000224
179,1.2540500000000065
179,1.334100000000035
179,1.4993500000000495
180,-0.47185000000001764
180,-0.45974999999998545
180,-0.4084500000000162
180,-0.36514999999997144
180,-0.33589999999992415
180,-0.2901999999999134
180,-0.26404999999999745
180,-0.1985499999999547
180,-0.04509999999993397
180,0.028599999999983083
180,0.04180000000008022
180,0.12780000000009295
180,0.40115000000002965
180,0.42984999999998763
180,0.5420500000000175
180,0.6526999999999816
180,0.7131500000000415
180,0.8250000000000455
180,0.9672500000000355
180,1.052850000000035
180,1.0621500000000879
180,1.2276000000000522
180,1.2964500000000498
180,1.3328500000000076
180,1.3566000000000713
180,1.3815000000000737
180,1.3971500000000106
180,1.434500000000071
181,-0.3859499999999798
181,-0.3484999999999445
181,-0.2635999999999967
181,-0.13889999999992142
181,-0.09679999999991651
181,-0.05779999999992924
181,0.002299999999991087
181,0.007550000000037471
181,0.07370000000003074
181,0.10424999999997908
181,0.12115000000005693
181,0.13949999999999818
181,0.1994000000000824
181,0.27490000000000236
181,0.4971500000000333
181,0.690050000000042
181,0.7167000000000598
181,0.7705500000000711
181,0.7919500000000426
181,0.9430500000000848
181,0.9852500000000646
181,1.1098000000000638
181,1.1629500000000235
181,1.3678499999999758
181,1.4556499999999915
182,-0.4904500000000098
182,-0.4655999999999949
182,-0.45060000000000855
182,-0.38900000000001
182,-0.3746999999999616
182,-0.32519999999999527
182,-0.24384999999995216
182,-0.2296000000000049
182,-0.20124999999995907
182,-0.15954999999996744
182,-0.10424999999997908
182,-0.05380000000002383
182,-0.006250000000022737
182,0.048249999999939064
182,0.0817499999999427
182,0.10135000000002492
182,0.13274999999998727
182,0.2438999999999396
182,0.281949999999938
182,0.3170499999999947
182,0.3713999999999942
182,0.39039999999999964
182,0.4615999999999758
182,0.4823499999999967
182,0.5275000000000318
182,0.561649999999986
182,0.5741500000000315
182,0.6516000000000304
182,0.6968500000000404
182,0.7654999999999745
182,0.8237000000000307
182,0.8410999999999831
182,0.9236999999999398
182,0.9430499999999711
182,0.9990000000000236
182,1.014699999999948
182,1.0422499999999673
182,1.1206999999999425
182,1.1435500000000047
182,1.218499999999949
182,1.2729000000000497
182,1.2926499999999805
182,1.3339999999999463
182,1.4032499999999573
182,1.455699999999979
182,1.478749999999991
183,-0.3883500000000595
183,-0.2574500000000626
183,-0.169399999999996
183,-0.10355000000004111
183,-0.0666999999999689
183,-0.014499999999998181
183,0.04245000000003074
183,0.0775499999999738
183,0.12035000000003038
183,0.2257999999999356
183,0.39809999999999945
183,0.6339000000000397
183,0.7142499999999927
183,0.7456999999999425
183,0.8917000000000144
183,0.9105999999999312
183,0.9594999999999345
183,0.9932000000000016
183,1.089650000000006
183,1.116049999999973
183,1.161049999999932
183,1.175049999999942
183,1.2872999999999593
183,1.333250000000021
183,1.4046499999999469
183,1.4356500000000096
184,-0.3974999999999227
184,-0.35989999999992506
184,-0.307549999999992
184,-0.18364999999994325
184,-0.15839999999991505
184,-0.12274999999999636
184,-0.0667999999999438
184,-0.02874999999994543
184,0.028450000000020736
184,0.0884000000000924
184,0.14390000000003056
184,0.17775000000006003
184,0.21585000000004584
184,0.2418999999999869
184,0.2497000000000753
184,0.27015000000005784
184,0.2872500000000855
184,0.34760000000005675
184,0.44410000000004857
184,0.4869500000000926
184,0.5075500000000375
184,0.5362499999999955
184,0.6255500000000893
184,0.6453000000000202
184,0.6595000000000937
184,0.6795500000000629
184,0.7538000000000693
184,0.7744500000000016
184,0.8541999999999916
184,0.9254000000000815
184,0.964650000000006
184,1.028850000000034
184,1.1651500000000397
184,1.2619500000000698
184,1.362850000000094
185,-0.37914999999986776
185,-0.3506999999999607
185,-0.33524999999985994
185,-0.31369999999992615
185,-0.2779499999999189
185,-0.24364999999988868
185,-0.22129999999992833
185,-0.2078999999998814
185,-0.14084999999988668
185,-0.10224999999991269
185,-0.06969999999989795
185,-0.06259999999986121
185,0.01770000000010441
185,0.03445000000010623
185,0.06670000000008258
185,0.14390000000014425
185,0.3121000000001004
185,0.4554000000000542
185,0.4914000000001124
185,0.5310500000000502
185,0.558550000000082
185,0.5862500000000637
185,0.6924500000001217
185,0.7111000000001013
185,0.7726500000001124
185,0.8067500000000791
185,0.8423000000001366
185,0.8660500000000866
185,0.9154000000000906
185,0.9278500000000349
185,0.9879500000000689
185,1.0350500000000693
185,1.0707500000000891
185,1.0933500000001004
185,1.1092500000000882
185,1.1537000000000717
185,1.4332500000000437
186,-0.47764999999992597
186,-0.4373999999999114
186,-0.4269499999999198
186,-0.3923499999999649
186,-0.36789999999996326
186,-0.34189999999989595
186,-0.30749999999989086
186,-0.28244999999992615
186,-0.24554999999998017
186,-0.19744999999988977
186,-0.1823499999999285
186,-0.1727499999999509
186,-0.14789999999993597
186,-0.124149999999986
186,-0.06544999999994161
186,-0.027199999999879765
186,-0.011649999999917782
186,0.028750000000059117
186,0.06510000000002947
186,0.0826000000000704
186,0.10705000000007203
186,0.16980000000012296
186,0.22965000000010605
186,0.30770000000006803
186,0.36790000000007694
186,0.3850000000001046
186,0.4183500000000322
186,0.4579500000000962
186,0.48395000000004984
186,0.49775000000011005
186,0.5641500000000406
186,0.6388000000000602
186,0.7981000000000904
186,0.8732500000000982
186,0.9435500000000729
186,0.9871500000000424
186,1.0318500000000768
186,1.136000000000081
186,1.239500000000021
186,1.2950500000000602
186,1.3892000000000735
186,1.4285500000000866
186,1.4670500000000857
187,-0.46489999999994325
187,-0.4345499999999447
187,-0.4129999999998972
187,-0.2767499999999927
187,-0.2592499999999518
187,-0.15564999999992324
187,-0.07639999999992142
187,-0.057249999999953616
187,0.11860000000001492
187,0.15985000000000582
187,0.236850000000004
187,0.36865000000000236
187,0.38885000000004766
187,0.44420000000002346
187,0.459699999999998
187,0.502800000000093
187,0.5375500000000102
187,0.5523500000000467
187,0.5792500000000018
187,0.6037000000000035
187,0.7529500000000553
187,0.7786500000000842
187,0.7990500000000793
187,0.8389000000000806
187,0.9086000000000922
187,0.9376000000000886
187,1.0230000000000246
187,1.1023000000000138
187,1.1400000000001
187,1.1758500000000822
187,1.339800000000082
187,1.3855000000000928
187,1.4597500000000991
188,-0.4326499999999669
188,-0.4122499999999718
188,-0.364400000000046
188,-0.33654999999998836
188,-0.3176499999999578
188,-0.2512500000000273
188,-0.15935000000001764
188,-0.10429999999996653
188,-0.05420000000003711
188,0.002349999999978536
188,0.04464999999993324
188,0.07439999999996871
188,0.14210000000002765
188,0.2664999999999509
188,0.3119500000000244
188,0.40125000000000455
188,0.4213999999999487
188,0.5011499999999387
188,0.5375999999999976
188,0.6214999999999691
188,0.6787500000000364
188,0.7361499999999523
188,0.7645999999999731
188,0.8416499999999587
188,0.9379000000000133
188,0.9665499999999838
188,0.9838999999999487
188,1.0181499999999915
188,1.13149999999996
188,1.1630499999999984
188,1.2462000000000444
188,1.2957999999999856
188,1.3371999999999389
188,1.385499999999979
188,1.437400000000025
189,-0.47059999999999036
189,-0.30434999999999945
189,-0.27664999999990414
189,-0.23764999999991687
189,-0.2216999999999416
189,-0.2049499999999398
189,-0.1683499999999185
189,-0.14159999999992579
189,0.04455000000007203
189,0.07800000000008822
189,0.10395000000005439
189,0.1256500000000642
189,0.19955000000004475
189,0.29034999999998945
189,0.41945000000009713
189,0.44069999999999254
189,0.46640000000002146
189,0.48440000000005057
189,0.5351500000000442
189,0.5698500000000877
189,0.6514000000000806
189,0.7239000000000715
189,0.8342499999999973
189,0.89224999999999
189,0.9199000000000979
189,1.0009000000000015
189,1.0942500000001019
189,1.1145999999999958
189,1.2717499999999973
189,1.2906000000000404
189,1.4119000000000597
189,1.435200000000009
189,1.463799999999992
190,-0.48224999999990814
190,-0.39964999999995143
190,-0.38944999999989705
190,-0.35569999999995616
190,-0.27169999999989614
190,-0.19364999999993415
190,-0.163599999999974
190,0.06560000000001764
190,0.11245000000008076
190,0.13955000000009932
190,0.16285000000004857
190,0.23120000000005803
190,0.26005000000009204
190,0.32625000000007276
190,0.3411500000000842
190,0.398900000000026
190,0.4370499999999993
190,0.5042000000000826
190,0.5567000000000917
190,0.5743000000001075
190,0.5944000000000642
190,0.6461500000000342
190,0.6959000000000515
190,0.7301000000001068
190,0.7924000000000433
190,0.8040500000000748
190,0.8187500000000227
190,0.8570000000000846
190,0.9433500000000095
190,0.9581000000000586
190,0.9908000000000357
190,1.086650000000077
190,1.2475000000000591
190,1.2992000000000417
190,1.369100000000003
191,-0.4966499999999314
191,-0.46994999999992615
191,-0.4214999999999236
191,-0.37524999999993724
191,-0.31149999999990996
191,-0.2789499999998952
191,-0.25119999999992615
191,-0.22559999999987213
191,-0.19644999999991342
191,-0.14284999999995307
191,-0.10904999999991105
191,-0.09989999999993415
191,-0.05799999999987904
191,0.0035000000001446097
191,0.1370000000000573
191,0.18230000000005475
191,0.2526500000001306
191,0.2892500000001519
191,0.33170000000006894
191,0.3698500000000422
191,0.3948000000001457
191,0.5006500000000642
191,0.6328000000000884
191,0.70900000000006
191,0.743050000000153
191,0.7837500000000546
191,0.8640500000001339
191,0.8732500000000982
191,0.8920500000000402
191,0.9115000000000464
191,0.93850000000009
191,0.9675000000000864
191,0.984700000000089
191,1.0317000000001144
191,1.0566500000001042
191,1.0733500000001186
191,1.0991500000001224
191,1.1411000000000513
191,1.1739500000001044
191,1.2369000000001051
191,1.2666000000000395
191,1.2777500000000828
191,1.2960500000001502
191,1.3496000000001231
191,1.3838500000000522
191,1.4568000000000438
191,1.4962000000000444
192,-0.4739999999999327
192,-0.4528500000000122
192,-0.4290499999999611
192,-0.28634999999997035
192,-0.18894999999997708
192,-0.1500499999999647
192,-0.059399999999982356
192,-0.048249999999939064
192,0.008000000000038199
192,0.0653500000000804
192,0.30664999999999054
192,0.32875000000001364
192,0.4681500000000369
192,0.4862500000000409
192,0.5373500000000604
192,0.5749000000000706
192,0.6280500000000302
192,0.741800000000012
192,0.8694500000000289
192,0.9077500000000782
192,0.9336500000000569
192,0.9850000000000136
192,0.996050000000082
192,1.0516000000000076
192,1.0694500000000744
192,1.089650000000006
192,1.110900000000015
192,1.1348500000000286
192,1.1578000000000657
192,1.1808500000000777
192,1.2115499999999884
192,1.2434000000000651
192,1.2603500000000167
192,1.2991000000000668
192,1.3129000000000133
192,1.3301500000000033
192,1.3450500000000147
192,1.365099999999984
192,1.3983500000000504
192,1.4230000000000018
192,1.4309500000000526
192,1.4539500000000771
193,-0.44814999999994143
193,-0.389699999999948
193,-0.37144999999998163
193,-0.3253499999999576
193,-0.2307499999999436
193,-0.17814999999995962
193,-0.11694999999997435
193,-0.0596499999999196
193,0.062250000000062755
193,0.11025000000006457
193,0.16725000000008095
193,0.1782500000000482
193,0.18580000000008567
193,0.2428500000000895
193,0.2741000000000895
193,0.31055000000003474
193,0.5323500000000649
193,0.5754500000000462
193,0.7700000000000955
193,0.9183000000000447
193,0.9529500000001008
193,1.0549000000000888
193,1.097400000000107
193,1.1311000000000604
193,1.2147000000001071
193,1.2647500000000491
193,1.325800000000072
193,1.3457500000000664
193,1.404700000000048
193,1.4802500000000691
194,-0.48339999999996053
194,-0.3510999999998603
194,-0.33559999999988577
194,-0.31104999999990923
194,-0.2920499999999038
194,-0.25644999999985885
194,-0.22669999999993706
194,-0.11059999999986303
194,-0.07544999999993252
194,-4.9999999873762135e-05
194,0.03965000000005148
194,0.08435000000008586
194,0.23845000000005712
194,0.32265000000006694
194,0.3316500000000815
194,0.35045000000013715
194,0.39560000000005857
194,0.43250000000011823
194,0.4631500000000415
194,0.6343000000000529
194,0.8880500000001348
194,0.924750000000131
194,1.0213500000000977
194,1.0926000000000613
194,1.1054500000001326
194,1.1413500000001022
194,1.1610000000000582
194,1.2027500000000373
194,1.21225000000004
194,1.2300000000001319
194,1.267650000000117
194,1.3189000000000988
194,1.3971000000001368
194,1.4260000000000446
194,1.484700000000089
195,-0.4804500000000189
195,-0.44909999999993033
195,-0.4257999999999811
195,-0.39400000000000546
195,-0.3488999999999578
195,-0.3310999999999922
195,-0.18589999999994689
195,-0.059049999999956526
195,0.056850000000054024
195,0.30275000000006
195,0.3443499999999631
195,0.42555000000004384
195,0.47249999999996817
195,0.508199999999988
195,0.6155499999999847
195,0.6714500000000498
195,0.7222500000000309
195,0.7585500000000138
195,0.8272000000000617
195,0.8490000000000464
195,0.8713500000000067
195,0.9147000000000389
195,1.1353500000000167
195,1.2045000000000528
195,1.2398000000000593
195,1.261600000000044
195,1.301649999999995
195,1.3310000000000173
195,1.3909499999999753
195,1.4274500000000216
195,1.4501500000000078
195,1.474800000000073
195,1.4988500000000613
196,-0.4912500000000364
196,-0.38850000000002183
196,-0.3417500000000473
196,-0.2999499999999671
196,-0.2937500000000455
196,-0.22725000000002638
196,-0.15629999999998745
196,-0.0006499999999505235
196,0.024850000000014916
196,0.06725000000005821
196,0.11750000000006366
196,0.183400000000006
196,0.19275000000004638
196,0.21680000000003474
196,0.2762000000000171
196,0.33130000000005566
196,0.36294999999995525
196,0.41724999999996726
196,0.4545500000000402
196,0.4828499999999849
196,0.5253500000000031
196,0.6358000000000175
196,0.752399999999966
196,0.7798500000000104
196,0.823099999999954
196,0.8908000000000129
196,0.9196500000000469
196,0.9493499999999813
196,0.9861499999999523
196,1.124149999999986
196,1.1813499999999522
196,1.2054500000000417
196,1.2874500000000353
196,1.3496000000000095
196,1.4041499999999587
196,1.4931500000000142
197,-0.43425000000002
197,-0.3884499999999207
197,-0.3356499999999869
197,-0.2905999999999267
197,-0.2268500000000131
197,-0.1643500000000131
197,-0.1270999999999276
197,-0.08109999999999218
197,-9.999999997489795e-05
197,0.07280000000002929
197,0.09980000000007294
197,0.12545000000000073
197,0.16084999999998217
197,0.19069999999999254
197,0.20289999999999964
197,0.2767999999999802
197,0.30214999999998327
197,0.34025000000008276
197,0.38055000000008476
197,0.41515000000003965
197,0.5539499999999862
197,0.6050500000000056
197,0.8115999999999985
197,0.8297000000000025
197,0.9032000000000835
197,0.9231500000000779
197,0.9592999999999847
197,0.9977999999999838
197,1.015800000000013
197,1.078300000000013
197,1.3408500000000458
197,1.4091500000000678
197,1.4297000000000253
197,1.46875
198,-0.49424999999996544
198,-0.4668499999999085
198,-0.4372999999999365
198,-0.3503499999999349
198,-0.3200499999999238
198,-0.2960999999999103
198,-0.1253999999998996
198,-0.01174999999989268
198,0.1721500000001015
198,0.2727500000000873
198,0.39925000000005184
198,0.5175500000000284
198,0.5361000000000331
198,0.5713500000000522
198,0.6314000000000988
198,0.6730000000001155
198,0.6919000000000324
198,0.7490000000000236
198,0.8236000000000558
198,0.8968500000000859
198,0.9527500000000373
198,0.9869000000001051
198,1.0152000000000498
198,1.1294500000000198
198,1.199100000000044
198,1.2258000000000493
198,1.2737500000000637
198,1.2949000000000979
198,1.3201500000000124
198,1.3443500000000768
198,1.348950000000059
198,1.3572000000000344
198,1.390950000000089
198,1.416300000000092
199,-0.46545000000003256
199,-0.4247500000000173
199,-0.3867000000000189
199,-0.3762500000000273
199,-0.35104999999998654
199,-0.324100000000044
199,-0.3048000000000002
199,-0.28435000000001764
199,-0.25405000000000655
199,-0.2478999999999587
199,-0.23725000000001728
199,-0.22765000000003965
199,-0.19974999999999454
199,-0.17449999999996635
199,-0.13115000000004784
199,-0.11244999999996708
199,-0.031050000000050204
199,0.009900000000016007
199,0.0796500000000151
199,0.1127999999999929
199,0.12175000000002001
199,0.13085000000000946
199,0.16155000000003383
199,0.18079999999997654
199,0.21699999999998454
199,0.2431500000000142
199,0.2691499999999678
199,0.30174999999997
199,0.31759999999997035
199,0.3307999999999538
199,0.36855000000002747
199,0.37704999999994016
199,0.3999499999999898
199,0.43425000000002
199,0.4610500000000002
199,0.4972500000000082
199,0.5105499999999665
199,0.6107499999999391
199,0.6335000000000264
199,0.6539999999999964
199,0.6744999999999663
199,0.7017999999999347
199,0.7136000000000422
199,0.7811500000000251
199,0.8361999999999625
199,0.8523500000000013
199,0.8840999999999894
199,0.9496500000000196
199,0.9981500000000096
199,1.0799499999999398
199,1.1394000000000233
199,1.1725999999999885
199,1.198949999999968
199,1.2093499999999722
199,1.2261499999999614
199,1.2363500000000158
199,1.2675500000000284
199,1.3075999999999794
199,1.3559000000000196
199,1.393850000000043
199,1.494799999999941
200,-0.49959999999987303
200,-0.47174999999992906
200,-0.45164999999985866
200,-0.430849999999964
200,-0.4158999999999651
200,-0.3949999999998681
200,-0.3262999999999465
200,-0.2778999999999314
200,-0.18059999999991305
200,-0.16734999999994216
200,-0.13199999999994816
200,-0.09554999999988922
200,-0.07654999999988377
200,-0.01959999999996853
200,0.015700000000038017
200,0.03220000000010259
200,0.08855000000005475
200,0.13235000000008768
200,0.1738500000001295
200,0.2634500000000344
200,0.3086000000000695
200,0.3838500000000522
200,0.4126000000001113
200,0.4408500000000686
200,0.4613000000000511
200,0.51175000000012
200,0.5310000000000628
200,0.6552000000000362
200,0.7677500000000919
200,0.8033000000000357
200,0.8092500000001337
200,0.8589500000000498
200,1.0806500000001051
200,1.1488500000000386
200,1.1635500000001002
200,1.2230500000000575
200,1.388300000000072
200,1.4604000000000497
200,1.4975000000000591
201,-0.4680999999999358
201,-0.4152999999998883
201,-0.38839999999993324
201,-0.2109499999999116
201,-0.1788499999998976
201,-0.06554999999991651
201,-0.027099999999904867
201,0.030850000000100408
201,0.09335000000010041
201,0.11825000000010277
201,0.14755000000002383
201,0.1553000000000111
201,0.2577000000001135
201,0.27805000000012114
201,0.2976000000001022
201,0.34865000000002055
201,0.5431500000000824
201,0.5671500000000833
201,0.5963500000000295
201,0.6239000000000487
201,0.6924000000000206
201,1.068450000000098
201,1.4183500000000322
202,-0.48804999999993015
202,-0.4567499999999427
202,-0.42469999999991614
202,-0.4067000000000007
202,-0.3982499999999618
202,-0.32129999999995107
202,-0.3007000000000062
202,-0.16249999999990905
202,-0.032999999999901775
202,0.022700000000099863
202,0.08725000000004002
202,0.10445000000004256
202,0.2891500000000633
202,0.3592500000000882
202,0.5143000000000484
202,0.6275000000000546
202,0.8106500000000096
202,0.8835500000000138
202,0.9238500000000158
202,1.134900000000016
202,1.1817500000000791
202,1.2047000000000025
202,1.3227000000000544
202,1.3439500000000635
202,1.3623000000000047
202,1.4165500000000293
202,1.471400000000017
203,-0.4825499999999465
203,-0.46119999999996253
203,-0.411200000000008
203,-0.379950000000008
203,-0.3522500000000264
203,-0.3335499999999456
203,-0.2691499999999678
203,-0.22489999999993415
203,-0.20764999999994416
203,-0.14314999999999145
203,-0.1180499999999256
203,-0.08465000000001055
203,-0.036949999999933425
203,0.020800000000008367
203,0.03550000000007003
203,0.11395000000004529
203,0.2916500000000042
203,0.35874999999998636
203,0.41925000000003365
203,0.5275500000000193
203,0.5727500000000418
203,0.5820499999999811
203,0.6743999999999915
203,0.9550500000000284
203,0.9765499999999747
203,1.0460500000000366
203,1.0676500000000715
203,1.0876500000000533
203,1.1211000000000695
203,1.1971500000000788
203,1.2232500000000073
203,1.245300000000043
203,1.3169000000000324
203,1.383950000000027
203,1.4009500000000799
204,-0.47574999999994816
204,-0.4596999999998843
204,-0.4212999999999738
204,-0.35159999999996217
204,-0.13419999999996435
204,-0.11829999999997654
204,0.024100000000089494
204,0.08285000000000764
204,0.16970000000003438
204,0.2544500000000198
204,0.28500000000008185
204,0.36255000000005566
204,0.48355000000003656
204,0.5190500000001066
204,0.6659500000000662
204,0.7367500000000291
204,0.7888500000000249
204,0.8332000000000335
204,1.0243500000000267
204,1.175350000000094
204,1.2157000000000835
204,1.31675000000007
204,1.3922000000001162
204,1.4255000000000564
204,1.4494000000000824
205,-0.47699999999997544
205,-0.45944999999994707
205,-0.2998999999999796
205,-0.23500000000001364
205,-0.1503500000000031
205,-0.09709999999995489
205,-0.06290000000001328
205,0.12284999999997126
205,0.18375000000003183
205,0.2066499999999678
205,0.2887000000000626
205,0.29579999999998563
205,0.526450000000068
205,0.6366500000000315
205,0.7939499999999953
205,0.8673999999999751
205,1.1219499999999698
205,1.139949999999999
205,1.2932000000000698
205,1.3220999999999776
205,1.3441500000000133
205,1.4159000000000788
205,1.4501999999999953
205,1.4814499999999953
205,1.4889500000000453
206,-0.453899999999976
206,-0.43335000000001855
206,-0.4058499999999867
206,-0.29795000000001437
206,-0.27064999999993233
206,-0.20879999999999654
206,-0.17295000000001437
206,-0.11744999999996253
206,-0.059799999999995634
206,-0.0007999999999128704
206,0.08875000000000455
206,0.24975000000006276
206,0.3573999999999842
206,0.4355000000000473
206,0.46375000000000455
206,0.6052500000000691
206,0.6311500000000478
206,0.7432999999999765
206,0.926050000000032
206,1.0330999999999904
206,1.1140000000000327
206,1.295400000000086
207,-0.48794999999995525
207,-0.47109999999997854
207,-0.4379999999999882
207,-0.3977499999999736
207,-0.3716499999999314
207,-0.35029999999994743
207,-0.3020000000000209
207,-0.20939999999995962
207,-0.14464999999995598
207,-0.13765000000000782
207,-0.08709999999996398
207,-0.032100000000014006
207,0.007000000000061846
207,0.14240000000006603
207,0.22585000000003674
207,0.3304000000000542
207,0.3528999999999769
207,0.410349999999994
207,0.4995000000000118
207,0.5332000000000789
207,0.9484499999999798
207,0.9845500000000129
207,1.1510500000000548
207,1.2536499999999933
207,1.2719500000000608
208,-0.4800999999999931
208,-0.44534999999996217
208,-0.4230999999999767
208,-0.4065500000000384
208,-0.3636500000000069
208,-0.3415499999999838
208,-0.31884999999999764
208,-0.28205000000002656
208,-0.23414999999999964
208,-0.21889999999996235
208,-0.19335000000000946
208,-0.16989999999998417
208,-0.139850000000024
208,-0.13030000000003383
208,-0.02615000000002965
208,0.025600000000054024
208,0.047100000000000364
208,0.13094999999998436
208,0.1531999999999698
208,0.24964999999997417
208,0.29909999999995307
208,0.31349999999997635
208,0.34349999999994907
208,0.3993000000000393
208,0.4729499999999689
208,0.6977500000000418
208,0.8317500000000564
208,0.8603500000000395
208,0.9104999999999563
208,1.0532500000000482
208,1.1157500000000482
208,1.1688500000000204
208,1.2001999999999953
208,1.2689000000000306
208,1.4175000000000182
209,-0.47119999999995343
209,-0.45954999999992197
209,-0.45544999999992797
209,-0.44399999999996
209,-0.36999999999989086
209,-0.2972499999999627
209,-0.2270499999999629
209,-0.15719999999987522
209,-0.14009999999996126
209,0.07720000000006166
209,0.17505000000005566
209,0.19185000000004493
209,0.23095000000012078
209,0.26050000000009277
209,0.2782000000000835
209,0.29970000000002983
209,0.31910000000004857
209,0.3680500000000393
209,0.43660000000011223
209,0.4432000000000471
209,0.4659000000000333
209,0.5126000000001341
209,0.5268000000000939
209,0.5365000000000464
209,0.5773500000001377
209,0.6345500000001039
209,0.668100000000095
209,0.7176000000000613
209,0.7345500000001266
209,0.802150000000097
209,0.840050000000133
209,0.9020500000000311
209,1.0104000000001179
209,1.1017000000000507
209,1.1789000000001124
209,1.2145000000000437
209,1.291300000000092
209,1.3055000000000518
209,1.4192500000000337
209,1.4630000000000791
210,-0.49680000000000746
210,-0.4783999999999651
210,-0.4300999999999249
210,-0.4110999999999194
210,-0.3725499999999329
210,-0.35140000000001237
210,-0.29319999999995616
210,-0.2876499999999851
210,-0.2420999999999367
210,-0.16009999999994307
210,-0.139850000000024
210,-0.08785000000000309
210,-0.035399999999981446
210,0.00975000000005366
210,0.035750000000007276
210,0.10220000000003893
210,0.14020000000004984
210,0.1624500000000353
210,0.22175000000004275
210,0.2536999999999807
210,0.2694500000000062
210,0.351949999999988
210,0.39494999999999436
210,0.42870000000004893
210,0.44715000000007876
210,0.5192000000000689
210,0.5411000000000286
210,0.5725499999999784
210,0.5927000000000362
210,0.6229500000000598
210,0.6490999999999758
210,0.7816500000000133
210,0.8380500000000666
210,0.9200500000000602
210,0.9559500000000298
210,1.0448000000000093
210,1.0710000000000264
210,1.1593500000000176
210,1.2032500000000255
210,1.3072500000000673
210,1.3575500000000602
210,1.4385500000000775
210,1.4551500000000033
211,-0.32749999999998636
211,-0.1928499999999076
211,-0.04474999999990814
211,-0.009950000000003456
211,0.02140000000008513
211,0.045200000000022555
211,0.056500000000028194
211,0.12970000000007076
211,0.22650000000010095
211,0.29540000000008604
211,0.35210000000006403
211,0.3745000000000118
211,0.407100000000014
211,0.5030000000000427
211,0.6281000000000176
211,0.6959500000000389
211,0.8395000000000437
211,0.8680500000000393
211,0.8876000000000204
211,0.9169000000000551
211,0.9498000000000957
211,0.9709500000000162
211,1.0349500000000944
211,1.0686000000000604
211,1.0943500000000768
211,1.1948500000000877
211,1.3011000000000195
211,1.3283500000000004
211,1.3626500000000306
211,1.4504500000000462
212,-0.49339999999995143
212,-0.46509999999989304
212,-0.4220999999998867
212,-0.38924999999994725
212,-0.35239999999987504
212,-0.3247999999998683
212,-0.2866999999998825
212,-0.24204999999994925
212,-0.1966499999998632
212,-0.17899999999985994
212,-0.14649999999994634
212,-0.11754999999993743
212,-0.09939999999994598
212,-0.08454999999992197
212,0.15620000000012624
212,0.2305500000001075
212,0.25270000000011805
212,0.2884000000001379
212,0.3550500000001193
212,0.5320500000001402
212,0.5979500000000826
212,0.8350500000001375
212,0.9515000000001237
212,1.1480500000001257
212,1.228800000000092
212,1.257650000000126
212,1.3342000000001235
212,1.3709000000001197
212,1.433550000000082
213,-0.4888499999999567
213,-0.44489999999996144
213,-0.3621499999999287
213,-0.2545499999999947
213,-0.16485000000000127
213,-0.11664999999993597
213,0.00760000000002492
213,0.07789999999999964
213,0.14175000000000182
213,0.21375000000000455
213,0.5521499999999833
213,0.5696500000000242
213,0.5860999999999876
213,0.6372499999999945
213,0.7326000000000477
213,0.8047000000000253
213,0.8985000000000127
213,0.9333500000000186
213,0.9872000000000298
213,1.0283000000000584
213,1.064300000000003
213,1.1093500000000631
213,1.162300000000073
213,1.18100000000004
213,1.2159000000000333
213,1.2539000000000442
213,1.2745499999999765
213,1.3625000000000682
213,1.3729500000000598
213,1.3938000000000557
213,1.4214000000000624
213,1.4282000000000608
213,1.4529999999999745
213,1.492650000000026
214,-0.4545500000000402
214,-0.43430000000000746
214,-0.41830000000004475
214,-0.3813000000000102
214,-0.3391500000000178
214,-0.33244999999999436
214,-0.2866000000000213
214,-0.24395000000004075
214,-0.2024499999999989
214,-0.1865500000000111
214,-0.16589999999996508
214,-0.1397500000000491
214,-0.11590000000001055
214,-0.09519999999997708
214,-0.06074999999998454
214,-0.022349999999960346
214,0.011549999999942884
214,0.07539999999994507
214,0.1079499999999598
214,0.11459999999999582
214,0.13570000000004256
214,0.17020000000002256
214,0.19005000000004202
214,0.21339999999997872
214,0.2289499999999407
214,0.2599999999999909
214,0.29034999999998945
214,0.30949999999995725
214,0.38170000000002346
214,0.43944999999996526
214,0.5225500000000238
214,0.5625
214,0.5815499999999929
214,0.5964999999999918
214,0.616649999999936
214,0.6796500000000378
214,0.726949999999988
214,0.7740999999999758
214,0.7993999999999915
214,0.8640500000000202
214,0.90300000000002
214,0.9186999999999443
214,0.9456500000000005
214,0.9884499999999434
214,1.0421499999999924
214,1.064300000000003
214,1.0775499999999738
214,1.1145500000000084
214,1.2708499999999958
214,1.4368499999999358
214,1.4605000000000246
215,-0.4492499999998927
215,-0.4009999999999536
215,-0.3352499999999736
215,-0.3086999999999307
215,-0.2388499999999567
215,-0.18394999999998163
215,-0.13239999999996144
215,-0.10169999999993706
215,-0.019549999999981083
215,0.02650000000005548
215,0.07400000000006912
215,0.09225000000003547
215,0.11380000000008295
215,0.12250000000005912
215,0.14830000000006294
215,0.19700000000011642
215,0.22095000000012988
215,0.24355000000002747
215,0.2677000000001044
215,0.3156500000001188
215,0.34050000000002
215,0.3634500000000571
215,0.38800000000003365
215,0.40380000000004657
215,0.42250000000012733
215,0.45515000000011696
215,0.46850000000006276
215,0.5038500000000568
215,0.5248000000000275
215,0.5373500000000604
215,0.5690500000000611
215,0.59150000000011
215,0.6071500000000469
215,0.6632500000000618
215,0.7018000000000484
215,0.727950000000078
215,0.7836000000000922
215,0.8189500000000862
215,0.8311000000001059
215,0.8612000000000535
215,0.8733000000000857
215,0.9127500000000737
215,0.9577000000000453
215,1.022600000000125
215,1.0315500000000384
215,1.0999000000000478
215,1.2642000000000735
215,1.3359000000000378
215,1.4611500000000888
216,-0.40209999999990487
216,-0.14184999999997672
216,-0.09339999999997417
216,-0.06989999999996144
216,-0.05634999999995216
216,-0.027949999999918873
216,0.004050000000006548
216,0.05625000000009095
216,0.06800000000009732
216,0.09580000000005384
216,0.1247000000000753
216,0.1532000000000835
216,0.16980000000000928
216,0.22040000000004056
216,0.2790500000000975
216,0.3029500000000098
216,0.32970000000000255
216,0.3489000000000715
216,0.5589500000000953
216,0.6010500000001002
216,0.7178499999999985
216,0.7372500000000173
216,0.7714500000000726
216,0.8507000000000744
216,0.8727499999999964
216,0.8984000000000378
216,0.9483999999999924
216,0.9958000000000311
216,1.0252500000000282
216,1.1548999999999978
216,1.242050000000063
216,1.422550000000001
216,1.4550500000000284
217,-0.43144999999992706
217,-0.37649999999996453
217,-0.3226999999999407
217,-0.2907999999998765
217,-0.25014999999996235
217,-0.22659999999996217
217,-0.2110499999998865
217,-0.11539999999990869
217,-0.10459999999989122
217,-0.06214999999997417
217,-0.03794999999990978
217,0.031700000000114414
217,0.09035000000005766
217,0.10800000000006094
217,0.16670000000010532
217,0.19660000000010314
217,0.21525000000008276
217,0.2953500000000986
217,0.3352500000000873
217,0.37390000000004875
217,0.4112000000001217
217,0.48480000000006385
217,0.5289500000001226
217,0.557100000000105
217,0.5904500000000326
217,0.6727500000000646
217,0.6836500000000569
217,0.7214000000000169
217,0.7465000000000828
217,0.7901000000000522
217,0.870200000000068
217,0.9585000000000719
217,0.9775000000000773
217,0.9985500000000229
217,1.0225500000000238
217,1.0564500000000407
217,1.125150000000076
217,1.161450000000059
217,1.2061500000000933
217,1.4479500000001053
218,-0.4048999999999978
218,-0.37135000000000673
218,-0.3346000000000231
218,-0.21079999999994925
218,-0.18510000000003402
218,-0.15099999999995362
218,-0.10339999999996508
218,-0.08399999999994634
218,-0.02544999999997799
218,-0.0015499999999519787
218,0.013000000000033651
218,0.03145000000006348
218,0.07180000000005293
218,0.08540000000004966
218,0.1358500000000049
218,0.16274999999995998
218,0.18915000000004056
218,0.19794999999999163
218,0.22165000000006785
218,0.2502000000000635
218,0.2540000000000191
218,0.3130499999999756
218,0.33389999999997144
218,0.5643999999999778
218,0.620049999999992
218,0.7065000000000055
218,0.7319999999999709
218,0.7528499999999667
218,0.7735000000000127
218,0.9220500000000129
218,0.9534999999999627
218,0.9883499999999685
218,1.032199999999989
218,1.0803500000000668
218,1.1041500000000042
218,1.138249999999971
218,1.1613499999999704
218,1.194250000000011
218,1.209600000000023
218,1.2385000000000446
218,1.3093999999999824
219,-0.4608500000000504
219,-0.3715499999999565
219,-0.25540000000000873
219,-0.22664999999994961
219,-0.20015000000000782
219,-0.16599999999993997
219,-0.0018000000000029104
219,0.0755500000000211
219,0.09604999999999109
219,0.12160000000005766
219,0.1530999999999949
219,0.16780000000005657
219,0.19200000000000728
219,0.2279999999999518
219,0.2519999999999527
219,0.31494999999995343
219,0.3497499999999718
219,0.445699999999988
219,0.4722500000000309
219,0.520650000000046
219,0.6426000000000158
219,0.7118000000000393
219,0.7547500000000582
219,0.7752000000000407
219,0.8057000000000016
219,0.8844000000000278
219,0.9065000000000509
219,0.9602499999999736
219,0.9886000000000195
219,1.1558999999999742
219,1.1977000000000544
219,1.2471500000000333
219,1.2811000000000377
219,1.3764999999999645
219,1.4787999999999784
220,-0.49049999999999727
220,-0.47794999999996435
220,-0.45954999999992197
220,-0.3751999999999498
220,-0.3032499999999345
220,-0.12905000000000655
220,-0.07169999999996435
220,-0.05604999999991378
220,0.019750000000044565
220,0.03669999999999618
220,0.05955000000005839
220,0.09885000000008404
220,0.11324999999999363
220,0.13679999999999382
220,0.14960000000007767
220,0.16820000000006985
220,0.19974999999999454
220,0.213799999999992
220,0.27224999999998545
220,0.30780000000004293
220,0.45850000000007185
220,0.49090000000001055
220,0.6314500000000862
220,0.6795000000000755
220,0.7584500000000389
220,0.798650000000066
220,0.8383000000000038
220,0.9574999999999818
220,1.0330000000000155
220,1.0498999999999796
220,1.1099500000000262
220,1.134149999999977
220,1.158800000000042
220,1.254099999999994
220,1.278850000000034
220,1.2926499999999805
220,1.316850000000045
220,1.3286000000000513
220,1.3419999999999845
220,1.3672500000000127
220,1.4078000000000657
220,1.4346000000000458
220,1.448849999999993
220,1.4635000000000673
220,1.4887499999999818
221,-0.4626499999999396
221,-0.4440999999999349
221,-0.42259999999998854
221,-0.37589999999988777
221,-0.3533999999999651
221,-0.32464999999990596
221,-0.3013499999999567
221,-0.27309999999988577
221,-0.24289999999996326
221,-0.2197999999999638
221,-0.16714999999987867
221,-0.13629999999989195
221,-0.1121499999999287
221,-0.04664999999988595
221,-0.020949999999970714
221,0.020550000000071122
221,0.06120000000009895
221,0.08670000000006439
221,0.1148000000000593
221,0.12990000000002055
221,0.21440000000006876
221,0.23740000000009331
221,0.2457000000000562
221,0.27880000000004657
221,0.3208000000000766
221,0.42945000000008804
221,0.4534000000001015
221,0.5107000000000426
221,0.5295000000000982
221,0.5595500000000584
221,0.5775000000001
221,0.591600000000085
221,0.7327500000001237
221,0.7884500000000116
221,0.8134000000001151
221,0.8322500000000446
221,0.8855000000000928
221,0.9215000000000373
221,0.954050000000052
221,0.9824500000000853
221,1.0403000000001157
221,1.058650000000057
221,1.1642000000000507
221,1.184150000000045
221,1.205150000000117
221,1.2509000000001151
221,1.3369500000001153
221,1.3683500000000777
221,1.4626500000000533
222,-0.47154999999997926
222,-0.4545500000000402
222,-0.44079999999996744
222,-0.36524999999994634
222,-0.34960000000000946
222,-0.32235000000002856
222,-0.30454999999994925
222,-0.19624999999996362
222,-0.16049999999995634
222,-0.10694999999998345
222,0.06775000000004638
222,0.11525000000006003
222,0.16629999999997835
222,0.19335000000000946
222,0.22310000000004493
222,0.2691499999999678
222,0.3708000000000311
222,0.4487500000000182
222,0.9676000000000613
222,1.0356500000000324
222,1.0895000000000437
222,1.141550000000052
222,1.182450000000017
222,1.2128000000000156
222,1.2661500000000387
222,1.3151000000000295
222,1.3490000000000464
223,-0.4743499999999585
223,-0.35905000000002474
223,-0.3079500000000053
223,-0.2586499999999887
223,-0.19195000000001983
223,-0.1682499999999436
223,-0.08325000000002092
223,0.009000000000014552
223,0.06505000000004202
223,0.11054999999998927
223,0.1308999999999969
223,0.1611000000000331
223,0.2039999999999509
223,0.2645999999999731
223,0.2834500000000162
223,0.3223000000000411
223,0.4447499999999991
223,0.5037999999999556
223,0.5284500000000207
223,0.6312500000000227
223,0.7091000000000349
223,0.7199000000000524
223,0.7418999999999869
223,0.8179999999999836
223,0.8781999999999925
223,0.9065000000000509
223,0.9430999999999585
223,0.9760499999999865
223,1.0056500000000597
223,1.0835500000000593
223,1.2993999999999915
223,1.3680500000000393
223,1.4165000000000418
224,-0.41449999999986176
224,-0.33054999999990287
224,-0.2779999999999063
224,-0.21479999999985466
224,-0.19564999999988686
224,-0.14894999999989977
224,-0.13679999999988013
224,-0.06689999999991869
224,-0.037349999999946704
224,0.0008500000001276931
224,0.014850000000137697
224,0.04935000000011769
224,0.09405000000003838
224,0.13345000000003893
224,0.1919500000001335
224,0.20580000000006748
224,0.26815000000010514
224,0.2863000000000966
224,0.30585000000007767
224,0.3365000000001146
224,0.37390000000004875
224,0.4338500000001204
224,0.46070000000008804
224,0.5371000000001231
224,0.5646000000000413
224,0.6468500000000859
224,0.6900000000000546
224,0.720000000000141
224,0.7570500000000493
224,0.8564000000001215
224,0.9456000000001268
224,0.9892000000000962
224,1.0360500000000457
224,1.1194000000000415
224,1.1542500000000473
224,1.2267000000000507
224,1.3276500000000624
224,1.339800000000082
224,1.3485500000000457
224,1.3656000000000859
224,1.3780000000000427
224,1.4112500000001091
224,1.4181500000000824
224,1.44175000000007
224,1.4685500000000502
225,-0.48929999999984375
225,-0.4701999999998634
225,-0.4254999999999427
225,-0.3872999999998683
225,-0.3445999999999003
225,-0.3288999999998623
225,-0.2961499999998978
225,-0.22364999999990687
225,-0.13569999999992888
225,-0.05089999999995598
225,-0.019449999999892498
225,0.03785000000004857
225,0.08810000000005402
225,0.10160000000007585
225,0.14855000000011387
225,0.16935000000012224
225,0.2505500000000893
225,0.33380000000011023
225,0.4104500000000826
225,0.47535000000004857
225,0.5278000000000702
225,0.5781500000000506
225,0.7471000000000458
225,0.7621500000001333
225,0.7912500000001046
225,0.839200000000119
225,0.8789000000000442
225,1.063750000000141
225,1.081700000000069
225,1.168850000000134
225,1.2751500000000533
225,1.41800000000012
226,-0.2897000000000389
226,-0.23490000000003874
226,-0.1792000000000371
226,-0.1403500000000122
226,-0.04219999999997981
226,0.036100000000033106
226,0.045150000000035106
226,0.06569999999999254
226,0.09244999999998527
226,0.12469999999996162
226,0.13705000000004475
226,0.17354999999997744
226,0.18145000000004075
226,0.31245000000001255
226,0.39314999999999145
226,0.40800000000001546
226,0.44889999999998054
226,0.5529000000000224
226,0.5737000000000307
226,0.6008500000000367
226,0.6385000000000218
226,0.7873500000000604
226,0.8332000000000335
226,0.8821000000000367
226,0.9663000000000466
226,1.0221500000000106
226,1.0471000000000004
226,1.0725999999999658
226,1.1399999999999864
226,1.1823000000000548
226,1.3334499999999707
226,1.356800000000021
226,1.3901500000000624
226,1.4294499999999744
226,1.469500000000039
227,-0.38114999999993415
227,-0.36284999999998035
227,-0.200649999999996
227,-0.14819999999997435
227,-0.1070999999999458
227,-0.0765999999999849
227,0.02800000000002001
227,0.06105000000002292
227,0.07270000000005439
227,0.11035000000003947
227,0.21879999999998745
227,0.24510000000009313
227,0.2673500000000786
227,0.3362000000000762
227,0.38900000000001
227,0.509900000000016
227,0.5638000000000147
227,0.6328500000000759
227,0.6773000000000593
227,0.7471000000000458
227,0.7688500000000431
227,0.8478000000000065
227,0.8974500000000489
227,0.937650000000076
227,0.9471000000000913
227,0.9712500000000546
227,1.0217999999999847
227,1.1470500000000357
227,1.1687500000000455
227,1.1914500000000317
227,1.2363500000000158
227,1.3520500000000766
227,1.381750000000011
227,1.4261000000000195
227,1.4463000000000648
227,1.4771500000000515
228,-0.39279999999985193
228,-0.31454999999994016
228,-0.27959999999984575
228,-0.2332499999998845
228,-0.1684499999998934
228,-0.08334999999988213
228,-0.045399999999858665
228,0.02855000000010932
228,0.04285000000004402
228,0.09475000000009004
228,0.10665000000005875
228,0.14905000000010205
228,0.16275000000007367
228,0.1854000000000724
228,0.20850000000007185
228,0.2749500000001035
228,0.30805000000009386
228,0.3194500000000744
228,0.38915000000008604
228,0.47175000000004275
228,0.5378000000000611
228,0.6397000000000617
228,0.6644000000001142
228,0.7258000000000493
228,0.8797000000000708
228,1.0509500000000571
228,1.0836500000001479
228,1.2228500000001077
228,1.2500000000001137
228,1.295500000000061
228,1.3154500000000553
228,1.4582500000001346
228,1.4974500000000717
229,-0.17709999999999582
229,-0.13859999999999673
229,-0.05249999999989541
229,0.038300000000049295
229,0.0624000000000251
229,0.08175000000005639
229,0.09920000000010987
229,0.13269999999999982
229,0.1599500000000944
229,0.2054000000000542
229,0.2553500000000213
229,0.3498500000000604
229,0.3636500000000069
229,0.38250000000005
229,0.4094000000000051
229,0.45965000000001055
229,0.5224000000000615
229,0.5929000000000997
229,0.6382500000000846
229,0.6970500000001039
229,0.7317000000000462
229,0.7987500000000409
229,0.8192999999999984
229,0.9202999999999975
229,1.1381000000001222
229,1.225400000000036
229,1.2856000000001586
229,1.3596500000001015
229,1.3894000000000233
229,1.416050000000041
229,1.432450000000017
230,-0.48529999999982465
230,-0.44584999999983665
230,-0.4248999999999796
230,-0.3845499999999902
230,-0.36164999999982683
230,-0.3120499999999993
230,-0.2817999999999756
230,-0.1976999999999407
230,-0.165599999999813
230,-0.11874999999986358
230,-0.013449999999920692
230,0.03674999999998363
230,0.05905000000007021
230,0.23400000000015098
230,0.252100000000155
230,0.29205000000001746
230,0.3188999999999851
230,0.3561500000000706
230,0.40354999999999563
230,0.4468000000001666
230,0.4669000000001233
230,0.5050000000001091
230,0.5252500000001419
230,0.5403000000001157
230,0.5677500000001601
230,0.6341500000000906
230,0.659900000000107
230,0.6900000000000546
230,0.7704000000001088
230,0.7909500000000662
230,0.8146500000000287
230,0.8682499999999891
230,0.89975000000004
230,0.9435000000000855
230,0.9959499999999935
230,1.0195000000001073
230,1.0335500000001048
230,1.0523000000000593
230,1.0971000000001823
230,1.1276500000001306
230,1.1570500000000266
230,1.178000000000111
230,1.1905000000001564
230,1.2447500000000673
230,1.2986500000001797
230,1.3599000000001524
230,1.3904999999999745
230,1.413200000000188
230,1.4289000000001124
230,1.4386000000001786
230,1.4634499999999662
230,1.4993500000000495
231,-0.4782999999999902
231,-0.4623999999998887
231,-0.4470499999999902
231,-0.43204999999989013
231,-0.38789999999994507
231,-0.35979999999995016
231,-0.32844999999997526
231,-0.28844999999978427
231,-0.26159999999981665
231,-0.1523499999998421
231,-0.1303499999999076
231,-0.08384999999998399
231,-0.049749999999903594
231,0.016000000000076398
231,0.05705000000011751
231,0.08500000000003638
231,0.12390000000004875
231,0.14245000000005348
231,0.1673000000000684
231,0.20325000000002547
231,0.21739999999999782
231,0.22900000000004184
231,0.23955000000000837
231,0.27405000000021573
231,0.2936000000001968
231,0.3071500000000924
231,0.3166500000002088
231,0.3400500000000193
231,0.3932000000002063
231,0.40345000000002074
231,0.4319000000000415
231,0.5876000000000658
231,0.6475000000000364
231,0.7194000000001779
231,0.7728500000000622
231,0.8194500000001881
231,0.8698000000001684
231,0.9090500000002066
231,0.9330500000000939
231,0.9559500000000298
231,0.99025000000006
231,1.0110500000000684
231,1.0259500000001935
231,1.077650000000176
231,1.1012000000000626
231,1.1293500000001586
231,1.174350000000004
231,1.2035500000001775
231,1.2365000000002055
231,1.2596500000001924
231,1.2817000000000007
231,1.2966000000001259
231,1.3265499999999975
231,1.3472000000001572
231,1.3680000000001655
231,1.3806500000000597
231,1.40825000000018
231,1.43300000000022
231,1.4603000000001884
232,-0.48545000000012806
232,-0.448949999999968
232,-0.3731500000001233
232,-0.3386000000000422
232,-0.2759000000000924
232,-0.23739999999997963
232,-0.16945000000009713
232,-0.1368999999999687
232,-0.09204999999997199
232,-0.044949999999971624
232,-0.029299999999921056
232,-0.00839999999993779
232,0.02430000000003929
232,0.03379999999992833
232,0.048549999999977445
232,0.059099999999943975
232,0.08144999999990432
232,0.1099500000000262
232,0.13239999999996144
232,0.13999999999987267
232,0.16984999999999673
232,0.1997999999998683
232,0.23509999999987485
232,0.2617999999999938
232,0.2991500000000542
232,0.32330000000001746
232,0.3631000000000313
232,0.41409999999996217
232,0.47644999999988613
232,0.5497000000000298
232,0.650899999999865
232,0.6818499999999403
232,0.7208499999999276
232,0.7608499999998912
232,0.9184999999999945
232,0.9514500000000226
232,1.0107000000000426
232,1.134499999999889
232,1.189049999999952
232,1.2827500000000782
232,1.3212499999999636
232,1.34699999999998
232,1.3993000000000393
233,-0.4488499999997657
233,-0.42089999999984684
233,-0.24084999999990941
233,-0.12269999999989523
233,-0.08124999999995453
233,-0.040799999999762804
233,-0.0017999999997755367
233,0.03295000000002801
233,0.04810000000020409
233,0.07240000000024338
233,0.08265000000005784
233,0.11610000000018772
233,0.14390000000003056
233,0.23060000000009495
233,0.25630000000023756
233,0.332850000000235
233,0.3770000000001801
233,0.5148000000001502
233,0.5528000000001612
233,0.5824000000002343
233,0.6652500000002419
233,0.6817500000001928
233,0.8171000000002095
233,0.8606000000002041
233,0.9023500000000695
233,1.0156000000001768
233,1.039600000000064
233,1.049900000000207
233,1.0658000000000811
233,1.110300000000052
233,1.1974500000001171
233,1.3501500000002125
233,1.3867000000002463
233,1.4947500000000673
234,-0.47450000000003456
234,-0.4266500000001088
234,-0.40534999999999854
234,-0.3860500000000684
234,-0.3144999999999527
234,-0.15055000000006658
234,-0.07500000000004547
234,-0.04574999999999818
234,-0.018100000000004002
234,0.02755000000001928
234,0.05129999999985557
234,0.06224999999994907
234,0.08744999999998981
234,0.11124999999992724
234,0.13419999999996435
234,0.16499999999996362
234,0.19020000000000437
234,0.2987000000000535
234,0.36664999999993597
234,0.4460500000000138
234,0.5273499999998421
234,0.580600000000004
234,0.5956499999999778
234,0.6287499999998545
234,0.6889499999999771
234,0.7091499999999087
234,0.7253000000000611
234,0.7483499999998457
234,0.7654499999998734
234,0.8110999999998967
234,0.9088999999999032
234,1.0129500000000462
234,1.0737500000000182
234,1.123450000000048
234,1.3015499999999065
234,1.3590999999998985
235,-0.1243499999998221
235,-0.015199999999822467
235,0.10519999999996799
235,0.12045000000011896
235,0.16155000000003383
235,0.1893000000000029
235,0.21700000000009823
235,0.23835000000008222
235,0.26205000000004475
235,0.2830500000000029
235,0.34910000000013497
235,0.49030000000016116
235,0.5437500000000455
235,0.5915999999999713
235,0.6168999999999869
235,0.6623000000001866
235,0.9284999999999854
235,1.0352000000000317
236,-0.46069999999986067
236,-0.4257999999999811
236,-0.3548999999998159
236,-0.051449999999931606
236,-0.021849999999858483
236,0.15555000000017571
236,0.27700000000004366
236,0.4258500000000822
236,0.4546500000001288
236,0.47575000000006185
236,0.531650000000127
236,0.5521000000001095
236,0.5764000000001488
236,0.6005000000000109
236,0.6389000000001488
236,0.6586500000000797
236,0.68425000000002
236,0.7312500000000455
236,0.8452500000000782
236,0.8595500000001266
236,0.909650000000056
236,0.9962500000001455
236,1.0239500000000135
236,1.0568000000000666
236,1.0735500000000684
236,1.0816500000000815
236,1.107150000000047
236,1.128550000000132
236,1.145100000000184
236,1.2348500000000513
236,1.2755500000000666
236,1.3482500000000073
236,1.3713500000001204
236,1.441000000000031
236,1.4980000000000473
237,-0.4836499999998978
237,-0.45709999999985484
237,-0.3446499999997741
237,-0.2736499999998614
237,-0.21099999999978536
237,-0.17839999999978318
237,-0.13734999999996944
237,-0.0909999999998945
237,-0.05684999999994034
237,-0.03104999999982283
237,0.015600000000176806
237,0.043950000000222644
237,0.11790000000019063
237,0.15980000000013206
237,0.17880000000013752
237,0.18640000000004875
237,0.21115000000008877
237,0.25080000000025393
237,0.2668500000002041
237,0.4074000000000524
237,0.42640000000005784
237,0.4766500000000633
237,0.5091000000002168
237,0.5418000000001939
237,0.5642000000002554
237,0.6441500000000815
237,0.6940000000001874
237,0.8045500000000629
237,0.8677500000001146
237,0.919950000000199
237,0.9588000000001102
237,1.0445000000001983
237,1.1985500000000684
237,1.297800000000052
237,1.4380000000001019
238,-0.12535000000002583
238,-0.06860000000006039
238,-0.04909999999995307
238,-0.0079000000000633
238,0.030850000000100408
238,0.0957499999999527
238,0.13570000000004256
238,0.3007999999999811
238,0.4253000000001066
238,0.4990500000001248
238,0.7175500000000739
238,0.7427000000000135
238,0.7892500000000382
238,0.8331499999999323
238,0.9183000000000447
238,1.0845999999999094
238,1.205600000000004
238,1.2782999999999447
238,1.3053500000000895
238,1.3531499999999141
238,1.3941999999999553
238,1.4220500000001266
238,1.4629500000000917
239,-0.4903999999999087
239,-0.4086499999998523
239,-0.37554999999974825
239,-0.30929999999989377
239,-0.22814999999991414
239,-0.15419999999994616
239,-0.11069999999995161
239,-0.04734999999982392
239,-0.015549999999848296
239,0.039550000000190266
239,0.05960000000004584
239,0.07440000000019609
239,0.12510000000020227
239,0.14980000000014115
239,0.1993000000002212
239,0.21660000000019863
239,0.23840000000018335
239,0.2542000000000826
239,0.2627500000000964
239,0.2931500000001961
239,0.31275000000005093
239,0.4120500000001357
239,0.5901000000001204
239,0.7093000000002121
239,0.869050000000243
239,0.9406500000002325
239,1.0444000000002234
239,1.0783500000002277
239,1.1416500000002543
239,1.179850000000215
239,1.2036500000001524
239,1.36420000000021
239,1.4716500000001815
240,-0.49735000000009677
240,-0.41039999999998145
240,-0.3266000000000986
240,-0.29529999999999745
240,-0.2117000000000644
240,-0.04635000000007494
240,0.04264999999986685
240,0.09854999999993197
240,0.1368999999999687
240,0.1896999999999025
240,0.21450000000004366
240,0.21499999999991815
240,0.2751499999999396
240,0.35654999999997017
240,0.4964999999999691
240,0.5546999999999116
240,0.5856499999999869
240,0.5951000000000022
240,0.6141999999999825
240,0.6666499999998905
240,0.7143999999998414
240,0.748299999999972
240,0.7927999999999429
240,0.8592999999998483
240,0.889449999999897
240,1.0091999999999643
240,1.0325000000000273
240,1.0570499999998901
240,1.0946500000000015
240,1.169149999999945
240,1.3499500000000353
240,1.4289499999999862
241,-0.4855999999999767
241,-0.4652000000000953
241,-0.4398000000001048
241,-0.41200000000003456
241,-0.371599999999944
241,-0.3527000000001408
241,-0.2745500000000902
241,-0.19555000000013933
241,-0.1623500000000604
241,-0.08280000000013388
241,-0.04690000000005057
241,-0.024400000000014188
241,0.025599999999940337
241,0.08905000000004293
241,0.1362500000000182
241,0.22739999999998872
241,0.27205000000003565
241,0.3211999999998625
241,0.363550000000032
241,0.3760499999998501
241,0.39830000000006294
241,0.417850000000044
241,0.45164999999997235
241,0.4646499999998923
241,0.4878999999998541
241,0.5554999999999382
241,0.6397999999999229
241,0.6959999999999127
241,0.7122999999999138
241,0.8064500000000407
241,0.9674499999998716
241,1.0009499999998752
241,1.082300000000032
241,1.2484999999999218
241,1.3677999999999884
241,1.424099999999953
241,1.4831500000000233
242,-0.48644999999987704
242,-0.3193999999998596
242,-0.23004999999989195
242,-0.11879999999996471
242,-0.0888999999999669
242,-0.07379999999989195
242,-0.028599999999869397
242,0.04060000000004038
242,0.0650500000001557
242,0.10345000000006621
242,0.12644999999997708
242,0.14530000000013388
242,0.1593000000000302
242,0.23300000000017462
242,0.30320000000006075
242,0.3243999999999687
242,0.3424999999999727
242,0.3678500000000895
242,0.3823500000000877
242,0.43250000000011823
242,0.4614000000001397
242,0.5117000000000189
242,0.5318500000000768
242,0.6164000000001124
242,0.6337499999999636
242,0.653150000000096
242,0.7106000000001131
242,0.7706000000000586
242,0.8139000000001033
242,0.9038000000000466
242,0.9655999999999949
242,1.0084000000001652
242,1.0289000000000215
242,1.0881000000001677
242,1.1151500000000851
242,1.1329000000000633
242,1.2128999999999905
242,1.2747000000001663
242,1.3460500000001048
242,1.3694500000001426
242,1.3931500000001051
242,1.4320999999999913
242,1.4890500000001339
243,-0.4730500000000575
243,-0.42194999999992433
243,-0.3716999999999189
243,-0.3602499999999509
243,-0.3466000000000804
243,-0.3203000000000884
243,-0.31340000000000146
243,-0.26060000000006767
243,-0.23919999999998254
243,-0.2273499999998876
243,-0.19315000000005966
243,-0.17914999999993597
243,-0.14454999999998108
243,-0.13809999999989486
243,-0.12635000000000218
243,-0.088799999999992
243,-0.023300000000062937
243,0.0079000000000633
243,0.05475000000001273
243,0.09230000000002292
243,0.13464999999996508
243,0.21514999999999418
243,0.23469999999997526
243,0.27140000000008513
243,0.33065000000010514
243,0.3367000000000644
243,0.4176500000000942
243,0.4570499999999811
243,0.5100999999999658
243,0.5298999999999978
243,0.569150000000036
243,0.5846500000000106
243,0.6065499999999702
243,0.6295000000000073
243,0.6626000000001113
243,0.7007000000000971
243,0.7420500000000629
243,0.7626999999999953
243,0.8105000000000473
243,0.8825500000000375
243,0.9008000000001175
243,0.9324500000000171
243,0.9469500000000153
243,0.9871499999999287
243,0.9992999999999483
243,1.0405499999999392
243,1.1108500000000276
243,1.1288500000000568
243,1.1671499999999924
243,1.2124499999999898
243,1.2429500000000644
243,1.258350000000064
243,1.2787000000000717
243,1.2912000000001171
243,1.360300000000052
243,1.445799999999963
243,1.4784500000000662
243,1.4964500000000953
244,-0.46319999999991524
244,-0.44099999999980355
244,-0.28074999999989814
244,-0.2343999999998232
244,-0.1967499999998381
244,-0.13604999999984102
244,-0.09304999999994834
244,-0.06444999999985157
244,-0.035149999999930515
244,0.007800000000088403
244,0.02430000000003929
244,0.051750000000083674
244,0.07415000000014516
244,0.08805000000006658
244,0.11205000000018117
244,0.2133000000001175
244,0.2404500000002372
244,0.2748500000002423
244,0.3020000000001346
244,0.3776500000001306
244,0.428150000000187
244,0.5980000000001837
244,0.6615000000001601
244,0.7730000000001382
244,0.888300000000072
244,0.9104000000002088
244,0.9343500000002223
244,0.9511500000000979
244,0.9687000000001262
244,1.056550000000243
244,1.081000000000131
244,1.1571500000002288
244,1.2104000000001633
244,1.2744500000001153
244,1.3040500000001884
244,1.376850000000104
244,1.441200000000208
244,1.492050000000063
245,-0.29970000000002983
245,-0.26004999999986467
245,-0.23529999999982465
245,-0.2161999999998443
245,-0.1826499999999669
245,-0.14124999999989996
245,-0.02189999999995962
245,0.022799999999961074
245,0.048900000000003274
245,0.14190000000007785
245,0.2825000000000273
245,0.3221499999999651
245,0.41409999999996217
245,0.46280000000001564
245,0.4894000000001597
245,0.6074000000000979
245,0.6580500000000029
245,0.6977000000001681
245,0.912900000000036
245,1.0424500000001444
245,1.0551000000000386
245,1.0734500000000935
245,1.0846000000001368
245,1.1453000000001339
245,1.2419999999999618
245,1.3125
245,1.3647000000000844
245,1.387000000000171
245,1.4043500000000222
245,1.422550000000001
245,1.437599999999975
246,-0.47100000000000364
246,-0.4469000000001415
246,-0.3897999999999229
246,-0.3473500000000058
246,-0.305849999999964
246,-0.2841000000000804
246,-0.2533000000000811
246,-0.20354999999995016
246,-0.15789999999992688
246,-0.11325000000010732
246,0.023050000000012005
246,0.06304999999997563
246,0.08549999999991087
246,0.1995999999999185
246,0.26510000000007494
246,0.34915000000000873
246,0.3893000000000484
246,0.4257000000000062
246,0.452199999999948
246,0.5023999999998523
246,0.5465999999998985
246,0.6500499999999647
246,0.6746000000000549
246,0.7052999999998519
246,0.7603500000000167
246,0.786049999999932
246,0.8371500000000651
246,0.8936999999998534
246,0.9067499999998745
246,1.0386499999999614
246,1.1173999999998614
246,1.152749999999969
246,1.278250000000071
246,1.2984500000000025
246,1.3288499999998749
246,1.353650000000016
246,1.4295999999999367
246,1.4642499999999927
247,-0.4320500000001175
247,-0.3714500000000953
247,-0.33275000000003274
247,-0.30320000000006075
247,-0.14769999999998618
247,-0.14220000000000255
247,0.01174999999989268
247,0.055000000000063665
247,0.11529999999993379
247,0.13899999999989632
247,0.15294999999991887
247,0.1735999999998512
247,0.2273499999998876
247,0.24049999999988358
247,0.2648999999998978
247,0.2845999999999549
247,0.3160000000000309
247,0.3297499999998763
247,0.40924999999992906
247,0.49614999999994325
247,0.5281499999998687
247,0.6666000000000167
247,0.7001999999999953
247,0.8029999999998836
247,0.851549999999861
247,0.8895999999999731
247,0.9610499999998865
247,1.0091999999999643
247,1.039350000000013
247,1.069150000000036
247,1.0979999999999563
247,1.1769999999999072
247,1.195299999999861
247,1.2377500000000055
247,1.2671000000000276
247,1.2878499999999349
247,1.3515999999999622
247,1.3706999999999425
247,1.4436499999999342
248,-0.49974999999994907
248,-0.43584999999984575
248,-0.42404999999985193
248,-0.3829999999998108
248,-0.29799999999977445
248,-0.2669499999999516
248,-0.1483499999999367
248,-0.047599999999874854
248,-0.022499999999809006
248,0.08360000000016043
248,0.1819500000001426
248,0.24105000000008658
248,0.26375000000007276
248,0.42980000000011387
248,0.45260000000007494
248,0.4880000000000564
248,0.5289500000001226
248,0.6802500000001146
248,0.702750000000151
248,0.7454000000000178
248,0.8155000000001564
248,0.8911500000001524
248,1.0203000000001339
248,1.052850000000035
248,1.085950000000139
248,1.1954000000000633
248,1.2087500000002365
248,1.2460000000000946
248,1.268000000000029
248,1.3187500000001364
248,1.3781500000002325
248,1.3875500000001466
248,1.4134500000000116
248,1.463950000000068
248,1.4883500000000822
249,-0.49224999999978536
249,-0.4698499999997239
249,-0.43994999999972606
249,-0.4116999999998825
249,-0.38659999999981665
249,-0.3642499999998563
249,-0.34724999999980355
249,-0.33199999999987995
249,-0.18649999999979627
249,-0.12879999999972824
249,-0.08934999999974025
249,-0.056999999999789
249,0.012000000000170985
249,0.08800000000019281
249,0.11115000000017972
249,0.14210000000025502
249,0.16445000000021537
249,0.19080000000008113
249,0.262150000000247
249,0.27930000000014843
249,0.3008500000000822
249,0.3173500000002605
249,0.34560000000010405
249,0.38085000000023683
249,0.40445000000022446
249,0.44515000000023974
249,0.4683500000001004
249,0.4948500000002696
249,0.6267000000002554
249,0.7401000000002114
249,0.7743000000002667
249,0.9381000000000768
249,0.9597000000001117
249,1.0145500000000993
249,1.0307000000002517
249,1.0838500000002114
249,1.136900000000196
249,1.1758500000000822
249,1.2432500000002165
249,1.263450000000148
249,1.2896500000001652
249,1.3202000000001135
249,1.3403500000001713
249,1.4050500000000739
249,1.4257000000002336
249,1.4528000000002521
250,-0.48730000000000473
250,-0.46385000000009313
250,-0.44794999999999163
250,-0.4172000000000935
250,-0.39840000000003783
250,-0.3839499999999134
250,-0.3664499999999862
250,-0.32930000000010295
250,-0.2942000000000462
250,-0.2607499999999163
250,-0.21305000000006658
250,-0.1528000000000702
250,-0.12380000000007385
250,-0.0908999999999196
250,-0.052500000000009095
250,-0.019700000000057116
250,-0.009399999999914144
250,0.009049999999888314
250,0.02404999999998836
250,0.05134999999995671
250,0.11425000000008367
250,0.15515000000004875
250,0.21824999999989814
250,0.23624999999992724
250,0.3059499999999389
250,0.32580000000007203
250,0.41660000000001673
250,0.4850500000000011
250,0.5656500000000051
250,0.582300000000032
250,0.6324500000000626
250,0.6721500000001015
250,0.7043499999999767
250,0.7453499999999167
250,0.7698499999999058
250,0.8027999999999338
250,0.9086500000000797
250,0.961949999999888
250,0.9828500000000986
250,1.0110500000000684
250,1.0266999999998916
250,1.0634500000001026
250,1.2041999999999007
250,1.233449999999948
250,1.2478499999999713
250,1.3012499999999818
250,1.3720499999999447
250,1.4136499999999614
250,1.4620500000000902
250,1.4926499999999123
251,-0.39400000000000546
251,-0.2987000000000535
251,-0.2740999999998621
251,-0.23640000000000327
251,-0.22479999999995925
251,-0.1614999999999327
251,0.030650000000150612
251,0.08515000000011241
251,0.13904999999999745
251,0.17660000000000764
251,0.20145000000002256
251,0.2317000000000462
251,0.2436999999999898
251,0.2645500000000993
251,0.28300000000012915
251,0.32130000000006476
251,0.3912000000000262
251,0.4252000000001317
251,0.46395000000006803
251,0.5085500000000138
251,0.5874499999999898
251,0.6066499999999451
251,0.6845000000000709
251,0.7160499999999956
251,0.7944999999999709
251,0.8557499999999436
251,0.9787499999999909
251,1.0353000000000065
251,1.0686000000000604
251,1.123450000000048
251,1.1582499999999527
251,1.2044000000000779
251,1.225650000000087
251,1.2467000000001462
251,1.2856500000000324
251,1.3108500000000731
251,1.3329000000001088
251,1.3896500000000742
251,1.4416000000001077
251,1.4800500000001193
252,-0.3687999999999647
252,-0.3477499999999054
252,-0.28549999999995634
252,-0.2505499999999756
252,-0.2323999999998705
252,-0.1732999999999265
252,-0.08539999999993597
252,-0.05929999999989377
252,-0.03864999999996144
252,0.015750000000025466
252,0.10170000000016444
252,0.12245000000007167
252,0.15430000000014843
252,0.3483000000001084
252,0.3793000000000575
252,0.421100000000024
252,0.4619000000000142
252,0.5074500000000626
252,0.5221500000000106
252,0.5845000000001619
252,0.6456500000001597
252,0.6681499999999687
252,0.8006500000001324
252,0.8267500000001746
252,1.072650000000067
252,1.1194500000001426
252,1.1414500000000771
252,1.1765000000000327
252,1.2369000000001051
252,1.3084000000001197
252,1.3786999999999807
252,1.4023500000000695
252,1.4504500000000462
253,-0.4478999999998905
253,-0.4430499999998574
253,-0.4192999999997937
253,-0.39029999999979736
253,-0.36304999999993015
253,-0.3182999999999083
253,-0.28969999999981155
253,-0.1950499999998101
253,-0.1487499999998363
253,-0.11604999999985921
253,-0.10579999999981737
253,-0.06579999999985375
253,0.008700000000089858
253,0.11255000000005566
253,0.13035000000013497
253,0.14540000000010878
253,0.1791000000000622
253,0.24845000000004802
253,0.2909500000000662
253,0.3606000000002041
253,0.4114000000001852
253,0.4190000000000964
253,0.48705000000018117
253,0.6935000000000855
253,0.8914000000002034
253,1.0761500000000979
253,1.188050000000203
253,1.2475500000000466
253,1.2812000000001262
253,1.3743000000001757
253,1.426300000000083
253,1.4794500000000426
254,-0.35379999999986467
254,-0.24244999999973516
254,-0.20674999999982901
254,-0.18064999999978681
254,-0.06189999999992324
254,-0.03019999999992251
254,0.005400000000236105
254,0.04390000000012151
254,0.09140000000024884
254,0.1145000000001346
254,0.2687500000001819
254,0.2937000000001717
254,0.4477500000002692
254,0.47260000000005675
254,0.715900000000147
254,0.8362000000001899
254,0.8582500000002256
254,0.8751000000002023
254,0.911350000000084
254,0.9825000000000728
254,1.0120500000002721
254,1.0959500000001299
254,1.1403000000002521
254,1.1754000000000815
254,1.197650000000067
254,1.2862500000001091
254,1.3227500000002692
254,1.4772000000002663
255,-0.4740999999999076
255,-0.4412999999999556
255,-0.31475000000000364
255,-0.2740999999998621
255,-0.18314999999984138
255,-0.1223499999998694
255,0.07570000000009713
255,0.1536500000001979
255,0.36400000000003274
255,0.4267000000002099
255,0.4565500000001066
255,0.5805500000001302
255,0.6806000000001404
255,0.7103500000000622
255,0.7664500000000771
255,0.8183500000000095
255,0.8344500000000608
255,0.9867500000000291
255,1.0054500000001099
255,1.0489500000001044
255,1.0831000000000586
255,1.143000000000029
255,1.1953500000001895
255,1.2525500000001557
255,1.2822000000001026
255,1.322700000000168
255,1.332600000000184
255,1.3735000000001492
255,1.3928500000001804
255,1.4578500000000076
256,-0.403999999999769
256,-0.3944499999997788
256,-0.3078499999999167
256,-0.29104999999981374
256,-0.27539999999976317
256,-0.22794999999996435
256,-0.21379999999976462
256,-0.19049999999992906
256,-0.1423499999998512
256,-0.13624999999979082
256,-0.11174999999980173
256,-0.10274999999978718
256,-0.07579999999984466
256,-0.04519999999979518
256,-0.024549999999862848
256,-0.011349999999765714
256,0.01340000000004693
256,0.025550000000066575
256,0.060050000000046566
256,0.08580000000006294
256,0.0968000000000302
256,0.10850000000004911
256,0.12510000000020227
256,0.13805000000024847
256,0.15380000000004657
256,0.16650000000004184
256,0.2276000000001659
256,0.25345000000015716
256,0.28615000000013424
256,0.3202000000001135
256,0.3315500000001066
256,0.4943000000000666
256,0.605600000000095
256,0.6143000000001848
256,0.7683000000001812
256,0.821250000000191
256,0.8495500000001357
256,1.0187000000000808
256,1.0365500000000338
256,1.1116500000000542
256,1.1809500000001663
256,1.227750000000242
256,1.256950000000188
256,1.2794500000002245
256,1.3534000000001924
256,1.3880500000002485
256,1.4265500000001339
256,1.4428000000000338
256,1.4753500000001623
257,-0.48289999999997235
257,-0.42705000000000837
257,-0.3745499999999993
257,-0.32809999999994943
257,-0.23555000000010295
257,-0.21649999999999636
257,-0.1936000000000604
257,-0.09754999999995562
257,-0.07905000000005202
257,-0.0676499999999578
257,-0.048800000000028376
257,-0.03340000000002874
257,-0.019199999999955253
257,0.00980000000004111
257,0.04774999999995089
257,0.07214999999996508
257,0.10809999999992215
257,0.16014999999993051
257,0.2300000000000182
257,0.2722999999998592
257,0.31884999999988395
257,0.4555000000000291
257,0.5192999999999302
257,0.5497499999999036
257,0.5781500000000506
257,0.5990999999999076
257,0.6270500000000538
257,0.6807999999998628
257,0.8773499999999785
257,0.9164499999999407
257,1.0735500000000684
257,1.1581499999999778
257,1.2930499999999938
257,1.3119500000000244
257,1.348700000000008
257,1.383049999999912
257,1.3984499999999116
257,1.4452499999999873
258,-0.48994999999990796
258,-0.39220000000000255
258,-0.3550999999999931
258,-0.3288000000000011
258,-0.3052499999998872
258,-0.2903999999998632
258,-0.24149999999985994
258,-0.20374999999989996
258,-0.19325000000003456
258,-0.15384999999992033
258,-0.13695000000006985
258,-0.0988999999999578
258,-0.08259999999995671
258,-0.061749999999847205
258,0.0
258,0.05455000000006294
258,0.07629999999994652
258,0.09754999999995562
258,0.11905000000001564
258,0.18010000000003856
258,0.25080000000002656
258,0.2989500000001044
258,0.3214500000001408
258,0.3939500000001317
258,0.4188500000000204
258,0.47725000000014006
258,0.5326999999999771
258,0.5548000000001139
258,0.5948000000000775
258,0.7032500000000255
258,0.7173999999999978
258,0.7302999999999429
258,0.7605000000000928
258,0.8183500000000095
258,0.8705999999999676
258,0.9367500000000746
258,1.0634000000000015
258,1.073949999999968
258,1.1093499999999494
258,1.197550000000092
258,1.3121499999999742
258,1.4072000000001026
258,1.4231999999999516
258,1.445950000000039
258,1.491950000000088
259,-0.4872499999999036
259,-0.4668500000000222
259,-0.3938499999999294
259,-0.37229999999999563
259,-0.3500500000000102
259,-0.33009999999990214
259,-0.2923000000000684
259,-0.24815000000012333
259,-0.2372499999999036
259,-0.20499999999992724
259,-0.16560000000004038
259,-0.09560000000010405
259,-0.044949999999971624
259,0.020299999999906504
259,0.08140000000003056
259,0.10065000000008695
259,0.11989999999991596
259,0.22225000000003092
259,0.3395499999999174
259,0.44364999999993415
259,0.4578999999998814
259,0.47385000000008404
259,0.5226999999999862
259,0.5570999999999913
259,0.726949999999988
259,0.7463000000000193
259,0.7705000000000837
259,0.8128999999998996
259,0.860149999999976
259,0.899349999999913
259,0.9841999999998734
259,1.0785000000000764
259,1.1992499999998927
259,1.2364000000000033
259,1.2787000000000717
259,1.3268000000000484
259,1.414600000000064
259,1.4304500000000644
259,1.475400000000036
259,1.4994999999998981
260,-0.48745000000008076
260,-0.45575000000008004
260,-0.44440000000008695
260,-0.4076500000001033
260,-0.28670000000010987
260,-0.20990000000006148
260,-0.18419999999991887
260,-0.1401499999999487
260,-0.12079999999991742
260,-0.09265000000004875
260,-0.0603000000000975
260,0.004200000000082582
260,0.01749999999992724
260,0.03289999999992688
260,0.05314999999995962
260,0.09459999999990032
260,0.11050000000000182
260,0.1378500000000713
260,0.17014999999992142
260,0.2188499999999749
260,0.24264999999991232
260,0.28064999999992324
260,0.49565000000006876
260,0.5198499999999058
260,0.5715000000000146
260,0.6121499999999287
260,0.6650500000000648
260,0.8378999999999905
260,0.8630000000000564
260,0.883600000000115
260,0.9107500000000073
260,0.935649999999896
260,1.1075000000000728
260,1.1458999999999833
260,1.2400500000001102
260,1.2850000000000819
260,1.3503499999999349
260,1.438949999999977
260,1.4624499999999898
261,-0.4813000000001466
261,-0.409650000000056
261,-0.3086000000000695
261,-0.21344999999996617
261,-0.1819500000001426
261,-0.133199999999988
261,-0.11570000000006075
261,-0.08214999999995598
261,-0.06775000000016007
261,-0.02755000000001928
261,-0.011850000000094951
261,0.005099999999856664
261,0.0233499999999367
261,0.051199999999880674
261,0.08429999999998472
261,0.0986000000000331
261,0.14094999999997526
261,0.16290000000003602
261,0.17849999999998545
261,0.2160999999998694
261,0.2424999999998363
261,0.2820999999999003
261,0.3133499999999003
261,0.3854999999998654
261,0.42394999999987704
261,0.44325000000003456
261,0.49919999999997344
261,0.5335000000000036
261,0.5688000000000102
261,0.6481499999999869
261,0.6617999999998574
261,0.6901499999999032
261,0.6965499999998883
261,0.7290499999999156
261,0.770949999999857
261,0.7918499999998403
261,0.8476000000000568
261,0.8622000000000298
261,0.9232999999999265
261,0.9607999999998356
261,0.9966999999999189
261,1.047550000000001
261,1.0820999999998548
261,1.1440999999999804
261,1.2287999999998647
261,1.2843000000000302
261,1.3432499999998981
261,1.4557999999999538
261,1.4741500000000087
262,-0.4846499999998741
262,-0.46154999999998836
262,-0.3742499999998472
262,-0.2776499999999942
262,-0.236299999999801
262,-0.1930499999998574
262,-0.13094999999998436
262,-0.06340000000000146
262,0.0501000000001568
262,0.08930000000009386
262,0.11155000000007931
262,0.18910000000005311
262,0.2263500000001386
262,0.26625000000012733
262,0.3612000000000535
262,0.3954000000001088
262,0.47670000000016444
262,0.4882500000001073
262,0.5522000000000844
262,0.5774000000001251
262,0.6994000000001961
262,0.8070000000000164
262,0.8299000000001797
262,0.9246500000001561
262,0.9400000000000546
262,0.9911500000000615
262,1.090800000000172
262,1.1493500000001404
262,1.1988000000001193
262,1.2921500000002197
262,1.3503000000000611
262,1.4237000000000535
262,1.444450000000188
262,1.4614500000000135
263,-0.4880999999998039
263,-0.4612999999999374
263,-0.4201999999997952
263,-0.3751999999999498
263,-0.36304999999993015
263,-0.33104999999977736
263,-0.3077499999999418
263,-0.28759999999988395
263,-0.2580999999997857
263,-0.2156999999999698
263,-0.19604999999978645
263,-0.15709999999990032
263,-0.12409999999977117
263,-0.08924999999976535
263,-0.08294999999998254
263,-0.07364999999981592
263,-0.05574999999976171
263,-0.029699999999820648
263,-0.01964999999995598
263,-0.012149999999792271
263,0.041800000000193904
263,0.10345000000006621
263,0.1174500000001899
263,0.20000000000004547
263,0.23865000000023429
263,0.3199000000001888
263,0.34530000000017935
263,0.36705000000006294
263,0.41295000000013715
263,0.4911000000001877
263,0.5487500000001546
263,0.5772000000001754
263,0.717450000000099
263,0.7743000000000393
263,0.7951500000001488
263,0.8120000000001255
263,0.8330000000000837
263,0.8560500000000957
263,0.8792000000000826
263,0.9115000000001601
263,0.9692500000001019
263,1.071250000000191
263,1.1262500000000273
263,1.2410500000000866
263,1.2653500000001259
263,1.2791500000000724
263,1.3385000000000673
263,1.450800000000072
263,1.484150000000227
264,-0.47939999999994143
264,-0.40744999999992615
264,-0.34864999999990687
264,-0.29189999999994143
264,-0.11574999999993452
264,0.02860000000009677
264,0.046500000000150976
264,0.08805000000006658
264,0.18365000000017062
264,0.25995000000011714
264,0.2981000000002041
264,0.3794000000000324
264,0.41630000000009204
264,0.443000000000211
264,0.5255000000001928
264,0.5572500000000673
264,0.6354499999999916
264,0.6738000000000284
264,0.7187000000001262
264,0.7838000000001557
264,0.813050000000203
264,0.9716500000001815
264,1.026600000000144
264,1.096100000000206
264,1.159800000000132
264,1.2054500000001553
264,1.2189500000001772
264,1.2645500000000993
264,1.2760000000000673
264,1.3246500000000196
264,1.38675000000012
264,1.4114000000001852
264,1.455850000000055
264,1.4813500000000204
264,1.4908500000001368
265,-0.48004999999989195
265,-0.4491499999999178
265,-0.41079999999988104
265,-0.3710999999998421
265,-0.29294999999979154
265,-0.27444999999988795
265,-0.1070999999999458
265,-0.012499999999818101
265,0.013500000000249202
265,0.2674000000001797
265,0.3709500000002208
265,0.49710000000004584
265,0.5597500000001219
265,0.7641000000000986
265,0.866950000000088
265,0.8987000000001899
265,0.9943000000000666
265,1.0454000000001997
265,1.0569500000001426
265,1.0774000000001251
265,1.1267500000001291
265,1.2184000000002015
265,1.3021500000002106
265,1.3439500000001772
265,1.450800000000072
265,1.4872000000000298
266,-0.4986999999998716
266,-0.3587999999999738
266,-0.21814999999992324
266,-0.14445000000000618
266,-0.11889999999993961
266,-0.07624999999984539
266,-0.036949999999933425
266,0.014150000000199725
266,0.04355000000009568
266,0.106899999999996
266,0.24520000000006803
266,0.25335000000018226
266,0.4060500000000502
266,0.4313000000001921
266,0.4805499999999938
266,0.505500000000211
266,0.549350000000004
266,0.5607500000000982
266,0.7623500000001968
266,0.8372000000001663
266,0.9406500000000051
266,0.9768000000001393
266,1.0412000000001171
266,1.0654000000001815
266,1.0900000000001455
266,1.1643000000001393
266,1.2465500000000702
266,1.2986500000001797
266,1.3382000000001426
266,1.3680500000000393
266,1.403150000000096
266,1.4557000000002063
267,-0.41965000000004693
267,-0.3680500000000393
267,-0.25270000000000437
267,-0.20495000000005348
267,-0.18219999999996617
267,-0.15200000000004366
267,-0.11574999999993452
267,-0.05160000000000764
267,-0.04629999999997381
267,-0.011449999999967986
267,0.007100000000036744
267,0.06740000000013424
267,0.13720000000012078
267,0.15194999999994252
267,0.17975000000001273
267,0.24469999999996617
267,0.2843000000000302
267,0.3115500000001248
267,0.35170000000016444
267,0.4042500000000473
267,0.5226999999999862
267,0.5951000000000022
267,0.6447000000000571
267,0.7364999999999782
267,0.755350000000135
267,0.8164500000000317
267,0.8493000000000848
267,0.975550000000112
267,1.1074000000000979
267,1.129699999999957
267,1.16800000000012
267,1.1990000000000691
267,1.2925000000000182
267,1.3207500000000891
267,1.3891000000000986
267,1.441000000000031
267,1.4634499999999662
267,1.4750500000000102
268,-0.4390000000000782
268,-0.2559000000001106
268,-0.23945000000003347
268,-0.2184500000000753
268,-0.14454999999998108
268,-0.1300499999999829
268,-0.030449999999973443
268,0.03854999999998654
268,0.07204999999999018
268,0.1017500000000382
268,0.1372999999998683
268,0.2178999999998723
268,0.23765000000003056
268,0.29074999999988904
268,0.3086000000000695
268,0.33034999999995307
268,0.3632999999999811
268,0.3925500000000284
268,0.4173000000000684
268,0.4492999999999938
268,0.527599999999893
268,0.5627500000000509
268,0.5871999999999389
268,0.7434499999999389
268,0.8151000000000295
268,0.8513499999999112
268,0.8739000000000487
268,0.9048999999999978
268,0.9428000000000338
268,0.9757500000000618
268,1.0452999999999975
268,1.0752999999999702
268,1.1650999999999385
268,1.213399999999865
268,1.2751000000000658
268,1.4777500000000146
269,-0.4841999999998734
269,-0.46879999999987376
269,-0.3934999999999036
269,-0.33105000000000473
269,-0.1711999999999989
269,-0.14445000000000618
269,-0.011899999999968713
269,0.106899999999996
269,0.13554999999996653
269,0.19135000000005675
269,0.248850000000175
269,0.29415000000017244
269,0.38340000000016516
269,0.4037500000001728
269,0.4338000000000193
269,0.7073500000001332
269,0.7647500000000491
269,0.8165500000000065
269,0.8450500000001284
269,0.891800000000103
269,0.9085000000000036
269,0.9277000000001863
269,0.9563000000000557
269,1.0054999999999836
269,1.3260999999999967
269,1.3603500000001532
269,1.4168500000000677
269,1.4661499999999705
269,1.4938500000000658
270,-0.4756999999999607
270,-0.4532499999997981
270,-0.39324999999985266
270,-0.34724999999980355
270,-0.3177499999999327
270,-0.27559999999994034
270,-0.24604999999996835
270,-0.21784999999977117
270,-0.16264999999998508
270,-0.1190999999998894
270,-0.08859999999981483
270,-0.0678499999999076
270,-0.04864999999995234
270,-0.031199999999898864
270,-0.0015999999998257408
270,0.0580000000002201
270,0.07380000000011933
270,0.0963000000001557
270,0.2658000000001266
270,0.39830000000006294
270,0.43505000000004657
270,0.498450000000048
270,0.5345500000000811
270,0.5550000000000637
270,0.5958000000000538
270,0.6229500000001735
270,0.6500500000001921
270,0.7391500000001088
270,0.7674500000000535
270,0.8530500000001666
270,0.8890500000002248
270,1.0262500000001182
270,1.1156000000000859
270,1.1659500000000662
270,1.1864000000000487
270,1.2421500000000378
270,1.2707000000000335
270,1.301350000000184
270,1.33725000000004
270,1.3495000000000346
270,1.4413500000000568
271,-0.48215000000004693
271,-0.41180000000008476
271,-0.3267000000000735
271,-0.16804999999999382
271,-0.12335000000007312
271,-0.0959499999999025
271,-0.07224999999993997
271,0.014750000000049113
271,0.0390500000000884
271,0.1391000000000986
271,0.20154999999999745
271,0.25129999999990105
271,0.30854999999996835
271,0.37505000000010114
271,0.41564999999991414
271,0.5472999999999502
271,0.5773999999998978
271,1.0311999999998989
271,1.2635999999999967
271,1.292699999999968
271,1.3216500000000906
271,1.3465000000001055
271,1.3858999999999924
271,1.4331500000000688
271,1.4562000000000808
272,-0.4101999999998043
272,-0.37459999999987303
272,-0.3284499999997479
272,-0.24984999999992397
272,-0.22519999999985885
272,-0.15554999999994834
272,-0.12184999999976753
272,-0.08724999999981264
272,-0.010299999999915599
272,0.08625000000006366
272,0.12230000000022301
272,0.13445000000024265
272,0.16495000000008986
272,0.17750000000023647
272,0.23400000000015098
272,0.25510000000008404
272,0.28480000000013206
272,0.3050500000001648
272,0.3283000000001266
272,0.3508500000002641
272,0.4086000000002059
272,0.46175000000016553
272,0.49510000000009313
272,0.5976000000000568
272,0.6327500000002146
272,0.6779500000002372
272,0.699100000000044
272,0.7164000000002488
272,0.7389000000000578
272,0.7670000000000528
272,0.8838500000001659
272,0.9113000000002103
272,1.01720000000023
272,1.1586500000000797
272,1.19275000000016
272,1.2226500000001579
272,1.2868000000000848
272,1.391950000000179
273,-0.36400000000003274
273,-0.3082999999999174
273,-0.19910000000004402
273,-0.15284999999994398
273,-0.12425000000007458
273,-0.06500000000005457
273,-0.027000000000043656
273,-0.010299999999915599
273,0.013149999999995998
273,0.032500000000027285
273,0.10310000000004038
273,0.13059999999995853
273,0.15904999999997926
273,0.1896999999999025
273,0.26054999999996653
273,0.3226999999999407
273,0.3386000000000422
273,0.39294999999992797
273,0.45100000000002183
273,0.4788499999999658
273,0.5235999999999876
273,0.5578499999999167
273,0.5754500000000462
273,0.6222499999998945
273,0.6548999999999978
273,0.9483499999998912
273,1.0324000000000524
273,1.0660499999999047
273,1.1461500000000342
273,1.2064000000000306
273,1.2229500000000826
273,1.2330500000000484
273,1.3096499999999196
273,1.3359499999999116
273,1.454150000000027
274,-0.4776999999999134
274,-0.440199999999777
274,-0.39004999999974643
274,-0.3094499999999698
274,-0.15219999999976608
274,-0.11969999999996617
274,-0.10729999999989559
274,-0.07444999999984248
274,-0.020649999999932334
274,0.05135000000018408
274,0.07870000000025357
274,0.11075000000005275
274,0.1390000000001237
274,0.1560500000000502
274,0.24470000000019354
274,0.35495000000014443
274,0.4418000000000575
274,0.5306500000001506
274,0.6461500000000342
274,0.6774500000001353
274,0.6916500000002088
274,0.7114500000002408
274,0.8308000000001812
274,0.8747000000000753
274,0.9041500000000724
274,0.9741500000002361
274,1.0778000000002521
274,1.161600000000135
274,1.2343500000001768
274,1.3184000000001106
274,1.3537000000001171
274,1.3699500000002445
274,1.465800000000172
275,-0.4727499999999054
275,-0.2956500000000233
275,-0.2188499999999749
275,-0.13720000000012078
275,-0.12190000000009604
275,-0.09639999999990323
275,0.02624999999989086
275,0.08095000000002983
275,0.13175000000001091
275,0.17010000000004766
275,0.20434999999997672
275,0.24624999999991815
275,0.3041000000000622
275,0.32884999999987485
275,0.41534999999998945
275,0.4743499999999585
275,0.50974999999994
275,0.5618500000000495
275,0.6996500000000196
275,0.8297499999998763
275,0.8738499999999476
275,0.8965499999999338
275,1.0419999999999163
275,1.0591999999999189
275,1.095700000000079
275,1.1387999999999465
275,1.3119999999998981
275,1.3288499999998749
275,1.4246499999999287
276,-0.47584999999980937
276,-0.45804999999995744
276,-0.43174999999996544
276,-0.37514999999984866
276,-0.35954999999989923
276,-0.34399999999982356
276,-0.27244999999993524
276,-0.23484999999982392
276,-0.182549999999992
276,-0.14324999999985266
276,-0.0808999999999287
276,-0.06579999999985375
276,-0.04119999999988977
276,-0.032150000000001455
276,0.004000000000132786
276,0.06685000000015862
276,0.10740000000009786
276,0.11860000000001492
276,0.15645000000017717
276,0.24260000000003856
276,0.35410000000001673
276,0.3843500000000404
276,0.43020000000001346
276,0.4649000000001706
276,0.5248000000001412
276,0.5767500000001746
276,0.6598500000000058
276,0.6826000000000931
276,0.701050000000123
276,0.7852500000001328
276,0.807549999999992
276,0.8478000000000065
276,0.8792000000000826
276,0.9687000000001262
276,1.1456000000000586
276,1.1617499999999836
276,1.2299500000001444
276,1.3082500000000437
276,1.3432999999999993
276,1.3747500000001764
276,1.4212999999999738
276,1.4534499999999753
277,-0.4809499999998934
277,-0.3641499999998814
277,-0.27575000000001637
277,-0.24604999999996835
277,-0.19934999999986758
277,-0.17699999999990723
277,-0.15899999999987813
277,-0.1122499999999036
277,-0.06539999999995416
277,-0.027949999999918873
277,-0.0074499999998351996
277,0.07384999999999309
277,0.14750000000003638
277,0.17925000000013824
277,0.23375000000010004
277,0.27359999999998763
277,0.29110000000014224
277,0.3218000000001666
277,0.4109000000000833
277,0.42430000000013024
277,0.5022500000000036
277,0.5283500000000458
277,0.5509500000000571
277,0.5756000000001222
277,0.6916499999999814
277,0.7952000000000226
277,0.8128500000000258
277,0.8699000000001433
277,0.8902000000000498
277,0.9456000000000131
277,0.9791500000001179
277,1.0339500000000044
277,1.0750500000001466
277,1.1110499999999774
277,1.2071500000001834
277,1.2297000000000935
277,1.334100000000035
277,1.3961000000001604
277,1.417950000000019
277,1.4709500000001299
278,-0.46374999999989086
278,-0.4514999999998963
278,-0.3412999999998192
278,-0.31934999999975844
278,-0.29139999999983957
278,-0.2734499999999116
278,-0.2516499999999269
278,-0.2314499999997679
278,-0.21389999999973952
278,-0.19774999999981446
278,-0.10034999999993488
278,-0.06819999999993342
278,-0.04189999999994143
278,-0.013499999999794454
278,0.0420000000001437
278,0.0832500000001346
278,0.1071500000002743
278,0.15410000000019863
278,0.2115000000001146
278,0.284650000000056
278,0.29940000000010514
278,0.33350000000018554
278,0.4469000000001415
278,0.5227500000000873
278,0.7350000000001273
278,0.9074500000001535
278,0.92775000000006
278,1.057950000000119
278,1.1730000000002292
278,1.1943500000002132
278,1.2506000000000768
278,1.2967000000001008
278,1.3465500000002066
278,1.3926500000002306
278,1.4290500000001884
278,1.4627500000001419
279,-0.396349999999984
279,-0.36154999999985193
279,-0.3293499999999767
279,-0.21634999999992033
279,-0.20135000000004766
279,-0.13289999999983593
279,-0.05714999999986503
279,-0.01724999999987631
279,0.008299999999962893
279,0.11865000000011605
279,0.19230000000015934
279,0.2788500000001477
279,0.30465000000003783
279,0.35685000000012224
279,0.5693499999999858
279,0.5870500000000902
279,0.6194000000000415
279,0.6638000000000375
279,0.7100500000001375
279,0.9368500000000495
279,0.9628500000001168
279,0.9861499999999523
279,1.1064499999999953
279,1.1527000000000953
279,1.2146000000000186
279,1.273149999999987
280,-0.3865499999999429
280,-0.3191999999999098
280,-0.24244999999996253
280,-0.22604999999998654
280,-0.18074999999998909
280,-0.14505000000008295
280,-0.13715000000001965
280,-0.09885000000008404
280,-0.05400000000008731
280,-0.011549999999942884
280,0.07144999999991342
280,0.14979999999991378
280,0.24939999999992324
280,0.28549999999995634
280,0.3780500000000302
280,0.4311000000000149
280,0.4631500000000415
280,0.7742000000000644
280,0.83725000000004
280,0.9161999999998898
280,1.0499500000000808
280,1.0700500000000375
280,1.252999999999929
280,1.3988500000000386
280,1.4281000000000859
281,-0.4695999999999003
281,-0.41924999999991996
281,-0.3329999999998563
281,-0.32054999999991196
281,-0.28304999999977554
281,-0.2311499999998432
281,-0.21994999999992615
281,-0.13279999999986103
281,-0.06659999999988031
281,-0.017349999999851207
281,0.0843000000002121
281,0.10215000000016516
281,0.15770000000020445
281,0.4233000000001539
281,0.4941500000002179
281,0.5887500000001182
281,0.6212500000001455
281,0.6404500000001008
281,0.6599500000002081
281,0.6748000000002321
281,0.7322000000001481
281,0.8093000000001211
281,0.8440000000002783
281,0.8966500000001361
281,0.9194000000002234
281,0.9517500000001746
281,0.9984000000001743
281,1.0438000000001466
281,1.1096500000001015
281,1.120600000000195
281,1.318100000000186
281,1.3848500000001422
281,1.4514000000001488
281,1.4743000000000848
282,-0.4626499999999396
282,-0.37734999999997854
282,-0.30949999999984357
282,-0.1697999999998956
282,-0.111850000000004
282,-0.09694999999987886
282,-0.06549999999992906
282,-0.03794999999990978
282,-0.007650000000012369
282,0.019750000000158252
282,0.04905000000007931
282,0.10969999999997526
282,0.17210000000000036
282,0.2008499999999458
282,0.23725000000013097
282,0.2695000000001073
282,0.37474999999994907
282,0.577199999999948
282,0.6192499999999654
282,0.6608499999999822
282,0.6922500000000582
282,0.9139500000001135
282,0.9842000000001008
282,1.0403499999999894
282,1.2529500000000553
282,1.379950000000008
282,1.4306000000001404
283,-0.4701000000000022
283,-0.44839999999999236
283,-0.4017499999999927
283,-0.3902499999999236
283,-0.37984999999980573
283,-0.3592999999998483
283,-0.3327999999999065
283,-0.3211499999999887
283,-0.2981499999998505
283,-0.27589999999986503
283,-0.25424999999995634
283,-0.18529999999987012
283,-0.0830999999998312
283,0.006300000000010186
283,0.08045000000015534
283,0.11980000000016844
283,0.14015000000017608
283,0.16765000000009422
283,0.2155999999999949
283,0.291550000000143
283,0.3169500000001335
283,0.3597500000000764
283,0.4944500000001426
283,0.572800000000143
283,0.6328500000001895
283,0.6647000000000389
283,0.696100000000115
283,0.7224500000002081
283,0.7491500000000997
283,0.7753999999999905
283,0.8129500000000007
283,0.867200000000139
283,0.949100000000044
283,1.0370000000000346
283,1.1123500000001059
283,1.153150000000096
283,1.237400000000207
283,1.3047500000000127
283,1.3593500000001768
283,1.3765500000001794
283,1.4085000000000036
283,1.4520500000000993
283,1.4996000000001004
284,-0.4853499999999258
284,-0.4284500000001117
284,-0.37580000000002656
284,-0.3479500000000826
284,-0.30760000000009313
284,-0.2664999999999509
284,-0.1977999999999156
284,-0.053699999999935244
284,-0.012999999999919964
284,0.03559999999993124
284,0.1198500000000422
284,0.13754999999991924
284,0.1672000000000935
284,0.22534999999993488
284,0.29854999999997744
284,0.4409499999999298
284,0.49814999999989595
284,0.595049999999901
284,0.78125
284,0.848549999999932
284,1.1221000000000458
284,1.2838500000000295
284,1.3248000000000957
284,1.4210000000000491
284,1.4794999999999163
285,-0.4717000000000553
285,-0.4282499999999345
285,-0.3733500000000731
285,-0.3366000000000895
285,-0.3096499999999196
285,-0.2847500000000309
285,-0.25405000000000655
285,-0.2241999999998825
285,-0.16075000000000728
285,-0.11674999999991087
285,-0.02154999999993379
285,0.0015000000000782165
285,0.0362999999999829
285,0.11180000000013024
285,0.16249999999990905
285,0.18495000000007167
285,0.23125000000004547
285,0.26005000000009204
285,0.4020499999999174
285,0.4616000000000895
285,0.48060000000009495
285,0.5041499999999814
285,0.5361000000000331
285,0.6280500000000302
285,0.7446999999999662
285,0.7909500000000662
285,0.8831000000000131
285,0.902849999999944
285,0.9272499999999582
285,0.9516000000000986
285,0.978800000000092
285,1.1667500000000928
285,1.2077500000000327
285,1.2520500000000538
285,1.3257000000000971
285,1.366649999999936
285,1.4763499999999112
285,1.4868000000001302
286,-0.41030000000000655
286,-0.34874999999988177
286,-0.3192999999998847
286,-0.29034999999998945
286,-0.22534999999993488
286,-0.2130499999998392
286,-0.18389999999999418
286,-0.15219999999999345
286,-0.12314999999989595
286,-0.11359999999990578
286,-0.08654999999998836
286,-0.021399999999857755
286,0.023350000000164073
286,0.044700000000148066
286,0.09685000000013133
286,0.14550000000008367
286,0.18360000000006949
286,0.37160000000017135
286,0.387000000000171
286,0.4489000000000942
286,0.5416500000001179
286,0.6228500000001986
286,0.7056999999999789
286,0.8205500000001393
286,0.8391500000000178
286,0.8701500000001943
286,0.8827000000001135
286,0.9692999999999756
286,1.008199999999988
286,1.079200000000128
286,1.1903500000000804
286,1.266650000000027
286,1.3001000000001568
286,1.3696500000000924
286,1.4429000000000087
287,-0.44174999999995634
287,-0.40774999999985084
287,-0.38144999999985885
287,-0.34410000000002583
287,-0.3211999999998625
287,-0.3093499999999949
287,-0.28599999999983083
287,-0.22254999999995562
287,-0.19869999999991705
287,-0.1763499999999567
287,-0.15879999999992833
287,-0.134349999999813
287,-0.12359999999989668
287,-0.10829999999987194
287,-0.07594999999992069
287,-0.022499999999809006
287,-0.006549999999833744
287,0.009350000000040382
287,0.05100000000015825
287,0.07474999999999454
287,0.0887000000000171
287,0.1096500000001015
287,0.13960000000020045
287,0.16600000000016735
287,0.2276000000001659
287,0.26470000000017535
287,0.3025000000000091
287,0.36025000000017826
287,0.3913500000001022
287,0.41275000000018736
287,0.44575000000008913
287,0.5371999999999844
287,0.6208000000001448
287,0.6804000000001906
287,0.75324999999998
287,0.816150000000107
287,0.87175000000002
287,0.8852000000001681
287,1.0404000000000906
287,1.149900000000116
287,1.1813500000000658
287,1.2916000000000167
287,1.3040500000001884
287,1.3448000000000775
287,1.4243000000001302
287,1.4630000000001928
288,-0.44499999999993634
288,-0.41669999999999163
288,-0.35819999999989705
288,-0.32224999999994
288,-0.270949999999857
288,-0.2193499999998494
288,-0.17934999999988577
288,-0.13969999999994798
288,-0.06369999999992615
288,-0.04644999999982247
288,-0.01759999999990214
288,0.03745000000003529
288,0.0805000000000291
288,0.09545000000002801
288,0.11590000000001055
288,0.13685000000009495
288,0.16555000000016662
288,0.17785000000003492
288,0.22525000000018736
288,0.29490000000009786
288,0.3394500000001699
288,0.3632000000000062
288,0.3943000000001575
288,0.5039000000001579
288,0.6317000000001372
288,0.6589500000000044
288,0.7090500000001612
288,0.7306500000001961
288,0.8259500000001481
288,0.923200000000179
288,0.9772000000000389
288,1.0095499999999902
288,1.044650000000047
288,1.1032999999999902
288,1.1277000000000044
288,1.2450000000001182
288,1.2604000000001179
288,1.2867000000001099
288,1.3548000000000684
288,1.453800000000001
289,-0.48879999999985557
289,-0.4676999999999225
289,-0.4230499999998756
289,-0.36869999999976244
289,-0.32359999999994216
289,-0.2766999999998916
289,-0.23004999999989195
289,-0.10444999999981519
289,-0.08274999999980537
289,-0.03734999999983302
289,-0.015649999999823194
289,0.040150000000039654
289,0.10495000000014443
289,0.133750000000191
289,0.17115000000012515
289,0.19690000000014152
289,0.23305000000004839
289,0.26510000000007494
289,0.3316500000000815
289,0.48355000000015025
289,0.5761000000002241
289,0.6033500000000913
289,0.6292500000001837
289,0.6753000000001066
289,0.6908000000000811
289,0.728800000000092
289,0.7684500000002572
289,0.7921000000001186
289,0.822950000000219
289,0.8515000000002146
289,0.8789000000001579
289,0.9137500000001637
289,0.9978000000000975
289,1.0244000000002416
289,1.081050000000232
289,1.098950000000059
289,1.1411500000001524
289,1.1973500000001422
289,1.2412000000001626
289,1.2607000000000426
289,1.2829500000002554
289,1.3205500000001393
289,1.3497500000000855
289,1.393350000000055
289,1.4420000000002346
289,1.4499500000001717
289,1.4763000000000375
289,1.4978500000001986
290,-0.4988499999999476
290,-0.46289999999999054
290,-0.44145000000003165
290,-0.4239000000000033
290,-0.40239999999994325
290,-0.3801499999999578
290,-0.3506499999998596
290,-0.32590000000004693
290,-0.2980000000000018
290,-0.2854499999998552
290,-0.2537499999998545
290,-0.21659999999997126
290,-0.20049999999991996
290,-0.1616999999998825
290,-0.14245000000005348
290,-0.11009999999987485
290,-0.07739999999989777
290,-0.023199999999860665
290,0.08349999999995816
290,0.11080000000015389
290,0.1346000000000913
290,0.1574000000000524
290,0.18105000000014115
290,0.26035000000001673
290,0.29605000000015025
290,0.345450000000028
290,0.3928000000000793
290,0.4154000000000906
290,0.43230000000016844
290,0.47375000000010914
290,0.5387000000000626
290,0.6015500000000884
290,0.6765500000001339
290,0.6922500000000582
290,0.796500000000151
290,0.8083500000000186
290,0.833849999999984
290,0.8828499999999622
290,0.8985999999999876
290,0.9236000000000786
290,0.9601000000000113
290,1.0623500000001513
290,1.1275500000001557
290,1.1392000000000735
290,1.1687500000000455
290,1.1789000000001124
290,1.2014500000000226
290,1.278099999999995
290,1.3587999999999738
290,1.3790000000001328
290,1.4220000000000255
290,1.4404500000000553
290,1.4682500000001255
291,-0.49919999999997344
291,-0.42249999999989996
291,-0.4020499999999174
291,-0.3585499999999229
291,-0.15259999999989304
291,-0.051799999999957436
291,0.055200000000240834
291,0.08140000000003056
291,0.11905000000024302
291,0.14400000000023283
291,0.1782500000001619
291,0.23310000000014952
291,0.25280000000020664
291,0.27645000000006803
291,0.2942000000000462
291,0.3125000000002274
291,0.35140000000023974
291,0.372150000000147
291,0.4174000000000433
291,0.49735000000009677
291,0.5412000000001171
291,0.5867000000000644
291,0.6072500000002492
291,0.6867500000000746
291,0.7231000000001586
291,0.7727500000000873
291,0.8181500000000597
291,0.8510000000001128
291,0.8691000000001168
291,0.8871000000001459
291,0.9680000000000746
291,0.9926500000001397
291,1.013700000000199
291,1.023200000000088
291,1.0409500000000662
291,1.0622000000000753
291,1.0831000000000586
291,1.0989000000001852
291,1.1143500000000586
291,1.1499500000002172
291,1.2266000000001895
291,1.2541500000002088
291,1.2777000000000953
291,1.3450000000000273
291,1.3742000000002008
291,1.43950000000018
292,-0.479799999999841
292,-0.443599999999833
292,-0.4065499999999247
292,-0.3865499999999429
292,-0.36850000000004
292,-0.338799999999992
292,-0.3079000000000178
292,-0.2925000000000182
292,-0.25205000000005384
292,-0.1634999999998854
292,-0.13660000000004402
292,0.020549999999957436
292,0.0362999999999829
292,0.08220000000005712
292,0.09540000000015425
292,0.17975000000001273
292,0.21555000000012114
292,0.24385000000006585
292,0.32415000000014516
292,0.34159999999997126
292,0.4055000000000746
292,0.5552000000000135
292,0.6132000000000062
292,0.654549999999972
292,0.7038500000001022
292,0.7666500000000269
292,0.8221000000000913
292,0.8474499999999807
292,0.9373000000000502
292,1.0275000000001455
292,1.2001000000000204
292,1.2210999999999785
292,1.403099999999995
293,-0.4694499999998243
293,-0.31369999999992615
293,-0.27004999999985557
293,-0.2209499999999025
293,-0.1735999999998512
293,-0.14574999999990723
293,-0.07674999999994725
293,-0.003399999999828651
293,0.025900000000092405
293,0.06870000000003529
293,0.09055000000012114
293,0.10120000000006257
293,0.12920000000008258
293,0.15715000000000146
293,0.16300000000001091
293,0.3315500000001066
293,0.39200000000005275
293,0.5410000000001673
293,0.5717000000001917
293,0.5995000000000346
293,0.6147500000001855
293,0.6488500000000386
293,0.8695000000000164
293,0.9291000000000622
293,0.9468000000001666
293,0.9583999999999833
293,1.013800000000174
293,1.0243000000000393
293,1.0702000000001135
293,1.092450000000099
293,1.1385000000000218
293,1.225650000000087
293,1.2472000000000207
293,1.2812000000001262
293,1.3281000000001768
293,1.3892000000000735
293,1.4317000000000917
293,1.447700000000168
293,1.4712500000000546
293,1.4778000000001157
294,-0.4802999999999429
294,-0.359000000000151
294,-0.3052500000001146
294,-0.2834500000001299
294,-0.2618999999999687
294,-0.21905000000015207
294,-0.16970000000014807
294,-0.13940000000002328
294,-0.10474999999996726
294,-0.04295000000001892
294,-0.0012500000000272848
294,0.13750000000004547
294,0.20180000000004839
294,0.3206000000000131
294,0.3580500000000484
294,0.38269999999988613
294,0.4175999999999931
294,0.4423500000000331
294,0.5040500000000065
294,0.5364999999999327
294,0.5912499999999454
294,0.6431999999999789
294,0.7104999999999109
294,0.7644999999999982
294,0.8357499999999618
294,0.8804499999998825
294,0.8993000000000393
294,0.9472000000000662
294,1.013249999999971
294,1.058949999999868
294,1.1091999999998734
294,1.2123999999998887
294,1.2312500000000455
294,1.258199999999988
294,1.272799999999961
294,1.310649999999896
294,1.3445500000000266
294,1.3724499999998443
294,1.3922000000000025
294,1.4208999999998468
294,1.4445499999999356
294,1.4749500000000353
295,-0.417149999999765
295,-0.39009999999984757
295,-0.29099999999994
295,-0.22519999999985885
295,-0.181999999999789
295,-0.16279999999983374
295,-0.12179999999989377
295,-0.08884999999986576
295,-0.07364999999981592
295,-0.03259999999977481
295,-0.011999999999943611
295,0.005300000000261207
295,0.031800000000203
295,0.06200000000012551
295,0.07790000000022701
295,0.10035000000016225
295,0.16420000000016444
295,0.1911000000002332
295,0.21915000000012697
295,0.2702500000002601
295,0.3672500000002401
295,0.4053000000001248
295,0.5133500000001732
295,0.5417500000000928
295,0.6223500000000968
295,0.6389000000001488
295,0.6729500000001281
295,0.7196000000001277
295,0.7392500000000837
295,0.7869500000001608
295,0.8716500000002725
295,0.8860500000000684
295,0.9053500000002259
295,0.9593000000002121
295,0.9850500000002285
295,1.0399500000000899
295,1.0777000000000498
295,1.107350000000224
295,1.1767500000000837
295,1.215900000000147
295,1.3018500000000586
295,1.3192000000001372
295,1.3476000000000568
295,1.386850000000095
295,1.4571000000000822
296,-0.4464999999997872
296,-0.34124999999994543
296,-0.30274999999983265
296,-0.22444999999993342
296,-0.20054999999979373
296,-0.1501499999999396
296,-0.09184999999979482
296,0.06980000000021391
296,0.0942000000002281
296,0.16000000000008185
296,0.18555000000014843
296,0.24785000000019863
296,0.28500000000008185
296,0.33890000000019427
296,0.43460000000004584
296,0.4716000000000804
296,0.5606500000001233
296,0.6565000000000509
296,0.679450000000088
296,0.7628500000000713
296,0.7875500000002376
296,0.8223500000001422
296,0.9951000000000931
296,1.0902500000001965
296,1.102200000000039
296,1.1638500000001386
296,1.2203500000000531
296,1.253800000000183
296,1.3653000000001612
296,1.475950000000239
296,1.4961000000000695
297,-0.4798000000000684
297,-0.4084500000001299
297,-0.33304999999995744
297,-0.24205000000006294
297,-0.17174999999997453
297,-0.13695000000006985
297,-0.11034999999992579
297,0.00959999999986394
297,0.05389999999988504
297,0.13400000000001455
297,0.20585000000005493
297,0.2416000000000622
297,0.28864999999996144
297,0.36134999999990214
297,0.39629999999988286
297,0.6301499999999578
297,0.7336999999999989
297,0.8368000000000393
297,0.8867000000000189
297,1.031500000000051
297,1.1173999999998614
297,1.1444500000000062
297,1.1725999999998749
297,1.3487499999998818
297,1.3916999999999007
297,1.4067000000000007
297,1.4283000000000357
297,1.4423999999999069
297,1.4809999999999945
297,1.4992999999999483
298,-0.44049999999992906
298,-0.4163499999999658
298,-0.3713000000000193
298,-0.291150000000016
298,-0.25555000000008476
298,-0.23659999999995307
298,-0.18589999999994689
298,-0.1664499999999407
298,-0.13664999999991778
298,-0.08324999999990723
298,-0.07175000000006548
298,-0.04884999999990214
298,-0.02119999999990796
298,-0.00994999999988977
298,0.012150000000019645
298,0.0363999999999578
298,0.05065000000013242
298,0.09020000000009532
298,0.10320000000001528
298,0.1297500000000582
298,0.16360000000008768
298,0.18315000000006876
298,0.21669999999994616
298,0.2308499999999185
298,0.27175000000011096
298,0.32265000000006694
298,0.42229999999995016
298,0.4603500000000622
298,0.5075500000000375
298,0.5768000000000484
298,0.5881999999999152
298,0.6340999999999894
298,0.6623999999999342
298,0.6992000000000189
298,0.7497499999999491
298,0.7863999999999578
298,0.8434500000000753
298,0.85349999999994
298,0.9418000000000575
298,0.96225000000004
298,0.9811999999999443
298,0.998700000000099
298,1.047900000000027
298,1.0799999999999272
298,1.1122000000000298
298,1.1521000000000186
298,1.1980499999999665
298,1.23700000000008
298,1.3136999999999261
298,1.3580999999999221
298,1.4135499999999865
298,1.432399999999916
298,1.450399999999945
299,-0.48765000000003056
299,-0.4562499999999545
299,-0.43214999999986503
299,-0.4097500000000309
299,-0.3851999999999407
299,-0.3394499999999425
299,-0.3169000000000324
299,-0.25835000000006403
299,-0.19439999999985957
299,-0.1110999999998512
299,-0.08995000000004438
299,-0.04295000000001892
299,0.00860000000011496
299,0.07465000000001965
299,0.13010000000008404
299,0.14460000000008222
299,0.16174999999998363
299,0.19620000000008986
299,0.23680000000013024
299,0.2529500000000553
299,0.26835000000005493
299,0.2744999999999891
299,0.29845000000000255
299,0.34760000000005675
299,0.4368500000000495
299,0.48860000000013315
299,0.5072999999999865
299,0.5273999999999432
299,0.5605500000001484
299,0.5946000000001277
299,0.625
299,0.6586999999999534
299,0.6893999999999778
299,0.7453500000001441
299,0.77150000000006
299,0.8261999999999716
299,0.8507500000000618
299,0.868650000000116
299,0.8860999999999422
299,0.9043500000000222
299,0.9471000000000913
299,0.9715000000001055
299,1.021600000000035
299,1.1156000000000859
299,1.1299000000001342
299,1.1452500000000327
299,1.1950500000000375
299,1.220700000000079
299,1.248700000000099
299,1.3045999999999367
299,1.3436000000001513
299,1.419499999999971
300,-0.4157999999999902
300,-0.3734999999999218
300,-0.33189999999990505
300,-0.14879999999993743
300,-0.020399999999881402
300,0.02490000000011605
300,0.04560000000014952
300,0.08395000000018626
300,0.10550000000012005
300,0.19190000000003238
300,0.20704999999998108
300,0.2417000000000371
300,0.2548500000000331
300,0.27775000000019645
300,0.33110000000010587
300,0.35665000000017244
300,0.37180000000012114
300,0.39570000000003347
300,0.4248999999999796
300,0.44775000000004184
300,0.5214500000001863
300,0.5342500000001564
300,0.607450000000199
300,0.6486500000000888
300,0.6766999999999825
300,0.7104000000001633
300,0.7467000000001462
300,0.77800000000002
300,0.7947000000001481
300,0.8235500000000684
300,0.8845000000001164
300,0.9499000000000706
300,0.973850000000084
300,1.1291499999999814
300,1.260050000000092
300,1.3169500000001335
300,1.3435000000001764
300,1.3830500000001393
300,1.457600000000184
300,1.4946500000000924
301,-0.451799999999821
301,-0.41249999999990905
301,-0.38194999999973334
301,-0.29569999999989705
301,-0.1426499999997759
301,-0.04884999999990214
301,-0.02074999999990723
301,0.03575000000023465
301,0.08530000000018845
301,0.09785000000010768
301,0.11985000000026957
301,0.21725000000014916
301,0.24495000000024447
301,0.27385000000026594
301,0.2935500000000957
301,0.3332500000001346
301,0.4289000000001124
301,0.45685000000025866
301,0.4762500000001637
301,0.4868500000002314
301,0.5040000000001328
301,0.519950000000108
301,0.561200000000099
301,0.5884500000001935
301,0.6134500000002845
301,0.6312500000001364
301,0.6451000000001841
301,0.7022000000001754
301,0.7416500000001633
301,0.9644500000001699
301,1.007050000000163
301,1.024900000000116
301,1.0673500000002605
301,1.2230000000001837
301,1.255100000000084
301,1.2979000000002543
301,1.3114000000002761
301,1.4527000000002772
302,-0.4705999999998767
302,-0.4152499999997872
302,-0.3986499999998614
302,-0.17164999999977226
302,-0.13874999999984539
302,-0.12689999999975043
302,-0.11284999999975298
302,-0.04699999999979809
302,0.027250000000094587
302,0.08240000000023429
302,0.09900000000016007
302,0.11850000000026739
302,0.18750000000022737
302,0.2065500000001066
302,0.2224500000002081
302,0.25690000000008695
302,0.28645000000005894
302,0.32720000000017535
302,0.35920000000010077
302,0.3850000000002183
302,0.42135000000007494
302,0.45535000000018044
302,0.4932000000001153
302,0.5413500000001932
302,0.5621000000001004
302,0.6975000000002183
302,0.8004500000001826
302,0.9100000000000819
302,0.962800000000243
302,1.0411500000002434
302,1.08945000000017
302,1.1110500000002048
302,1.1481000000001131
302,1.1983000000002448
302,1.227750000000242
302,1.2674000000001797
302,1.2930500000002212
302,1.376950000000079
302,1.4342500000002474
302,1.4973500000000968
303,-0.4802500000000691
303,-0.4490499999999429
303,-0.4131999999999607
303,-0.342200000000048
303,-0.30645000000004075
303,-0.28385000000002947
303,-0.2669499999999516
303,-0.20029999999997017
303,-0.14979999999991378
303,-0.09159999999997126
303,0.10149999999998727
303,0.22280000000000655
303,0.2647999999999229
303,0.3037500000000364
303,0.32465000000001965
303,0.33940000000006876
303,0.4798000000000684
303,0.5136999999999716
303,0.5314499999999498
303,0.5608999999999469
303,0.593900000000076
303,0.6974999999999909
303,0.745450000000119
303,0.7925500000001193
303,0.8620499999999538
303,0.8959999999999582
303,0.9573499999999058
303,1.0291999999999462
303,1.148300000000063
303,1.2355999999999767
303,1.2774500000000444
303,1.3129500000000007
303,1.385050000000092
303,1.4440999999999349
303,1.4828999999999724
304,-0.47339999999985594
304,-0.42714999999998327
304,-0.38265000000001237
304,-0.3061000000000149
304,-0.2869499999999334
304,-0.1824500000000171
304,-0.05889999999999418
304,0.05365000000006148
304,0.20515000000000327
304,0.2319999999999709
304,0.2476000000001477
304,0.31805000000008476
304,0.33609999999998763
304,0.40655000000015207
304,0.43000000000006366
304,0.5728500000000167
304,0.6179500000000644
304,0.6800500000001648
304,0.79300000000012
304,0.8774500000001808
304,0.9286500000000615
304,0.9455000000000382
304,0.9845000000000255
304,1.0278000000000702
304,1.0454500000000735
304,1.0606500000001233
304,1.105099999999993
304,1.1494000000000142
304,1.1722500000000764
304,1.2487499999999727
304,1.2726500000001124
304,1.2995500000001812
304,1.3988500000000386
304,1.4503500000000713
305,-0.42859999999996035
305,-0.36954999999989013
305,-0.3141499999999269
305,-0.28569999999990614
305,-0.23550000000000182
305,-0.20924999999988358
305,-0.1641500000000633
305,-0.08245000000010805
305,-0.026699999999891588
305,0.005850000000009459
305,0.02320000000008804
305,0.0522000000000844
305,0.0938499999999749
305,0.1038499999999658
305,0.12705000000005384
305,0.14235000000007858
305,0.29655000000002474
305,0.3253500000000713
305,0.3499500000000353
305,0.5087499999999636
305,0.5771500000000742
305,0.626850000000104
305,0.6722999999999502
305,0.7122999999999138
305,0.7977000000000771
305,0.9484500000000935
305,0.9583000000000084
305,1.0095000000001164
305,1.1040000000000418
305,1.1576500000001033
305,1.2093500000000859
305,1.2489499999999225
305,1.3382500000000164
306,-0.45640000000003056
306,-0.4083499999999276
306,-0.39675000000011096
306,-0.38304999999991196
306,-0.36770000000001346
306,-0.33615000000008877
306,-0.2841000000000804
306,-0.16554999999993925
306,-0.10550000000012005
306,-0.03480000000013206
306,0.019700000000057116
306,0.05009999999992942
306,0.10390000000006694
306,0.11509999999998399
306,0.1351999999999407
306,0.22720000000003893
306,0.2723000000000866
306,0.33539999999993597
306,0.366800000000012
306,0.3830000000000382
306,0.4083499999999276
306,0.49510000000009313
306,0.567450000000008
306,0.6651500000000397
306,0.7410500000000866
306,0.7651499999999487
306,0.8281500000000506
306,0.8408500000000458
306,0.8555499999999938
306,0.9329000000000178
306,1.026149999999916
306,1.0434999999999945
306,1.1224500000000717
306,1.2752499999999145
306,1.3642500000000837
307,-0.37019999999984066
307,-0.27664999999979045
307,-0.24854999999979555
307,-0.13814999999976862
307,-0.11419999999998254
307,-0.07174999999983811
307,-0.04124999999976353
307,-0.008499999999912689
307,0.03215000000022883
307,0.051750000000083674
307,0.1016500000000633
307,0.18525000000022374
307,0.2643500000001495
307,0.2861000000000331
307,0.3632500000001073
307,0.4408000000000811
307,0.47830000000021755
307,0.5097500000001673
307,0.603650000000016
307,0.6315500000000611
307,0.6444500000002336
307,0.6753000000001066
307,0.7157500000000709
307,0.745450000000119
307,0.7693500000000313
307,0.8375500000001921
307,0.9258500000000822
307,0.9727500000001328
307,1.028550000000223
307,1.0634000000002288
307,1.0785500000001775
307,1.2974500000000262
307,1.3268000000000484
307,1.3830000000000382
307,1.4158000000002176
308,-0.45929999999975735
308,-0.3309999999999036
308,-0.32294999999976426
308,-0.3061499999998887
308,-0.28589999999985594
308,-0.27109999999993306
308,-0.21289999999976317
308,-0.17279999999982465
308,-0.10764999999992142
308,-0.06544999999982792
308,-0.047149999999874126
308,-0.015049999999973807
308,0.0764000000001488
308,0.11570000000006075
308,0.13635000000022046
308,0.1690000000000964
308,0.21095000000013897
308,0.2542000000000826
308,0.2956000000001495
308,0.3103000000000975
308,0.33265000000005784
308,0.35425000000009277
308,0.4137500000001637
308,0.4345500000001721
308,0.46125000000006366
308,0.5441000000000713
308,0.605350000000044
308,0.6428000000000793
308,0.6635000000001128
308,0.7223000000001321
308,0.7722000000001117
308,0.8138500000002296
308,0.8502000000000862
308,0.8873500000001968
308,0.9109000000000833
308,0.9464500000001408
308,1.1045500000002448
308,1.1241500000000997
308,1.2425000000000637
308,1.2865500000000338
308,1.3668500000001131
308,1.3834000000001652
308,1.4119000000000597
309,-0.3354500000000371
309,-0.2977499999999509
309,-0.09224999999992178
309,-0.040299999999888314
309,-0.0063499999998839485
309,0.029999999999972715
309,0.0677499999999327
309,0.08339999999998327
309,0.10280000000011569
309,0.12355000000002292
309,0.17290000000002692
309,0.2502999999999247
309,0.3305000000000291
309,0.36770000000001346
309,0.389699999999948
309,0.427599999999984
309,0.5896500000001197
309,0.6445499999999811
309,0.699100000000044
309,0.7201000000000022
309,0.7550000000001091
309,0.7982500000000528
309,0.8275499999999738
309,0.8546499999999924
309,0.8698500000000422
309,0.8902499999999236
309,0.9430999999999585
309,0.9769000000001142
309,1.0238500000000386
309,1.0804000000000542
309,1.2569499999999607
309,1.363149999999905
309,1.4013500000000931
310,-0.48654999999985193
310,-0.4387499999997999
310,-0.3964499999999589
310,-0.3784499999999298
310,-0.36169999999992797
310,-0.3245499999998174
310,-0.26484999999979664
310,-0.1999999999998181
310,-0.18239999999991596
310,-0.16374999999993634
310,-0.12314999999989595
310,-0.10359999999991487
310,-0.058049999999866486
310,0.01880000000005566
310,0.031050000000050204
310,0.1812000000002172
310,0.2265500000000884
310,0.24985000000015134
310,0.2624500000001717
310,0.33645000000024083
310,0.3712000000000444
310,0.43075000000021646
310,0.4797000000000935
310,0.5653500000000804
310,0.5717500000000655
310,0.6114500000001044
310,0.6425000000001546
310,0.6680500000002212
310,0.6908000000000811
310,0.7110000000002401
310,0.7569500000001881
310,0.7885000000001128
310,0.8215000000002419
310,0.8971000000001368
310,1.1267500000001291
310,1.158350000000155
310,1.197650000000067
310,1.265100000000075
310,1.2803000000001248
310,1.312650000000076
310,1.3300000000001546
310,1.3907500000000255
310,1.4171500000002197
311,-0.4834000000000742
311,-0.386600000000044
311,-0.36705000000006294
311,-0.31835000000000946
311,-0.22595000000001164
311,-0.19219999999995707
311,-0.1260500000000775
311,-0.10895000000004984
311,-0.08439999999995962
311,-0.05565000000001419
311,-0.029299999999921056
311,0.004850000000033106
311,0.049600000000054933
311,0.11860000000001492
311,0.16239999999993415
311,0.25804999999991196
311,0.27635000000009313
311,0.2927500000000691
311,0.3665000000000873
311,0.4208499999999731
311,0.5641499999999269
311,0.652599999999893
311,0.7889000000000124
311,0.8393000000000939
311,0.847150000000056
311,0.8710000000000946
311,0.9051500000000487
311,0.9465999999999894
311,0.9714999999998781
311,1.0059499999999844
311,1.026450000000068
311,1.0533499999999094
311,1.088899999999967
311,1.108600000000024
311,1.1408999999998741
311,1.2670499999999265
311,1.3217500000000655
311,1.3361999999999625
311,1.3579500000000735
311,1.378349999999955
311,1.3853500000000167
311,1.488800000000083
312,-0.46354999999994106
312,-0.3983499999999367
312,-0.30214999999998327
312,-0.15699999999992542
312,-0.075099999999793
312,-0.05809999999996762
312,-0.036949999999933425
312,-0.003249999999979991
312,0.019950000000108048
312,0.041600000000016735
312,0.059550000000172076
312,0.07855000000017753
312,0.099250000000211
312,0.1248000000000502
312,0.15715000000000146
312,0.2055000000000291
312,0.24954999999999927
312,0.31445000000007894
312,0.336100000000215
312,0.36685000000011314
312,0.46375000000011823
312,0.5369500000001608
312,0.6253500000000258
312,0.6768500000000586
312,0.6997000000001208
312,0.7371000000000549
312,0.8153500000000804
312,0.8547000000000935
312,0.9174500000001444
312,0.9618000000000393
312,0.9729500000000826
312,1.0819500000000062
312,1.2130000000001928
312,1.344050000000152
312,1.41800000000012
312,1.442850000000135
312,1.4666000000001986
312,1.4976500000000215
313,-0.4702500000000782
313,-0.43820000000005166
313,-0.4170000000001437
313,-0.40485000000012406
313,-0.33950000000004366
313,-0.28854999999998654
313,-0.2438999999999396
313,-0.19714999999996508
313,-0.17260000000010223
313,-0.15305000000012114
313,-0.10885000000007494
313,-0.06740000000013424
313,-0.01005000000009204
313,0.03954999999996289
313,0.08659999999986212
313,0.1140499999999065
313,0.15449999999987085
313,0.1725500000000011
313,0.1972000000000662
313,0.23029999999994288
313,0.25824999999986176
313,0.29140000000006694
313,0.3803499999999076
313,0.40660000000002583
313,0.4738999999999578
313,0.519800000000032
313,0.6053999999999178
313,0.8320999999998548
313,0.8822999999999865
313,0.922800000000052
313,0.9514999999998963
313,0.9887499999999818
313,1.0557999999998628
313,1.0978000000000065
313,1.164299999999912
313,1.248149999999896
313,1.3335500000000593
313,1.3811499999999342
313,1.4276499999998578
313,1.4591499999999087
314,-0.4377999999999247
314,-0.36979999999994106
314,-0.3178499999999076
314,-0.295399999999745
314,-0.247749999999769
314,-0.22979999999984102
314,-0.2109499999999116
314,-0.1853499999997439
314,-0.15004999999973734
314,-0.09869999999978063
314,-0.03774999999973261
314,0.011200000000144428
314,0.03640000000018517
314,0.04860000000007858
314,0.07360000000016953
314,0.08180000000015752
314,0.12650000000007822
314,0.14875000000006366
314,0.1769000000001597
314,0.2065500000001066
314,0.2345500000001266
314,0.2910500000002685
314,0.3165500000002339
314,0.36210000000005493
314,0.38065000000005966
314,0.42935000000011314
314,0.48190000000022337
314,0.6382500000001983
314,0.6705000000001746
314,0.6851000000001477
314,0.6968500000002678
314,0.7387500000002092
314,0.8373000000001412
314,0.913450000000239
314,0.962650000000167
314,1.0068500000002132
314,1.0571500000000924
314,1.1116000000001804
314,1.1884500000001026
314,1.2479500000001735
314,1.2795000000000982
314,1.3699500000002445
314,1.4338500000001204
315,-0.49195000000008804
315,-0.45775000000003274
315,-0.40210000000001855
315,-0.38914999999997235
315,-0.35809999999992215
315,-0.34324999999989814
315,-0.28530000000000655
315,-0.23195000000009713
315,-0.1820500000001175
315,-0.15049999999996544
315,-0.04044999999996435
315,-0.01340000000004693
315,0.041950000000042564
315,0.07915000000002692
315,0.0909999999998945
315,0.11075000000005275
315,0.14734999999996035
315,0.18335000000001855
315,0.20554999999990287
315,0.2389499999999316
315,0.25530000000003383
315,0.28310000000010405
315,0.3061000000000149
315,0.3742500000000746
315,0.39619999999990796
315,0.4207499999999982
315,0.5115499999999429
315,0.5633000000000266
315,0.6160999999999603
315,0.6464000000000851
315,0.6837499999999181
315,0.7223999999998796
315,0.7669499999999516
315,0.8268499999999221
315,0.967450000000099
315,0.9946500000000924
315,1.0301999999999225
315,1.0948000000000775
315,1.1765499999999065
315,1.2221999999999298
315,1.2988499999999021
315,1.320449999999937
315,1.3532999999999902
315,1.383100000000013
315,1.4485500000000684
315,1.4675999999999476
316,-0.4881000000000313
316,-0.45900000000006
316,-0.44059999999990396
316,-0.3778500000000804
316,-0.3239000000000942
316,-0.2465500000000702
316,-0.16875000000004547
316,-0.13360000000011496
316,-0.06805000000008476
316,-0.04524999999989632
316,-0.00444999999990614
316,0.03175000000010186
316,0.06979999999998654
316,0.09459999999990032
316,0.12394999999992251
316,0.16785000000004402
316,0.19624999999996362
316,0.2219000000000051
316,0.23610000000007858
316,0.2601999999999407
316,0.3239000000000942
316,0.3423999999999978
316,0.3558499999999185
316,0.3896500000000742
316,0.4199499999999716
316,0.4594999999999345
316,0.5048999999999069
316,0.545699999999897
316,0.6031000000000404
316,0.7833499999999276
316,0.832149999999956
316,0.855350000000044
316,0.8689500000000407
316,0.9126499999999851
316,0.9878499999999804
316,1.0089000000000397
316,1.04099999999994
316,1.0489500000001044
316,1.072550000000092
316,1.1253500000000258
316,1.1827499999999418
316,1.2171000000000731
316,1.2497000000000753
316,1.2974999999999
316,1.3541999999999916
316,1.381750000000011
316,1.4507000000000971
316,1.4799000000000433
316,1.4984999999999218
317,-0.4232999999999265
317,-0.4020499999999174
317,-0.36859999999978754
317,-0.33339999999998327
317,-0.28589999999985594
317,-0.26604999999995016
317,-0.22749999999996362
317,-0.21069999999986067
317,-0.17689999999993233
317,-0.15129999999976462
317,-0.11984999999981483
317,-0.055649999999786814
317,0.012800000000197542
317,0.058250000000043656
317,0.09595000000012988
317,0.14715000000023792
317,0.17010000000004766
317,0.2425500000001648
317,0.31435000000010405
317,0.33615000000008877
317,0.3906000000001768
317,0.40495000000009895
317,0.4340500000000702
317,0.454450000000179
317,0.5982500000002346
317,0.7478500000001986
317,0.7701500000000578
317,0.8352000000002135
317,0.8743000000001757
317,0.9631500000000415
317,1.0259000000000924
317,1.1048000000000684
317,1.1315500000000611
317,1.1606000000001586
317,1.1843500000002223
317,1.241950000000088
317,1.2857000000001335
317,1.3795000000002346
317,1.4216000000001259
317,1.4434000000001106
317,1.4837000000002263
318,-0.4853499999999258
318,-0.46634999999992033
318,-0.4115999999999076
318,-0.27244999999993524
318,-0.19639999999981228
318,-0.16334999999980937
318,-0.07594999999992069
318,-0.020199999999931606
318,0.008000000000265572
318,0.020850000000109503
318,0.05110000000013315
318,0.09850000000005821
318,0.14275000000020555
318,0.1753000000001066
318,0.20995000000016262
318,0.2940000000000964
318,0.3278500000001259
318,0.3317500000000564
318,0.39340000000015607
318,0.44420000000013715
318,0.5016500000001543
318,0.5304000000000997
318,0.5733000000002448
318,0.6176500000001397
318,0.6900000000000546
318,0.7391500000001088
318,0.8422500000001492
318,0.8623000000002321
318,0.8963000000001102
318,1.1380500000002485
318,1.154700000000048
318,1.2403000000001612
318,1.304450000000088
318,1.404700000000048
318,1.4474500000001171
318,1.480900000000247
318,1.4910000000002128
319,-0.4882000000000062
319,-0.4287500000000364
319,-0.4051999999999225
319,-0.20135000000004766
319,-0.12660000000005311
319,-0.11284999999998035
319,-0.08619999999996253
319,-0.049600000000054933
319,-0.003400000000056025
319,0.03864999999996144
319,0.06169999999997344
319,0.07175000000006548
319,0.09819999999990614
319,0.13075000000003456
319,0.2176999999999225
319,0.23025000000006912
319,0.25769999999988613
319,0.32465000000001965
319,0.388149999999996
319,0.43515000000002146
319,0.48929999999995744
319,0.63149999999996
319,0.7164499999998952
319,0.7620500000000447
319,0.790749999999889
319,0.8549000000000433
319,0.9423500000000331
319,1.012749999999869
319,1.1935000000000855
319,1.2358500000000276
319,1.2819500000000517
319,1.335450000000037
319,1.3599500000000262
319,1.3917500000000018
319,1.415899999999965
319,1.4616000000000895
319,1.4940500000000156
320,-0.4644499999999425
320,-0.4364999999997963
320,-0.40594999999984793
320,-0.3573999999998705
320,-0.27604999999994106
320,-0.1807499999997617
320,-0.13499999999976353
320,-0.10174999999981083
320,-0.04589999999984684
320,0.009700000000066211
320,0.03290000000015425
320,0.08055000000013024
320,0.1066000000000713
320,0.12205000000017208
320,0.1840500000000702
320,0.19505000000003747
320,0.21680000000014843
320,0.24195000000008804
320,0.2600000000002183
320,0.2791500000000724
320,0.33370000000013533
320,0.35235000000011496
320,0.472550000000183
320,0.5009000000002288
320,0.5595500000001721
320,0.5894500000001699
320,0.6072000000001481
320,0.8657000000000608
320,1.0615500000001248
320,1.134800000000041
320,1.1611500000001342
320,1.2012500000000728
320,1.2482000000002245
320,1.3980500000002394
320,1.4302000000002408
320,1.482050000000072
321,-0.4408499999999549
321,-0.41840000000001965
321,-0.3402499999999691
321,-0.31749999999988177
321,-0.307549999999992
321,-0.2956500000000233
321,-0.2751499999999396
321,-0.2469499999999698
321,-0.1797999999998865
321,-0.129950000000008
321,-0.07354999999984102
321,-0.024400000000014188
321,0.009999999999990905
321,0.07709999999997308
321,0.22154999999997926
321,0.3449000000000524
321,0.42955000000006294
321,0.47649999999998727
321,0.5225000000000364
321,0.5946000000001277
321,0.6500500000001921
321,0.6789499999999862
321,0.7094500000000608
321,0.7444000000000415
321,0.7616500000001452
321,0.7958000000000993
321,0.84375
321,0.8653500000000349
321,0.9039500000001226
321,0.9601000000000113
321,1.0359500000001844
321,1.138149999999996
321,1.1981000000000677
321,1.2233000000001084
321,1.2381000000000313
321,1.3351999999999862
321,1.3766000000000531
321,1.4018000000000939
321,1.4447999999999865
321,1.4839500000000498
322,-0.45754999999985557
322,-0.38449999999988904
322,-0.336549999999761
322,-0.305449999999837
322,-0.23289999999997235
322,-0.07884999999987485
322,0.00215000000002874
322,0.021850000000085856
322,0.06965000000013788
322,0.08815000000004147
322,0.15245000000004438
322,0.1841500000000451
322,0.20165000000019973
322,0.24695000000019718
322,0.32405000000017026
322,0.3718500000002223
322,0.39465000000018335
322,0.5242000000000644
322,0.5385000000001128
322,0.6212000000000444
322,0.6477000000002135
322,0.7052500000002055
322,0.7782000000001972
322,0.8422500000001492
322,0.8839000000000397
322,0.9598500000001877
322,0.9800500000001193
322,1.128700000000208
322,1.1574500000001535
322,1.1801500000001397
322,1.2479000000000724
322,1.2731500000002143
322,1.3005500000001575
322,1.3192000000001372
322,1.3485500000001593
322,1.4225000000001273
322,1.4450000000001637
322,1.490550000000212
323,-0.47794999999996435
323,-0.42685000000005857
323,-0.4063499999999749
323,-0.3754500000000007
323,-0.30835000000001855
323,-0.2533499999999549
323,-0.23195000000009713
323,-0.18879999999990105
323,-0.16370000000006257
323,-0.12459999999987303
323,-0.08085000000005493
323,-0.02275000000008731
323,0.0807999999999538
323,0.11069999999995161
323,0.14779999999996107
323,0.18859999999995125
323,0.21100000000001273
323,0.24680000000012114
323,0.28254999999990105
323,0.35930000000007567
323,0.3832999999999629
323,0.40924999999992906
323,0.5862500000000637
323,0.6449999999999818
323,0.7763500000000931
323,0.8346500000000106
323,0.8644500000000335
323,0.8972000000001117
323,0.917699999999968
323,1.0356500000000324
323,1.0535500000000866
323,1.0753500000000713
323,1.0902000000000953
323,1.182450000000017
323,1.2115000000001146
323,1.2389000000000578
323,1.2591500000000906
323,1.2931499999999687
323,1.3098999999999705
323,1.3282500000000255
323,1.3421499999999469
323,1.355199999999968
323,1.3883499999999458
323,1.4327499999999418
323,1.4893999999999323
324,-0.4947500000000673
324,-0.45849999999995816
324,-0.358600000000024
324,-0.2744999999999891
324,-0.1734999999998763
324,-0.002050000000053842
324,0.036949999999933425
324,0.08550000000013824
324,0.11014999999997599
324,0.13675000000012005
324,0.18295000000011896
324,0.20524999999997817
324,0.27930000000014843
324,0.31275000000005093
324,0.4630500000000666
324,0.500400000000127
324,0.5248000000001412
324,0.5458000000000993
324,0.5998999999999342
324,0.6634500000000116
324,0.7497499999999491
324,0.8137500000000273
324,0.8436000000001513
324,0.9400499999999283
324,0.9691000000000258
324,1.0304000000000997
324,1.04300000000012
324,1.0905500000001211
324,1.1126500000000306
324,1.1354000000001179
324,1.1799499999999625
324,1.1996500000000196
324,1.3031499999999596
324,1.375400000000127
324,1.4020500000001448
324,1.4398000000001048
324,1.4555500000001302
325,-0.4631500000000415
325,-0.4027499999999691
325,-0.3800499999999829
325,-0.3586999999999989
325,-0.24274999999988722
325,-0.10639999999989413
325,-0.021349999999983993
325,0.012349999999969441
325,0.04690000000005057
325,0.10779999999999745
325,0.22205000000008113
325,0.2569499999999607
325,0.32910000000015316
325,0.4551000000001295
325,0.4879000000000815
325,0.5252500000001419
325,0.5614000000000487
325,0.7639500000000226
325,0.8049000000000888
325,0.8542999999999665
325,0.9219500000001517
325,0.97199999999998
325,1.0054000000000087
325,1.0930000000000746
325,1.1190500000000156
325,1.1731500000000779
325,1.2028000000000247
325,1.253550000000132
325,1.286350000000084
325,1.3363000000001648
325,1.3853500000000167
325,1.4166000000000167
325,1.4685500000000502
326,-0.31219999999984793
326,-0.17004999999994652
326,-0.13679999999999382
326,-0.08899999999994179
326,0.14039999999999964
326,0.2036000000000513
326,0.2436999999999898
326,0.2776000000001204
326,0.4054500000002008
326,0.488550000000032
326,0.5486000000000786
326,0.6494500000001153
326,0.7572500000001128
326,0.7690500000001066
326,0.8076500000001943
326,0.9797000000000935
326,1.1434500000000298
326,1.1721000000000004
326,1.1921000000002095
326,1.2854500000000826
326,1.4226500000002034
326,1.4452500000002146
326,1.4627000000000407
327,-0.4954000000000178
327,-0.3204000000000633
327,-0.28884999999991123
327,-0.2727999999999611
327,-0.18024999999988722
327,-0.12799999999992906
327,-0.10140000000001237
327,-0.048900000000003274
327,0.007700000000113505
327,0.03175000000010186
327,0.07515000000012151
327,0.09735000000000582
327,0.14495000000010805
327,0.18200000000001637
327,0.19620000000008986
327,0.20959999999990941
327,0.24324999999998909
327,0.26919999999995525
327,0.35380000000009204
327,0.5340000000001055
327,0.5715500000001157
327,0.6339499999999134
327,0.7789000000000215
327,0.7928999999999178
327,0.8333500000001095
327,0.8821499999999105
327,0.9356999999999971
327,1.0056500000000597
327,1.0285000000001219
327,1.0462500000001
327,1.0976499999999305
327,1.210299999999961
327,1.2755500000000666
327,1.3046999999999116
327,1.4172499999999673
328,-0.37085000000001855
328,-0.3173500000000331
328,-0.27385000000003856
328,-0.24084999999990941
328,-0.11604999999985921
328,-0.06669999999985521
328,0.03150000000005093
328,0.08690000000001419
328,0.11320000000000618
328,0.1346000000000913
328,0.17194999999992433
328,0.20980000000008658
328,0.26404999999999745
328,0.32819999999992433
328,0.3551500000000942
328,0.4256500000001324
328,0.5266000000001441
328,0.5534999999999854
328,0.6889499999999771
328,0.7862500000001091
328,0.8778500000000804
328,1.0022500000000036
328,1.0902000000000953
328,1.195699999999988
328,1.2347500000000764
328,1.2454000000000178
328,1.4698499999999513
329,-0.4558999999999287
329,-0.3562500000000455
329,-0.314049999999952
329,-0.24499999999989086
329,-0.18714999999997417
329,-0.046749999999974534
329,-0.02070000000003347
329,0.12349999999992178
329,0.15135000000009313
329,0.2090499999999338
329,0.22870000000011714
329,0.2847999999999047
329,0.4083499999999276
329,0.46270000000004075
329,0.4833000000000993
329,0.5721000000000913
329,0.6222999999999956
329,0.6451500000000578
329,0.7175999999999476
329,0.7280000000000655
329,0.8170500000001084
329,0.8845000000001164
329,0.9222999999999502
329,0.9589499999999589
329,1.0495499999999538
329,1.116649999999936
329,1.1347000000000662
329,1.1912999999999556
329,1.2165999999999713
329,1.2382500000001073
329,1.3058000000000902
329,1.4137000000000626
330,-0.37284999999997126
330,-0.304300000000012
330,-0.2430500000000393
330,-0.20700000000010732
330,-0.19219999999995707
330,-0.17029999999999745
330,-0.15640000000007603
330,-0.10934999999994943
330,-0.06085000000007312
330,0.02539999999999054
330,0.042099999999891224
330,0.06150000000002365
330,0.10159999999996217
330,0.1198500000000422
330,0.1451999999999316
330,0.18519999999989523
330,0.24135000000001128
330,0.3659499999998843
330,0.3788999999999305
330,0.43990000000007967
330,0.4650500000000193
330,0.6465499999999338
330,0.7193500000000768
330,0.8250000000000455
330,0.8739499999999225
330,0.9224500000000262
330,0.9572499999999309
330,1.0933999999999742
330,1.1121499999999287
330,1.238299999999981
330,1.2608499999998912
330,1.2963999999999487
330,1.3161499999998796
330,1.3483499999999822
330,1.3786000000000058
331,-0.3063999999999396
331,-0.25234999999997854
331,-0.2217000000000553
331,-0.1835000000000946
331,-0.16705000000001746
331,-0.1500499999999647
331,-0.12094999999999345
331,-0.07930000000010295
331,0.006499999999959982
331,0.02250000000003638
331,0.037550000000010186
331,0.0727999999999156
331,0.12854999999990468
331,0.20714999999995598
331,0.29729999999995016
331,0.3190999999999349
331,0.3926500000000033
331,0.4190000000000964
331,0.4654499999999189
331,0.49530000000004293
331,0.51299999999992
331,0.5528500000000349
331,0.717049999999972
331,0.7841000000000804
331,0.8416500000000724
331,0.88474999999994
331,0.980350000000044
331,1.0291999999999462
331,1.0568499999999403
331,1.1094499999999243
331,1.1455499999999574
331,1.1848500000000968
331,1.2050500000000284
331,1.2751000000000658
331,1.3014000000000578
332,-0.41144999999983156
332,-0.36694999999986067
332,-0.24569999999994252
332,-0.18944999999985157
332,-0.09499999999979991
332,0.028000000000247383
332,0.09830000000010841
332,0.13510000000019318
332,0.21345000000019354
332,0.24675000000024738
332,0.7859000000000833
332,0.8575000000000728
332,1.0237500000000637
332,1.0590500000000702
332,1.0673500000002605
332,1.4217000000001008
333,-0.4289000000001124
333,-0.30490000000008877
333,-0.2746999999999389
333,-0.15350000000012187
333,-0.12934999999993124
333,-0.029899999999997817
333,0.06825000000003456
333,0.12069999999994252
333,0.14560000000005857
333,0.16714999999999236
333,0.2029499999998734
333,0.26080000000001746
333,0.39304999999990287
333,0.5533000000000357
333,0.6488999999999123
333,0.7520999999999276
333,0.8316500000000815
333,0.8575499999999465
333,0.9352999999998701
333,0.9718000000000302
333,1.0932499999998981
333,1.1161999999999352
333,1.1507500000000164
333,1.1916499999999814
333,1.2246499999998832
333,1.38799999999992
333,1.4313500000000658
333,1.4918499999998858
334,-0.4458999999999378
334,-0.407399999999825
334,-0.38124999999990905
334,-0.36979999999994106
334,-0.348149999999805
334,-0.3306999999999789
334,-0.29939999999987776
334,-0.2780999999999949
334,-0.24989999999979773
334,-0.20849999999995816
334,-0.16174999999998363
334,-0.14949999999998909
334,-0.1113999999997759
334,-0.056949999999915235
334,-0.02599999999983993
334,0.02490000000011605
334,0.04605000000015025
334,0.08855000000016844
334,0.12560000000007676
334,0.1673000000000684
334,0.19255000000021028
334,0.28510000000005675
334,0.29980000000000473
334,0.3342000000000098
334,0.4113000000002103
334,0.8805500000000848
334,0.9172000000000935
334,0.954450000000179
334,0.9938500000000658
334,1.0866500000001906
334,1.1119000000001051
334,1.1432000000002063
334,1.1654500000001917
334,1.1952000000001135
334,1.2113500000000386
334,1.2433000000000902
334,1.2790000000002237
334,1.3052000000000135
334,1.3238500000002205
334,1.3452500000000782
334,1.3557000000000698
334,1.3835500000000138
334,1.4094500000001062
334,1.4369000000001506
334,1.465650000000096
334,1.5
335,-0.4538000000000011
335,-0.38934999999992215
335,-0.3130499999999756
335,-0.2852499999999054
335,-0.23634999999990214
335,-0.09864999999990687
335,-0.04149999999981446
335,0.005450000000109867
335,0.0814500000001317
335,0.10310000000004038
335,0.12085000000001855
335,0.18965000000002874
335,0.3053500000000895
335,0.41630000000009204
335,0.4990500000001248
335,0.6211000000000695
335,0.7092000000000098
335,0.8848000000000411
335,0.9696500000000015
335,1.022000000000162
335,1.047550000000001
335,1.0814500000001317
335,1.1017500000000382
335,1.1196500000000924
335,1.1326500000000124
335,1.1947500000001128
335,1.230099999999993
335,1.2500500000001011
335,1.2805000000000746
335,1.3403500000001713
335,1.3713000000000193
335,1.4059500000000753
335,1.441150000000107
336,-0.46100000000001273
336,-0.42134999999984757
336,-0.3659499999998843
336,-0.34304999999994834
336,-0.2736499999998614
336,-0.17145000000004984
336,-0.11625000000003638
336,-0.023649999999861393
336,0.07605000000012296
336,0.09744999999998072
336,0.11725000000001273
336,0.13620000000014443
336,0.1610000000000582
336,0.21630000000004657
336,0.2670500000001539
336,0.3040000000000873
336,0.3392499999999927
336,0.39400000000000546
336,0.4307499999999891
336,0.46135000000003856
336,0.4925500000001648
336,0.52475000000004
336,0.5710000000001401
336,0.6666999999999916
336,0.7440500000000156
336,0.7912499999999909
336,0.8397999999999683
336,0.8772500000000036
336,0.9330500000000939
336,1.0955000000001291
336,1.1649500000000899
336,1.2167500000000473
336,1.2814499999999498
336,1.304700000000139
336,1.3270500000000993
336,1.4259500000000571
337,-0.4619999999999891
337,-0.4415999999998803
337,-0.4046499999999469
337,-0.33339999999998327
337,-0.2945999999999458
337,-0.19000000000005457
337,-0.16429999999991196
337,-0.14454999999998108
337,-0.10960000000000036
337,-0.08924999999999272
337,-0.03434999999990396
337,0.01389999999992142
337,0.043899999999894135
337,0.08230000000003201
337,0.09830000000010841
337,0.1369999999999436
337,0.1893999999999778
337,0.2692500000000564
337,0.3770999999999276
337,0.43554999999992106
337,0.5117999999999938
337,0.5962999999999283
337,0.6199500000000171
337,0.6457000000000335
337,0.6538000000000466
337,0.7664500000000771
337,0.8587999999999738
337,0.8778500000000804
337,0.8996999999999389
337,0.9345499999999447
337,0.9583500000001095
337,0.9712500000000546
337,1.0026000000000295
337,1.09050000000002
337,1.1186999999999898
337,1.1448499999999058
337,1.1518499999999676
337,1.1727499999999509
337,1.2003500000000713
337,1.2197499999999764
337,1.2312999999999192
337,1.2498000000000502
337,1.2856500000000324
337,1.3349499999999352
337,1.355099999999993
337,1.393100000000004
337,1.4204999999999472
337,1.4713500000000295
338,-0.32724999999982174
338,-0.31219999999984793
338,-0.2907999999999902
338,-0.261449999999968
338,-0.2320999999999458
338,-0.20584999999982756
338,-0.16894999999999527
338,-0.14895000000001346
338,-0.13859999999999673
338,-0.12024999999994179
338,-0.10874999999987267
338,-0.06179999999994834
338,0.07730000000015025
338,0.10815000000002328
338,0.1374500000001717
338,0.202350000000024
338,0.2314000000001215
338,0.278400000000147
338,0.4204500000000735
338,0.529700000000048
338,0.618750000000091
338,0.6491500000001906
338,0.6693500000001222
338,0.7036000000000513
338,0.7559499999999844
338,0.7653500000001259
338,0.829050000000052
338,0.8483499999999822
338,0.8843000000001666
338,0.9309000000000651
338,0.9833499999999731
338,0.9943500000001677
338,1.0294000000001233
338,1.082400000000007
338,1.0962500000000546
338,1.18425000000002
338,1.238800000000083
338,1.2926500000000942
338,1.3197500000001128
338,1.3464000000001306
338,1.3681000000001404
338,1.4057000000000244
338,1.4533500000000004
338,1.465599999999995
338,1.4941499999999905
339,-0.40639999999984866
339,-0.15609999999992397
339,-0.018649999999979627
339,0.07865000000015243
339,0.09305000000017571
339,0.1355500000001939
339,0.17240000000015243
339,0.24640000000022155
339,0.3657500000001619
339,0.4467500000000655
339,0.556150000000116
339,0.6253000000001521
339,0.6661000000001422
339,0.7587000000000899
339,0.875
339,0.9354000000000724
339,0.972400000000107
339,1.156400000000076
339,1.1934000000001106
339,1.22075000000018
339,1.258650000000216
339,1.2909500000000662
339,1.3500500000000102
339,1.3993500000001404
339,1.421500000000151
340,-0.42734999999993306
340,-0.20475000000010368
340,-0.19460000000003674
340,-0.1764499999999316
340,-0.1178500000000895
340,-0.08674999999993815
340,-0.06874999999990905
340,-0.03289999999992688
340,0.012799999999970169
340,0.028050000000121145
340,0.033200000000078944
340,0.058250000000043656
340,0.12069999999994252
340,0.2982999999999265
340,0.3633500000000822
340,0.4391499999999269
340,0.49025000000006
340,0.5227999999999611
340,0.6019000000001142
340,0.611699999999928
340,0.6174000000000888
340,0.6417500000000018
340,0.7284500000000662
340,0.8312499999999545
340,0.886449999999968
340,0.9074499999999261
340,0.9408000000000811
340,0.964200000000119
340,1.0153000000000247
340,1.0748499999999694
340,1.1328499999999622
340,1.1503999999999905
340,1.2128500000001168
340,1.2672000000000025
340,1.2934000000000196
340,1.30600000000004
340,1.3760500000000775
340,1.433999999999969
340,1.4542500000000018
341,-0.4665499999998701
341,-0.34854999999993197
341,-0.23379999999974643
341,-0.2151499999997668
341,-0.11489999999980682
341,-0.08979999999996835
341,-0.0670999999997548
341,-0.02549999999996544
341,-0.01619999999979882
341,0.015650000000050568
341,0.05045000000018263
341,0.06420000000025539
341,0.09305000000017571
341,0.11015000000020336
341,0.12750000000005457
341,0.14450000000010732
341,0.20590000000015607
341,0.22450000000003456
341,0.29250000000024556
341,0.3398500000000695
341,0.57425000000012
341,0.6295000000002346
341,0.6702000000002499
341,0.7539500000000317
341,0.8261000000002241
341,0.885450000000219
341,0.9438000000002376
341,1.123600000000124
341,1.1624000000001615
341,1.2050500000002557
341,1.2418000000002394
341,1.2647000000001754
341,1.325800000000072
341,1.4135000000001128
342,-0.46709999999984575
342,-0.44499999999993634
342,-0.43719999999984793
342,-0.3423499999998967
342,-0.2623999999998432
342,-0.17119999999977153
342,-0.16504999999983738
342,-0.11739999999986139
342,-0.09904999999980646
342,-0.04434999999989486
342,0.025450000000091677
342,0.05015000000025793
342,0.07080000000019027
342,0.0916500000000724
342,0.11315000000013242
342,0.1294500000001335
342,0.21295000000009168
342,0.2549500000002354
342,0.2721500000002379
342,0.4038500000001477
342,0.4217500000002019
342,0.4505500000002485
342,0.5188000000000557
342,0.5801500000002306
342,0.6817000000000917
342,0.8514500000001135
342,0.9072500000002037
342,0.9459500000002663
342,1.0325500000001284
342,1.097450000000208
342,1.1227000000001226
342,1.1675500000001193
342,1.2382500000001073
342,1.2542500000001837
342,1.41800000000012
342,1.4390000000000782
343,-0.3910999999998239
343,-0.29919999999992797
343,-0.1466499999999087
343,-0.13144999999985885
343,-0.12394999999992251
343,-0.0646999999999025
343,-0.00959999999986394
343,0.006900000000086948
343,0.030800000000226646
343,0.07480000000009568
343,0.10335000000009131
343,0.14130000000022847
343,0.14760000000023865
343,0.18260000000009313
343,0.22630000000003747
343,0.2427500000001146
343,0.28290000000015425
343,0.3034500000001117
343,0.39150000000017826
343,0.4686500000000251
343,0.5078000000000884
343,0.6131500000001324
343,0.633600000000115
343,0.7953000000002248
343,0.8380500000000666
343,0.8915000000001783
343,0.9885000000001583
343,1.0169000000000779
343,1.0325000000000273
343,1.1152000000001863
343,1.1669500000000426
343,1.2103500000000622
343,1.2622000000001208
343,1.2934500000001208
343,1.3148000000001048
343,1.3891500000001997
343,1.4205000000001746
343,1.4833000000000993
344,-0.4818000000000211
344,-0.4289000000001124
344,-0.30854999999996835
344,-0.233600000000024
344,-0.08899999999994179
344,0.01499999999987267
344,0.058350000000018554
344,0.08954999999991742
344,0.0988999999999578
344,0.15724999999997635
344,0.21974999999997635
344,0.23910000000000764
344,0.3136500000000524
344,0.39869999999996253
344,0.5043000000000575
344,0.6007999999999356
344,0.7936500000000706
344,0.8213000000000648
344,0.9231499999998505
344,1.0617999999999483
344,1.0802499999999782
344,1.1450499999998556
344,1.1998499999999694
344,1.2344000000000506
344,1.3144499999998516
344,1.3770999999999276
344,1.4005999999999403
344,1.4397500000000036
344,1.4827999999999975
345,-0.4782500000001164
345,-0.3945000000001073
345,-0.20994999999993524
345,-0.18910000000005311
345,0.016350000000102227
345,0.10239999999998872
345,0.11104999999997744
345,0.1229000000000724
345,0.14580000000000837
345,0.21070000000008804
345,0.2250500000000102
345,0.27340000000003783
345,0.29465000000004693
345,0.35294999999996435
345,0.41495000000008986
345,0.551300000000083
345,0.6365000000000691
345,0.7274999999999636
345,0.7454000000000178
345,0.789600000000064
345,0.8429000000000997
345,0.8971500000000106
345,1.0266999999998916
345,1.1134999999999309
345,1.1684000000000196
345,1.216899999999896
345,1.2733499999999367
345,1.3782000000001062
345,1.4168999999999414
346,-0.4195999999999458
346,-0.3909000000001015
346,-0.2880999999999858
346,-0.22319999999990614
346,-0.10730000000012296
346,-0.04970000000002983
346,-0.020850000000109503
346,0.004500000000007276
346,0.03029999999989741
346,0.07384999999999309
346,0.09590000000002874
346,0.11815000000001419
346,0.1431999999999789
346,0.16714999999999236
346,0.21295000000009168
346,0.2481999999999971
346,0.4278500000000349
346,0.5072499999998854
346,0.5384500000000116
346,0.5459000000000742
346,0.5788499999998749
346,0.6213999999999942
346,0.7439500000000407
346,0.7887000000000626
346,0.8312000000000808
346,0.9007999999998901
346,0.9609499999999116
346,1.0034499999999298
346,1.026049999999941
346,1.0598500000000968
346,1.10024999999996
346,1.1571500000000015
346,1.174099999999953
346,1.195950000000039
346,1.2372499999999036
346,1.2654500000001008
346,1.291150000000016
346,1.320600000000013
346,1.3466499999999542
346,1.3833999999999378
346,1.4102000000000317
346,1.4265000000000327
346,1.4501999999999953
346,1.489949999999908
347,-0.49289999999996326
347,-0.4784500000000662
347,-0.42990000000008877
347,-0.31719999999995707
347,-0.29815000000007785
347,-0.24974999999994907
347,-0.23640000000000327
347,-0.2126499999999396
347,-0.18100000000004002
347,-0.1380500000000211
347,-0.07979999999997744
347,-0.03704999999990832
347,0.06960000000003674
347,0.10705000000007203
347,0.15135000000009313
347,0.18004999999993743
347,0.20935000000008586
347,0.23279999999999745
347,0.26569999999992433
347,0.2804000000000997
347,0.5447999999998956
347,0.6206999999999425
347,0.7837500000000546
347,0.8296000000000276
347,0.8720499999999447
347,0.8981000000001131
347,0.9703999999999269
347,1.0023000000001048
347,1.0436500000000706
347,1.0652500000001055
347,1.1490000000001146
347,1.171350000000075
347,1.2039999999999509
347,1.3816999999999098
347,1.4097999999999047
347,1.4254499999999553
347,1.4594999999999345
348,-0.4677999999998974
348,-0.4357999999997446
348,-0.39819999999986067
348,-0.3708499999997912
348,-0.33934999999974025
348,-0.31474999999977626
348,-0.2667999999998756
348,-0.2454499999998916
348,-0.2293499999998403
348,-0.20489999999972497
348,-0.18354999999974098
348,-0.17154999999979736
348,-0.15199999999981628
348,-0.1245499999997719
348,0.024000000000114596
348,0.04460000000017317
348,0.135450000000219
348,0.1871000000001004
348,0.22115000000007967
348,0.298350000000255
348,0.3254500000002736
348,0.35045000000013715
348,0.4192000000002736
348,0.45325000000025284
348,0.5227500000000873
348,0.5500000000001819
348,0.6181000000001404
348,0.659650000000056
348,0.7350500000002285
348,0.8327500000002601
348,0.8529000000000906
348,0.8837000000000899
348,0.9036000000000968
348,0.9739000000001852
348,1.0047000000001844
348,1.0188500000001568
348,1.0652500000001055
348,1.1035500000002685
348,1.1618000000000848
348,1.1939500000000862
348,1.230900000000247
348,1.300150000000258
348,1.3606500000000779
348,1.4080500000002303
349,-0.49994999999989886
349,-0.4157999999999902
349,-0.31494999999995343
349,-0.2801499999998214
349,-0.1750499999998283
349,-0.08394999999995889
349,-0.05259999999998399
349,-0.00874999999996362
349,0.012300000000095679
349,0.039300000000139335
349,0.07665000000019973
349,0.10590000000001965
349,0.14380000000005566
349,0.19905000000017026
349,0.23835000000008222
349,0.2752500000001419
349,0.31490000000007967
349,0.3427000000001499
349,0.3591000000001259
349,0.39330000000018117
349,0.4154000000000906
349,0.43715000000020154
349,0.45440000000007785
349,0.4800000000000182
349,0.5150000000001
349,0.539850000000115
349,0.5713000000000648
349,0.5989000000001852
349,0.6148500000001604
349,0.638550000000123
349,0.6552000000001499
349,0.6666500000001179
349,0.6890500000001794
349,0.7309500000001208
349,0.7476000000001477
349,0.7580500000001393
349,0.8125500000001011
349,0.840900000000147
349,0.8538500000001932
349,0.8782000000001062
349,0.8958500000001095
349,0.935950000000048
349,0.9824000000000979
349,1.0237500000000637
349,1.03650000000016
349,1.0596000000000458
349,1.0673000000001593
349,1.1140500000001339
349,1.1340500000001157
349,1.1716000000001259
349,1.1964000000000397
349,1.2064500000001317
349,1.227600000000166
349,1.283050000000003
349,1.3105500000001484
349,1.326050000000123
349,1.3731500000001233
349,1.3985500000001139
349,1.4185500000000957
349,1.4383500000001277
349,1.4866000000001804
349,1.49570000000017
350,-0.4955499999998665
350,-0.4428499999999076
350,-0.41534999999998945
350,-0.3790999999998803
350,-0.3548000000000684
350,-0.3307999999999538
350,-0.3111999999998716
350,-0.29704999999989923
350,-0.2751499999999396
350,-0.23949999999990723
350,-0.20720000000005712
350,-0.1875999999999749
350,-0.15249999999991815
350,-0.10269999999991342
350,-0.017749999999978172
350,0.028199999999969805
350,0.0734500000000935
350,0.11034999999992579
350,0.14325000000008004
350,0.20475000000010368
350,0.22720000000003893
350,0.23590000000012878
350,0.25545000000010987
350,0.2738999999999123
350,0.2926500000000942
350,0.3189500000000862
350,0.34865000000013424
350,0.384900000000016
350,0.4274000000000342
350,0.5292500000000473
350,0.5588500000001204
350,0.6079999999999472
350,0.6199500000000171
350,0.6457000000000335
350,0.6934499999999844
350,0.7357500000000528
350,0.7697000000000571
350,0.7907999999999902
350,0.8359000000000378
350,0.8438000000001011
350,1.0408500000000913
350,1.085950000000139
350,1.1397999999999229
350,1.1551500000000487
350,1.1756500000001324
350,1.2002500000000964
350,1.21875
350,1.2785000000001219
350,1.3351500000001124
350,1.4070500000000266
350,1.4528000000000247
351,-0.48654999999985193
351,-0.4558999999999287
351,-0.4150999999999385
351,-0.4017499999999927
351,-0.37924999999995634
351,-0.32264999999983957
351,-0.31224999999994907
351,-0.26729999999997744
351,-0.25149999999985084
351,-0.1958999999999378
351,-0.1827499999999418
351,-0.13734999999996944
351,-0.1283499999999549
351,-0.10494999999991705
351,-0.08749999999986358
351,-0.042799999999942884
351,-0.010350000000016735
351,0.01630000000000109
351,0.03240000000005239
351,0.10540000000014516
351,0.13350000000014006
351,0.174350000000004
351,0.19585000000006403
351,0.21434999999996762
351,0.25175000000012915
351,0.3107500000000982
351,0.3498500000000604
351,0.3666000000000622
351,0.38220000000001164
351,0.41305000000011205
351,0.4537000000000262
351,0.48794999999995525
351,0.5099500000001171
351,0.5975499999999556
351,0.6131000000000313
351,0.6489500000000135
351,0.6839999999999691
351,0.7143000000000939
351,0.7778000000000702
351,0.8297000000000025
351,0.9025000000001455
351,1.004950000000008
351,1.0372999999999593
351,1.0665000000001328
351,1.0997999999999593
351,1.144900000000007
351,1.1814500000000407
351,1.2396499999999833
351,1.2686499999999796
351,1.2915000000000418
351,1.3333999999999833
351,1.3696500000000924
351,1.418100000000095
351,1.452449999999999
351,1.4771500000001652
351,1.4932000000001153
352,-0.49044999999978245
352,-0.47499999999990905
352,-0.4543499999999767
352,-0.4101499999999305
352,-0.3870499999998174
352,-0.3714999999999691
352,-0.3518499999997857
352,-0.32844999999997526
352,-0.3014499999999316
352,-0.2720499999998083
352,-0.2059999999999036
352,-0.19114999999987958
352,-0.16954999999984466
352,-0.11254999999982829
352,-0.09094999999979336
352,-0.034049999999979264
352,-0.01174999999989268
352,0.0039000000001578883
352,0.04405000000019754
352,0.1308000000001357
352,0.14885000000003856
352,0.17975000000001273
352,0.23585000000002765
352,0.2529500000000553
352,0.2643000000000484
352,0.3406000000002223
352,0.3726000000001477
352,0.39335000000005493
352,0.40580000000022665
352,0.45515000000023065
352,0.5124500000001717
352,0.5746000000001459
352,0.600400000000036
352,0.6412000000000262
352,0.6853000000000975
352,0.7177000000001499
352,0.7730000000001382
352,0.8223500000001422
352,0.870600000000195
352,0.8943500000000313
352,0.9181500000001961
352,0.9405000000001564
352,1.003650000000107
352,1.0391000000001895
352,1.070950000000039
352,1.125300000000152
352,1.1428000000000793
352,1.1614000000001852
352,1.1834500000002208
352,1.2022500000000491
352,1.2198000000000775
352,1.2881000000002132
352,1.2965500000000247
352,1.3221000000000913
352,1.354200000000219
352,1.3822000000000116
352,1.4049000000002252
352,1.4149500000000899
352,1.4436500000001615
352,1.456250000000182
352,1.472800000000234
353,-0.4853499999999258
353,-0.4647500000000946
353,-0.4359999999999218
353,-0.38065000000005966
353,-0.35560000000009495
353,-0.30275000000006
353,-0.29445000000009713
353,-0.2644999999999982
353,-0.17135000000007494
353,-0.14985000000001492
353,-0.10069999999996071
353,-0.07339999999999236
353,-0.03175000000010186
353,-0.009250000000065484
353,0.006499999999959982
353,0.09580000000005384
353,0.13065000000005966
353,0.19110000000000582
353,0.20924999999988358
353,0.22829999999999018
353,0.26624999999989996
353,0.31285000000002583
353,0.33034999999995307
353,0.4438999999999851
353,0.5006499999999505
353,0.5908500000000458
353,0.6757999999999811
353,0.6878999999998996
353,0.7865999999999076
353,0.8211499999999887
353,0.8586999999999989
353,0.8846499999999651
353,0.9067500000001019
353,0.9417000000000826
353,0.99025000000006
353,1.0253999999999905
353,1.0888500000000931
353,1.121650000000045
353,1.1511000000000422
353,1.1704999999999472
353,1.1788500000000113
353,1.2017499999999472
353,1.2522500000000036
353,1.2774500000000444
353,1.3248499999999694
353,1.3624500000000808
353,1.4057499999998981
353,1.4409499999999298
353,1.4627499999999145
354,-0.49090000000001055
354,-0.46519999999986794
354,-0.4442500000000109
354,-0.4231999999999516
354,-0.39114999999992506
354,-0.3506999999999607
354,-0.3170000000000073
354,-0.21630000000004657
354,-0.19364999999993415
354,-0.17774999999983265
354,-0.09600000000000364
354,-0.00909999999998945
354,0.013200000000097134
354,0.03234999999995125
354,0.05005000000005566
354,0.07415000000014516
354,0.09320000000002437
354,0.13210000000003674
354,0.15015000000016698
354,0.18080000000009022
354,0.254950000000008
354,0.2761000000000422
354,0.2960000000000491
354,0.3348000000000866
354,0.368349999999964
354,0.384900000000016
354,0.41155000000003383
354,0.42765000000008513
354,0.5082999999999629
354,0.5525500000001102
354,0.5624500000001262
354,0.5852999999999611
354,0.5978999999999814
354,0.6422000000000025
354,0.6894500000000789
354,0.7288499999999658
354,0.7839000000001306
354,0.822400000000016
354,0.8425500000000739
354,0.8592499999999745
354,0.8990499999999884
354,0.953899999999976
354,0.9729500000000826
354,1.0089500000001408
354,1.0235000000000127
354,1.0683000000001357
354,1.085700000000088
354,1.1257000000000517
354,1.1563000000001011
354,1.1817499999999654
354,1.2079000000001088
354,1.2332000000001244
354,1.2626999999999953
354,1.3197999999999865
354,1.3542500000000928
354,1.378150000000005
354,1.4224000000001524
354,1.4529999999999745
354,1.467450000000099
355,-0.49060000000008586
355,-0.3507999999999356
355,-0.30549999999993815
355,-0.23309999999992215
355,-0.17724999999995816
355,-0.10885000000007494
355,-0.07150000000001455
355,-0.052149999999983265
355,-0.030799999999999272
355,0.0025000000000545697
355,0.023149999999986903
355,0.043400000000019645
355,0.06310000000007676
355,0.075649999999996
355,0.13875000000007276
355,0.2192499999998745
355,0.24594999999999345
355,0.28375000000005457
355,0.40505000000007385
355,0.45019999999999527
355,0.4700000000000273
355,0.511199999999917
355,0.5374500000000353
355,0.5806499999998778
355,0.5836500000000342
355,0.6430499999999029
355,0.690900000000056
355,0.7066500000000815
355,0.7724499999999352
355,0.7852000000000317
355,0.8016999999999825
355,0.8823999999999614
355,0.9700000000000273
355,0.9954999999999927
355,1.021349999999984
355,1.042699999999968
355,1.238399999999956
355,1.3398999999999432
355,1.3905500000000757
355,1.427500000000009
355,1.4634499999999662
356,-0.4839999999999236
356,-0.44584999999983665
356,-0.40354999999999563
356,-0.35179999999991196
356,-0.3316499999998541
356,-0.2519999999999527
356,-0.2155999999999949
356,-0.116800000000012
356,-0.004400000000032378
356,0.016949999999951615
356,0.0683000000001357
356,0.09785000000010768
356,0.12020000000006803
356,0.13415000000009059
356,0.1610000000000582
356,0.23109999999996944
356,0.3165000000001328
356,0.3614000000000033
356,0.43050000000016553
356,0.45890000000008513
356,0.4901999999999589
356,0.5052500000001601
356,0.5505000000000564
356,0.6228000000000975
356,0.6670500000000175
356,0.7408000000000357
356,0.7758499999999913
356,0.819550000000163
356,0.8940000000000055
356,0.9075500000001284
356,0.9491500000001452
356,1.001700000000028
356,1.0317000000000007
356,1.049250000000029
356,1.1114000000000033
356,1.1606000000001586
356,1.189200000000028
356,1.2098000000000866
356,1.219150000000127
356,1.2705000000000837
356,1.297950000000128
356,1.337400000000116
356,1.4009000000000924
356,1.4368500000000495
356,1.44925000000012
356,1.4898000000000593
357,-0.47604999999998654
357,-0.39964999999983775
357,-0.36599999999998545
357,-0.3265999999998712
357,-0.2907999999997628
357,-0.24579999999991742
357,-0.21209999999996398
357,-0.17659999999978027
357,-0.13914999999997235
357,-0.08649999999988722
357,-0.07284999999978936
357,-0.0437499999998181
357,0.008550000000013824
357,0.15940000000023247
357,0.1932000000001608
357,0.221000000000231
357,0.28015000000004875
357,0.3587000000002263
357,0.5204000000001088
357,0.5540000000000873
357,0.6179000000001906
357,0.6962000000000899
357,0.7367000000001553
357,0.7533000000000811
357,0.7728000000001884
357,0.8371500000000651
357,0.8762500000000273
357,0.9070000000001528
357,1.0171500000001288
357,1.0720000000001164
357,1.0998000000001866
357,1.2024000000001251
357,1.240550000000212
357,1.2860500000001593
357,1.3108500000000731
357,1.349100000000135
357,1.37175000000002
357,1.425000000000182
357,1.4467000000001917
357,1.470700000000079
357,1.4963500000001204
358,-0.42945000000008804
358,-0.42485000000010587
358,-0.41685000000006767
358,-0.2989500000001044
358,-0.25310000000013133
358,-0.22460000000000946
358,-0.15679999999997563
358,-0.13630000000011933
358,-0.05840000000011969
358,-0.029150000000072396
358,-0.005850000000009459
358,0.00839999999993779
358,0.035149999999930515
358,0.07459999999991851
358,0.10199999999986176
358,0.12130000000001928
358,0.13899999999989632
358,0.18010000000003856
358,0.19804999999996653
358,0.22174999999992906
358,0.25624999999990905
358,0.2718999999999596
358,0.29034999999998945
358,0.3061499999998887
358,0.34625000000005457
358,0.3546999999998661
358,0.36895000000004075
358,0.4431999999999334
358,0.4724999999998545
358,0.6260999999999513
358,0.7113999999999123
358,0.7732499999999618
358,0.7939499999999953
358,0.8164999999999054
358,0.8694499999999152
358,0.9654499999999189
358,1.0606000000000222
358,1.1874499999998989
358,1.2417499999999109
358,1.309150000000045
358,1.3515999999999622
358,1.386199999999917
358,1.467049999999972
358,1.4758500000000367
359,-0.4863999999997759
359,-0.4542999999998756
359,-0.43089999999983775
359,-0.3997999999999138
359,-0.37669999999980064
359,-0.3579499999998461
359,-0.3266999999998461
359,-0.30444999999986067
359,-0.2795499999997446
359,-0.2474499999998443
359,-0.18879999999990105
359,-0.16949999999974352
359,-0.15344999999979336
359,-0.1377999999997428
359,-0.11934999999994034
359,-0.07159999999976208
359,-0.015749999999798092
359,0.01695000000017899
359,0.10015000000021246
359,0.12085000000024593
359,0.15055000000006658
359,0.17210000000022774
359,0.20260000000007494
359,0.22495000000026266
359,0.242350000000215
359,0.3083000000001448
359,0.3402000000000953
359,0.45860000000016043
359,0.5128000000001975
359,0.5832000000002608
359,0.6748000000002321
359,0.8437500000002274
359,0.9060500000000502
359,0.9255500000001575
359,0.9981000000002496
359,1.0456500000002507
359,1.2447500000000673
359,1.26825000000008
359,1.3055500000000393
359,1.3394000000000688
359,1.3555500000002212
359,1.4525000000001
359,1.4919000000002143
360,-0.48204999999984466
360,-0.40089999999986503
360,-0.37259999999992033
360,-0.35324999999988904
360,-0.32034999999996217
360,-0.29729999999995016
360,-0.18249999999989086
360,-0.15934999999990396
360,-0.14324999999985266
360,-0.11834999999996398
360,-0.09445000000005166
360,-0.040150000000039654
360,-0.013649999999870488
360,0.0016000000000531145
360,0.055499999999938154
360,0.09180000000014843
360,0.11235000000010587
360,0.13730000000009568
360,0.16855000000009568
360,0.20710000000008222
360,0.24715000000014697
360,0.2771500000001197
360,0.30494999999996253
360,0.3415500000000975
360,0.3794500000001335
360,0.3947499999999309
360,0.4330999999999676
360,0.4948500000000422
360,0.5313000000001011
360,0.5715500000001157
360,0.625
360,0.6494999999999891
360,0.6580000000001291
360,0.6817000000000917
360,0.715650000000096
360,0.7933000000000447
360,0.8341000000000349
360,0.8740500000001248
360,0.9135000000001128
360,0.9354499999999462
360,1.013050000000021
360,1.0371500000001106
360,1.0949500000001535
360,1.1047000000000935
360,1.148050000000012
360,1.1707499999999982
360,1.199100000000044
360,1.2287000000001171
360,1.3261999999999716
360,1.3797500000000582
360,1.4001499999999396
360,1.4182000000000698
360,1.4532500000000255
361,-0.48595000000000255
361,-0.4620500000000902
361,-0.41679999999996653
361,-0.36225000000013097
361,-0.3417500000000473
361,-0.3148000000001048
361,-0.28215000000000146
361,-0.26205000000004475
361,-0.09390000000007603
361,-0.05075000000010732
361,0.07365000000004329
361,0.1422499999998763
361,0.1856999999999971
361,0.2125499999999647
361,0.2760000000000673
361,0.3143000000000029
361,0.4427499999999327
361,0.4773999999999887
361,0.5338500000000295
361,0.5536999999999352
361,0.5926999999999225
361,0.6813500000000658
361,0.7546999999999571
361,0.8028999999999087
361,0.8492999999998574
361,0.8632000000000062
361,0.9412999999999556
361,1.0466499999999996
361,1.0946500000000015
361,1.1162999999999101
361,1.138050000000021
361,1.171350000000075
361,1.20900000000006
361,1.229949999999917
361,1.2709999999999582
361,1.3275499999999738
361,1.4165499999999156
361,1.4490000000000691
361,1.4675999999999476
361,1.4923499999999876
362,-0.49289999999996326
362,-0.46460000000001855
362,-0.4085499999998774
362,-0.3924500000000535
362,-0.3731000000000222
362,-0.3612000000000535
362,-0.3473999999998796
362,-0.33140000000003056
362,-0.2684999999999036
362,-0.21929999999997563
362,-0.20395000000007713
362,-0.1250999999999749
362,-0.044849999999996726
362,-0.019849999999905776
362,0.0012500000000272848
362,0.02189999999995962
362,0.04739999999992506
362,0.10810000000014952
362,0.15000000000009095
362,0.1701500000001488
362,0.17945000000008804
362,0.18425000000002
362,0.2666500000000269
362,0.32825000000002547
362,0.49774999999999636
362,0.544550000000072
362,0.5849000000000615
362,0.6133500000000822
362,0.666550000000143
362,0.7047999999999774
362,0.7311999999999443
362,0.775000000000091
362,0.8317500000000564
362,0.874849999999924
362,0.8937000000000808
362,0.908100000000104
362,0.9732500000000073
362,1.1529500000001462
362,1.2031500000000506
362,1.274599999999964
362,1.2963999999999487
362,1.3135500000000775
362,1.3616500000000542
362,1.4031999999999698
362,1.4378500000000258
362,1.4577500000000327
362,1.4941499999999905
363,-0.4597499999997581
363,-0.38324999999986176
363,-0.3001999999999043
363,-0.10859999999979664
363,-0.0669999999997799
363,0.08080000000018117
363,0.14180000000010295
363,0.18395000000009532
363,0.21785000000022592
363,0.27965000000017426
363,0.306550000000243
363,0.3189500000000862
363,0.3494500000001608
363,0.3810000000000855
363,0.49795000000017353
363,0.5840000000002874
363,0.6453000000001339
363,0.7477500000002237
363,0.7715500000001612
363,0.8067500000001928
363,0.8995500000000902
363,1.1407000000001517
363,1.2050500000002557
363,1.253550000000132
363,1.3336500000002616
363,1.3557000000000698
364,-0.4954499999998916
364,-0.4574000000000069
364,-0.44049999999992906
364,-0.41754999999989195
364,-0.3815999999999349
364,-0.32600000000002183
364,-0.2961999999999989
364,-0.2863999999999578
364,-0.27205000000003565
364,-0.2465500000000702
364,-0.21289999999999054
364,-0.1908499999999549
364,-0.1662499999999909
364,-0.13259999999991123
364,-0.1199500000000171
364,-0.04224999999996726
364,-0.006650000000036016
364,0.04214999999999236
364,0.075649999999996
364,0.08979999999996835
364,0.10380000000009204
364,0.11969999999996617
364,0.16904999999997017
364,0.20955000000003565
364,0.2396000000001095
364,0.3327999999999065
364,0.3533500000000913
364,0.41534999999998945
364,0.429300000000012
364,0.45679999999993015
364,0.5164999999999509
364,0.6559500000000753
364,0.6801499999999123
364,0.8182999999999083
364,0.8482500000000073
364,0.9004999999999654
364,1.0066999999999098
364,1.1008500000000367
364,1.1109000000001288
364,1.1484499999999116
364,1.159599999999955
364,1.1806500000000142
364,1.2621500000000196
364,1.2997000000000298
364,1.3412000000000717
364,1.3597999999999502
364,1.4344499999999698
364,1.4790000000000418
365,-0.47859999999991487
365,-0.42849999999998545
365,-0.32314999999994143
365,-0.2865999999999076
365,-0.26375000000007276
365,-0.24434999999994034
365,-0.10484999999994216
365,0.04175000000009277
365,0.07130000000006476
365,0.11255000000005566
365,0.14589999999998327
365,0.18094999999993888
365,0.2135000000000673
365,0.2460000000000946
365,0.28700000000003456
365,0.33445000000006075
365,0.35095000000001164
365,0.3683000000000902
365,0.5778000000000247
365,0.6069999999999709
365,0.6885999999999513
365,0.7897000000000389
365,0.8936000000001059
365,1.078800000000001
365,1.0947499999999764
365,1.1126500000000306
365,1.1628000000000611
365,1.1882499999999254
365,1.2099499999999352
365,1.23174999999992
365,1.2520999999999276
365,1.279950000000099
365,1.3104000000000724
365,1.3459000000000287
365,1.3648000000000593
365,1.3991000000000895
365,1.4067999999999756
365,1.4257500000001073
365,1.4577999999999065
365,1.4744000000000597
366,-0.4793499999998403
366,-0.4544499999999516
366,-0.40554999999994834
366,-0.3770999999999276
366,-0.32759999999984757
366,-0.28424999999992906
366,-0.22754999999983738
366,-0.18124999999986358
366,-0.15390000000002146
366,-0.12725000000000364
366,-0.09944999999993342
366,-0.05059999999980391
366,0.04560000000014952
366,0.06310000000007676
366,0.08030000000007931
366,0.09744999999998072
366,0.12364999999999782
366,0.14330000000018117
366,0.16590000000019245
366,0.20974999999998545
366,0.24625000000014552
366,0.2644500000001244
366,0.2708500000001095
366,0.3266500000001997
366,0.38570000000004256
366,0.42695000000003347
366,0.47240000000010696
366,0.48375000000010004
366,0.5242000000000644
366,0.5414000000000669
366,0.5755500000000211
366,0.635300000000143
366,0.6428000000000793
366,0.6737500000001546
366,0.7835500000001048
366,0.8331000000000586
366,0.9103999999999814
366,0.9345000000000709
366,0.9549500000000535
366,0.9857500000000528
366,1.023350000000164
366,1.0539499999999862
366,1.0735500000000684
366,1.1273499999999785
366,1.1566000000000258
366,1.2192500000001019
366,1.3314000000000306
366,1.3511000000000877
366,1.3653000000001612
366,1.3806500000000597
366,1.41800000000012
366,1.4401500000001306
366,1.4549000000001797
367,-0.43239999999991596
367,-0.06009999999992033
367,0.11135000000012951
367,0.13720000000012078
367,0.1570000000001528
367,0.18780000000015207
367,0.22315000000003238
367,0.24345000000016626
367,0.26720000000000255
367,0.3304000000000542
367,0.3749000000000251
367,0.4455000000000382
367,0.5168499999999767
367,0.5334500000001299
367,0.5886500000001433
367,0.609000000000151
367,0.6420000000000528
367,0.6555000000000746
367,0.7869000000000597
367,0.8378500000001168
367,0.8812500000001364
367,0.8960500000000593
367,0.9222500000000764
367,0.9533500000000004
367,1.0371000000000095
367,1.0581500000000688
367,1.094000000000051
367,1.1323999999999614
367,1.217200000000048
367,1.2608000000000175
367,1.3345500000000357
367,1.389599999999973
367,1.4175500000001193
367,1.4624499999999898
368,-0.4817000000000462
368,-0.31009999999992033
368,-0.20149999999989632
368,-0.06954999999993561
368,0.011750000000120053
368,0.04535000000009859
368,0.07195000000001528
368,0.09020000000009532
368,0.11710000000016407
368,0.12920000000008258
368,0.18100000000004002
368,0.21595000000002074
368,0.23600000000010368
368,0.2577000000001135
368,0.2990500000000793
368,0.30730000000016844
368,0.31775000000016007
368,0.34615000000007967
368,0.3691000000001168
368,0.422649999999976
368,0.4440500000000611
368,0.47175000000015643
368,0.5229500000000371
368,0.6648999999999887
368,0.6848500000000968
368,0.7565500000000611
368,0.828899999999976
368,0.8666000000000622
368,0.9094000000000051
368,0.967200000000048
368,1.0011500000000524
368,1.0715500000001157
368,1.0951500000001033
368,1.106999999999971
368,1.2173999999999978
368,1.307700000000068
368,1.3727000000001226
368,1.4028000000000702
368,1.4580499999999574
369,-0.47929999999996653
369,-0.4654000000000451
369,-0.4507499999999709
369,-0.42184999999994943
369,-0.409099999999853
369,-0.3966499999999087
369,-0.38525000000004184
369,-0.3330999999998312
369,-0.307549999999992
369,-0.2510499999998501
369,-0.2211499999998523
369,-0.20899999999983265
369,-0.16374999999993634
369,-0.10584999999991851
369,-0.08484999999996035
369,-0.0026499999999032298
369,0.02430000000003929
369,0.06910000000016225
369,0.09455000000002656
369,0.1944499999999607
369,0.2283500000000913
369,0.29635000000007494
369,0.3136500000000524
369,0.3429000000000997
369,0.38589999999999236
369,0.4076999999999771
369,0.4653000000000702
369,0.49890000000004875
369,0.5468000000000757
369,0.5746500000000196
369,0.5986000000000331
369,0.6518000000000939
369,0.7010999999999967
369,0.7168500000000222
369,0.7444500000001426
369,0.8592000000001008
369,0.908100000000104
369,0.9523000000001502
369,0.9787499999999909
369,1.0109999999999673
369,1.074200000000019
369,1.1164000000001124
369,1.1515000000001692
369,1.2434500000001663
369,1.2753000000000156
369,1.3099999999999454
369,1.3609000000001288
369,1.4138500000001386
369,1.4361499999999978
369,1.4500500000001466
369,1.477100000000064
370,-0.4675999999999476
370,-0.4071499999997741
370,-0.3876999999997679
370,-0.2789499999998952
370,-0.24194999999986067
370,-0.16829999999981737
370,-0.13869999999997162
370,0.020850000000109503
370,0.03365000000007967
370,0.04850000000010368
370,0.07210000000009131
370,0.09790000000020882
370,0.11265000000003056
370,0.1359500000000935
370,0.15520000000014988
370,0.18065000000024156
370,0.20470000000022992
370,0.2956000000001495
370,0.38030000000003383
370,0.3999500000002172
370,0.44705000000021755
370,0.5317500000001019
370,0.5519500000000335
370,0.6869500000002517
370,0.7996500000001561
370,0.8968000000002121
370,0.9565500000001066
370,0.9951000000000931
370,1.0605000000000473
370,1.0865000000001146
370,1.1673500000001695
370,1.22075000000018
370,1.3275000000001
370,1.3531500000001415
370,1.4101000000000568
370,1.4429500000001099
371,-0.47634999999991123
371,-0.4338000000000193
371,-0.41049999999995634
371,-0.3828999999998359
371,-0.3558499999999185
371,-0.3045999999999367
371,-0.2691499999998541
371,-0.21469999999999345
371,-0.19534999999996217
371,-0.09034999999994398
371,-0.05504999999993743
371,-0.030099999999947613
371,-0.008349999999836655
371,0.06670000000008258
371,0.1087999999999738
371,0.12415000000009968
371,0.15219999999999345
371,0.22010000000000218
371,0.24450000000001637
371,0.2693000000001575
371,0.28985000000011496
371,0.30600000000004
371,0.3298500000000786
371,0.3481500000000324
371,0.4255000000000564
371,0.4701500000001033
371,0.4832499999999982
371,0.5504000000000815
371,0.5787000000000262
371,0.6054000000001452
371,0.6196500000000924
371,0.6300499999999829
371,0.6900000000000546
371,0.7322500000000218
371,0.9073500000001786
371,0.9485500000000684
371,1.0037500000000819
371,1.1000500000000102
371,1.212350000000015
371,1.2694500000000062
371,1.2807999999999993
371,1.4809000000000196
372,-0.41764999999986685
372,-0.35644999999999527
372,-0.3167999999998301
372,-0.27634999999986576
372,-0.2403999999999087
372,-0.1894999999999527
372,0.011550000000170257
372,0.03840000000013788
372,0.06095000000004802
372,0.10795000000007349
372,0.15465000000017426
372,0.20580000000018117
372,0.23680000000013024
372,0.25225000000000364
372,0.2699000000000069
372,0.28670000000010987
372,0.31425000000012915
372,0.3485000000000582
372,0.39075000000002547
372,0.5120500000000447
372,0.5863500000000386
372,0.8399000000001706
372,1.0186000000001059
372,1.041400000000067
372,1.125550000000203
372,1.1377500000000964
372,1.1502000000000407
372,1.174600000000055
372,1.2313000000001466
372,1.2477000000001226
372,1.2578000000000884
372,1.276299999999992
372,1.4731500000000324
372,1.4987500000002
373,-0.35284999999998945
373,-0.09649999999987813
373,-0.06465000000002874
373,0.0027500000001055014
373,0.027499999999918145
373,0.09635000000002947
373,0.14429999999993015
373,0.2188499999999749
373,0.24680000000012114
373,0.29300000000012005
373,0.337099999999964
373,0.37409999999999854
373,0.4019499999999425
373,0.4686500000000251
373,0.49765000000002146
373,0.5231499999999869
373,0.6108500000000276
373,0.676300000000083
373,0.7125499999999647
373,0.7242499999999836
373,0.7977499999999509
373,0.8367499999999382
373,0.8547000000000935
373,0.9140500000000884
373,1.0055999999999585
373,1.0560500000001412
374,-0.4791499999998905
374,-0.46489999999994325
374,-0.4510499999998956
374,-0.3689999999999145
374,-0.35989999999992506
374,-0.3339499999999589
374,-0.23529999999982465
374,-0.21489999999994325
374,-0.18039999999996326
374,-0.15474999999992178
374,-0.09284999999999854
374,-0.0597499999998945
374,-0.033249999999952706
374,-0.014699999999947977
374,0.01125000000001819
374,0.025050000000192085
374,0.06740000000013424
374,0.0883000000001175
374,0.11140000000000327
374,0.19775000000004184
374,0.22105000000010477
374,0.23870000000010805
374,0.26460000000020045
374,0.3009500000000571
374,0.32615000000009786
374,0.404700000000048
374,0.49290000000019063
374,0.5287000000000717
374,0.5873000000001412
374,0.6623500000000604
374,0.6843000000001211
374,0.7181500000001506
374,0.7606000000000677
374,0.7956500000000233
374,0.8383000000001175
374,0.8906000000001768
374,0.9322500000000673
374,1.0090500000001157
374,1.0460000000000491
374,1.0855000000001382
374,1.1151000000002114
374,1.210850000000164
374,1.296100000000024
374,1.461100000000215
375,-0.4675499999998465
375,-0.4279999999998836
375,-0.41649999999981446
375,-0.3739499999999225
375,-0.2596499999999651
375,-0.2523999999998523
375,-0.23319999999989705
375,-0.15719999999987522
375,-0.12819999999987886
375,-0.10749999999984539
375,-0.016749999999774445
375,-0.0011499999998250132
375,0.020500000000083674
375,0.038950000000113505
375,0.08295000000020991
375,0.11300000000005639
375,0.13330000000019027
375,0.161750000000211
375,0.19960000000014588
375,0.224250000000211
375,0.23575000000005275
375,0.26775000000020555
375,0.3094500000001972
375,0.3472500000000309
375,0.3792500000001837
375,0.40905000000020664
375,0.4516500000001997
375,0.4667500000000473
375,0.4995000000001255
375,0.5322000000001026
375,0.5645000000001801
375,0.5898000000001957
375,0.6127500000002328
375,0.620600000000195
375,0.6447000000000571
375,0.6718000000000757
375,0.6964000000000397
375,0.7259000000001379
375,0.7525000000000546
375,0.7901500000000397
375,0.819300000000112
375,0.8727000000001226
375,0.9680000000000746
375,1.0145000000002256
375,1.0807000000002063
375,1.1360500000000684
375,1.2710500000000593
375,1.3213000000000648
375,1.3962500000002365
375,1.4817000000000462
376,-0.495049999999992
376,-0.42394999999987704
376,-0.3883499999999458
376,-0.3368000000000393
376,-0.1092999999998483
376,-0.06829999999990832
376,-0.02970000000004802
376,-0.024649999999837746
376,-0.01710000000002765
376,0.00895000000014079
376,0.03960000000006403
376,0.09850000000005821
376,0.1276500000001306
376,0.14980000000014115
376,0.16865000000007058
376,0.19870000000014443
376,0.236850000000004
376,0.29740000000015243
376,0.3270999999999731
376,0.3609000000001288
376,0.41010000000005675
376,0.4333000000001448
376,0.4685500000000502
376,0.49015000000008513
376,0.5847499999999854
376,0.6222000000000207
376,0.6477999999999611
376,0.7956500000000233
376,0.9522500000000491
376,0.9723500000000058
376,0.9932000000001153
376,1.0105000000000928
376,1.0628500000000258
376,1.1294500000001335
376,1.1749500000000808
376,1.1870000000001255
376,1.2036000000000513
376,1.236949999999979
376,1.262899999999945
376,1.3168000000000575
376,1.3666500000001633
376,1.3936499999999796
376,1.4412999999999556
376,1.4707499999999527
377,-0.36294999999995525
377,-0.2802999999998974
377,-0.2682999999999538
377,-0.24974999999994907
377,-0.20229999999992287
377,-0.04794999999990068
377,0.01625000000012733
377,0.03530000000000655
377,0.07480000000009568
377,0.09265000000004875
377,0.12210000000004584
377,0.13744999999994434
377,0.15194999999994252
377,0.18524999999999636
377,0.20125000000007276
377,0.21479999999996835
377,0.31605000000013206
377,0.5156500000000506
377,0.6712500000001
377,0.6950500000000375
377,0.7907000000000153
377,0.8214500000001408
377,0.8421000000000731
377,0.9115500000000338
377,0.9548500000000786
377,1.0454500000000735
377,1.1064499999999953
377,1.1246499999999742
377,1.14325000000008
377,1.151700000000119
377,1.235450000000128
377,1.2446999999999662
377,1.261850000000095
377,1.2771999999999935
377,1.2913499999999658
377,1.319400000000087
377,1.3386500000001433
377,1.4518500000001495
377,1.4909000000000106
378,-0.48444999999992433
378,-0.46814999999992324
378,-0.4538000000000011
378,-0.3793000000000575
378,-0.3410999999998694
378,-0.28960000000006403
378,-0.24149999999985994
378,-0.22479999999995925
378,-0.2086500000000342
378,-0.18869999999992615
378,-0.04729999999995016
378,0.007849999999962165
378,0.04570000000012442
378,0.12450000000012551
378,0.1464499999999589
378,0.15994999999998072
378,0.18479999999999563
378,0.2481999999999971
378,0.37114999999994325
378,0.38885000000004766
378,0.4664500000001226
378,0.5391999999999371
378,0.5668000000000575
378,0.6735000000001037
378,0.7595499999999902
378,0.7795000000000982
378,0.8003000000001066
378,0.8417999999999211
378,0.8613500000001295
378,0.8731000000000222
378,0.8899000000001251
378,0.9088500000000295
378,0.9544499999999516
378,0.9744499999999334
378,0.9884500000000571
378,1.0150000000001
378,1.04099999999994
378,1.063949999999977
378,1.078800000000001
378,1.1067500000001473
378,1.122000000000071
378,1.1473499999999603
378,1.1699499999999716
378,1.1983000000000175
378,1.2081000000000586
378,1.217450000000099
378,1.222250000000031
378,1.248700000000099
378,1.2580000000000382
378,1.2699999999999818
378,1.2819500000000517
378,1.2918500000000677
378,1.302699999999959
378,1.3103499999999713
378,1.3373000000001412
378,1.3606500000000779
378,1.4185999999999694
378,1.4356000000000222
378,1.459150000000136
378,1.4828500000000986
379,-0.4987499999999727
379,-0.4884999999999309
379,-0.472150000000056
379,-0.44785000000001673
379,-0.4232999999999265
379,-0.414449999999988
379,-0.3844000000001415
379,-0.36265000000003056
379,-0.3042000000000371
379,-0.25794999999993706
379,-0.24984999999992397
379,-0.23085000000014588
379,-0.22244999999998072
379,-0.19295000000010987
379,-0.14955000000009022
379,-0.134900000000016
379,-0.09490000000005239
379,-0.05635000000006585
379,-0.03314999999997781
379,-0.0008000000000265572
379,0.03475000000003092
379,0.07805000000007567
379,0.1038499999999658
379,0.12654999999995198
379,0.16075000000000728
379,0.2309499999998934
379,0.29054999999993925
379,0.3531000000000404
379,0.37304999999992106
379,0.4029000000000451
379,0.4201499999999214
379,0.44965000000001965
379,0.5154499999998734
379,0.5395499999999629
379,0.560799999999972
379,0.5852999999999611
379,0.620049999999992
379,0.674350000000004
379,0.7081000000000586
379,0.7302999999999429
379,0.7706499999999323
379,0.8260499999998956
379,0.8347499999999854
379,0.9016999999998916
379,0.9412499999998545
379,0.9746499999998832
379,0.98700000000008
379,1.0134499999999207
379,1.0375500000000102
379,1.0566499999999905
379,1.0695000000000618
379,1.0980999999999312
379,1.1241999999999734
379,1.171350000000075
379,1.2606499999999414
379,1.2954999999999472
379,1.3380999999999403
379,1.3739000000000487
379,1.4539999999999509
379,1.4730999999999312
380,-0.4818000000000211
380,-0.44069999999987886
380,-0.35284999999998945
380,-0.279549999999972
380,-0.22254999999995562
380,-0.07510000000002037
380,-0.049049999999851934
380,0.008199999999987995
380,0.0442000000000462
380,0.1331000000000131
380,0.20275000000015098
380,0.2666500000000269
380,0.29995000000008076
380,0.3246000000001459
380,0.41155000000003383
380,0.4964500000000953
380,0.5571999999999662
380,0.5796000000000276
380,0.6403000000000247
380,0.7033500000000004
380,0.727100000000064
380,0.7758499999999913
380,0.797800000000052
380,0.809650000000147
380,0.8248499999999694
380,0.8614500000001044
380,0.885050000000092
380,0.9160500000000411
380,0.983449999999948
380,1.0233499999999367
380,1.0427500000000691
380,1.0568000000000666
380,1.128349999999955
380,1.1635499999999865
380,1.1930999999999585
380,1.2510500000000775
380,1.3051500000001397
380,1.3214500000001408
380,1.3921000000000276
380,1.4247000000000298
380,1.4782500000001164
380,1.4883500000000822
381,-0.44219999999995707
381,-0.3593999999998232
381,-0.25959999999986394
381,-0.23569999999995161
381,-0.21099999999978536
381,-0.09074999999984357
381,-0.043849999999793
381,-0.0313499999999749
381,0.16665000000011787
381,0.19455000000016298
381,0.3004500000001826
381,0.3380000000001928
381,0.38855000000012296
381,0.4113000000002103
381,0.4660000000001219
381,0.6337000000000899
381,0.8185000000000855
381,0.8747500000001764
381,0.9472500000001673
381,1.0959500000001299
381,1.1331000000002405
381,1.2930500000002212
381,1.416800000000194
382,-0.4910499999998592
382,-0.42289999999979955
382,-0.3922499999998763
382,-0.33654999999998836
382,-0.31574999999998
382,-0.28319999999985157
382,-0.21249999999986358
382,-0.16384999999991123
382,-0.11524999999983265
382,-0.09014999999999418
382,-0.05880000000001928
382,-0.015099999999847569
382,0.0029500000000552973
382,0.013149999999995998
382,0.026000000000067303
382,0.04259999999999309
382,0.07560000000012224
382,0.1915000000001328
382,0.2824000000000524
382,0.3357500000001892
382,0.39400000000000546
382,0.4650500000000193
382,0.5525000000000091
382,0.5877500000001419
382,0.6235500000000229
382,0.6688500000000204
382,0.6915500000000065
382,0.7472999999999956
382,0.8545000000001437
382,0.8873000000000957
382,0.9231500000000779
382,0.9449000000001888
382,0.96875
382,0.9740000000001601
382,1.0244500000001153
382,1.0789500000000771
382,1.0962000000001808
382,1.1362000000001444
382,1.2217000000000553
382,1.2448500000000422
382,1.3054000000001906
382,1.3240500000001703
382,1.4241500000000542
382,1.465400000000045
382,1.4898000000000593
383,-0.4764500000001135
383,-0.4227000000000771
383,-0.4093000000000302
383,-0.32539999999994507
383,-0.2377000000001317
383,-0.20765000000005784
383,-0.1965500000001157
383,0.0878499999998894
383,0.1178500000000895
383,0.18785000000002583
383,0.21145000000001346
383,0.2440999999998894
383,0.38885000000004766
383,0.41200000000003456
383,0.5113999999998668
383,0.5326999999999771
383,0.5669000000000324
383,0.6028499999999894
383,0.6641999999999371
383,0.7240500000000338
383,0.750150000000076
383,0.8178499999999076
383,0.8427999999998974
383,0.9057499999998981
383,0.9329999999999927
383,0.9600000000000364
383,0.9791499999998905
383,0.9932499999999891
383,1.0053499999999076
383,1.0288000000000466
383,1.0912499999999454
383,1.1310000000000855
383,1.1766000000000076
383,1.1944499999999607
383,1.2364999999999782
383,1.4215999999998985
383,1.4578500000000076
384,-0.47984999999994216
384,-0.45984999999996035
384,-0.42434999999977663
384,-0.41754999999989195
384,-0.4120999999997821
384,-0.37134999999989304
384,-0.3688999999999396
384,-0.2565999999999349
384,-0.21654999999987012
384,-0.1916999999998552
384,-0.1669499999998152
384,-0.07334999999989122
384,-0.03519999999980428
384,-0.009199999999964348
384,0.043950000000222644
384,0.0730500000001939
384,0.09910000000013497
384,0.11400000000003274
384,0.19755000000009204
384,0.21165000000019063
384,0.2448500000000422
384,0.3239000000000942
384,0.35825000000022555
384,0.39885000000003856
384,0.4501000000000204
384,0.4629500000000917
384,0.4827500000001237
384,0.5411000000001422
384,0.61850000000004
384,0.630500000000211
384,0.6481000000001131
384,0.724100000000135
384,0.7543000000000575
384,0.7991500000000542
384,0.8941000000002077
384,0.9697000000001026
384,1.0669000000000324
384,1.0938500000002023
384,1.1606000000001586
384,1.1733500000000276
384,1.2077500000000327
384,1.3363000000001648
384,1.3757500000001528
384,1.4185500000000957
384,1.4406000000001313
385,-0.44434999999975844
385,-0.3062499999998636
385,-0.28779999999983374
385,-0.2750499999999647
385,-0.24184999999988577
385,-0.19764999999983957
385,-0.11354999999980464
385,-0.08504999999991014
385,-0.058399999999892316
385,-0.017449999999826105
385,0.015350000000125874
385,0.04090000000019245
385,0.06450000000018008
385,0.10370000000011714
385,0.16685000000006767
385,0.21280000000024302
385,0.24165000000016335
385,0.3203000000000884
385,0.3795500000001084
385,0.4074000000000524
385,0.43315000000006876
385,0.46885000000020227
385,0.5014000000001033
385,0.5412500000002183
385,0.5796500000001288
385,0.6133000000002085
385,0.6297000000001844
385,0.722550000000183
385,0.7463000000002467
385,0.8701000000000931
385,0.9636500000001433
385,1.0206500000001597
385,1.0622000000000753
385,1.08925000000022
385,1.1308500000002368
385,1.1621000000002368
385,1.2006500000002234
385,1.2549500000002354
385,1.3255500000002485
385,1.379850000000033
385,1.4190500000001975
385,1.4791500000001179
386,-0.4650499999997919
386,-0.44909999999981665
386,-0.3898999999998978
386,-0.30359999999996035
386,-0.2800999999999476
386,-0.23244999999997162
386,-0.22354999999993197
386,-0.1816999999998643
386,-0.15839999999980137
386,-0.1334999999999127
386,-0.11149999999997817
386,-0.09364999999979773
386,-0.04399999999986903
386,0.0002500000000509317
386,0.06385000000000218
386,0.07655000000022483
386,0.09840000000008331
386,0.12810000000013133
386,0.16905000000019754
386,0.22795000000019172
386,0.298200000000179
386,0.34615000000007967
386,0.3791500000002088
386,0.42020000000002256
386,0.48020000000019536
386,0.498850000000175
386,0.5153500000001259
386,0.5483000000001539
386,0.5682000000001608
386,0.587500000000091
386,0.5995500000001357
386,0.613700000000108
386,0.6515500000000429
386,0.6818500000001677
386,0.7144500000001699
386,0.7319000000002234
386,0.773050000000012
386,0.8400000000001455
386,0.8561000000001968
386,0.9861500000001797
386,1.031550000000152
386,1.077750000000151
386,1.0983000000001084
386,1.110550000000103
386,1.1640500000000884
386,1.204300000000103
386,1.2729000000001633
386,1.2788000000000466
386,1.3126000000002023
386,1.3302000000001044
386,1.3490500000000338
386,1.4043500000000222
386,1.4564000000000306
387,-0.3919999999998254
387,-0.17184999999994943
387,-0.11554999999998472
387,0.01880000000005566
387,0.05900000000019645
387,0.07150000000001455
387,0.08625000000006366
387,0.11830000000009022
387,0.11945000000014261
387,0.12835000000018226
387,0.14715000000001055
387,0.16020000000003165
387,0.193000000000211
387,0.22790000000009059
387,0.25805000000013933
387,0.3436500000000251
387,0.3762500000000273
387,0.3922000000002299
387,0.46840000000020154
387,0.48210000000017317
387,0.5062500000001364
387,0.5367000000001099
387,0.5774500000002263
387,0.6127500000002328
387,0.6416000000001532
387,0.7086500000000342
387,0.7287500000002183
387,0.7417500000001382
387,0.8758000000000266
387,1.0030000000001564
387,1.0111000000001695
387,1.0736000000001695
387,1.171650000000227
387,1.2276500000000397
387,1.2393500000000586
387,1.3667500000001382
387,1.4593500000000859
388,-0.4714999999998781
388,-0.440199999999777
388,-0.3733999999999469
388,-0.3017499999998563
388,-0.2775499999997919
388,-0.2590999999997621
388,-0.21704999999974461
388,-0.16079999999988104
388,-0.11274999999977808
388,0.03835000000026412
388,0.06450000000018008
388,0.09340000000020154
388,0.11565000000018699
388,0.13855000000012296
388,0.17650000000026012
388,0.19905000000017026
388,0.21915000000012697
388,0.23670000000015534
388,0.2515000000000782
388,0.26440000000025066
388,0.28280000000017935
388,0.2950500000001739
388,0.3165500000002339
388,0.36035000000015316
388,0.3866000000002714
388,0.41275000000018736
388,0.4675000000002001
388,0.5381000000002132
388,0.5843000000002121
388,0.6319500000001881
388,0.6860500000002503
388,0.7006000000001222
388,0.7549000000001342
388,0.7841000000000804
388,0.7959500000001754
388,0.8064500000002681
388,0.8332000000002608
388,0.8452500000000782
388,0.8724500000000717
388,0.8952500000002601
388,0.9161000000001422
388,0.9580500000001848
388,0.9688500000002023
388,0.9998000000000502
388,1.0234000000002652
388,1.0864500000002408
388,1.0984000000000833
388,1.1373500000001968
388,1.1701000000000477
388,1.1963000000000648
388,1.2518000000002303
388,1.3137000000001535
388,1.3321000000000822
388,1.3450000000002547
388,1.367600000000266
388,1.4204000000001997
389,-0.45879999999988286
389,-0.4431999999999334
389,-0.41784999999981665
389,-0.3565499999997428
389,-0.3475999999998294
389,-0.31389999999987594
389,-0.2858499999997548
389,-0.260899999999765
389,-0.20519999999987704
389,-0.1427499999997508
389,-0.07619999999974425
389,-0.0439499999997679
389,-0.025399999999763168
389,0.02045000000020991
389,0.07540000000017244
389,0.09220000000004802
389,0.1303000000002612
389,0.18765000000007603
389,0.2134000000000924
389,0.23035000000004402
389,0.29385000000024775
389,0.3321000000000822
389,0.3516500000000633
389,0.3958500000001095
389,0.4239500000001044
389,0.46165000000019063
389,0.5429000000001452
389,0.5632000000000517
389,0.6746000000000549
389,0.7287000000001171
389,0.814750000000231
389,0.8594000000000506
389,0.8741000000002259
389,1.005400000000236
389,1.0201500000000578
389,1.0754000000001724
389,1.1262500000002547
389,1.1554500000002008
389,1.1841000000001713
389,1.2903000000001157
389,1.3780000000001564
389,1.4107000000001335
390,-0.4825999999998203
390,-0.4346499999999196
390,-0.4210499999999229
390,-0.359599999999773
390,-0.3167999999998301
390,-0.2918499999998403
390,-0.2265999999997348
390,-0.1994999999999436
390,-0.16999999999984539
390,-0.1540999999997439
390,-0.12514999999984866
390,-0.06599999999980355
390,-0.03244999999992615
390,-0.02074999999990723
390,0.1536500000001979
390,0.1790000000000873
390,0.2590000000002419
390,0.27090000000021064
390,0.3271500000000742
390,0.38540000000011787
390,0.4191000000000713
390,0.45105000000012296
390,0.5373000000001866
390,0.5706500000001142
390,0.5881000000001677
390,0.6573500000001786
390,0.9124500000002627
390,0.965900000000147
390,0.9995000000001255
390,1.039900000000216
390,1.0714500000001408
390,1.0868500000001404
390,1.1062000000001717
390,1.1425000000001546
390,1.1645000000000891
390,1.2109000000002652
390,1.2795500000001994
390,1.3091000000001713
390,1.3418000000001484
390,1.4568500000002587
390,1.4781500000001415
391,-0.4528499999998985
391,-0.43439999999986867
391,-0.41879999999991924
391,-0.3857999999997901
391,-0.33589999999981046
391,-0.2820999999999003
391,-0.24984999999992397
391,-0.17949999999973443
391,-0.09899999999970532
391,-0.0831999999998061
391,-0.050149999999803185
391,-0.003699999999753345
391,0.016300000000228465
391,0.036800000000084765
391,0.0812500000001819
391,0.10010000000011132
391,0.1147000000000844
391,0.1353500000002441
391,0.1932000000001608
391,0.23885000000018408
391,0.5653500000000804
391,0.5968000000002576
391,0.7441000000001168
391,0.8205000000002656
391,0.9342500000002474
391,0.9602000000002135
391,1.067600000000084
391,1.0918500000002496
391,1.1103000000002794
391,1.1525000000001455
391,1.1773500000001604
391,1.1985000000001946
391,1.233850000000075
391,1.2776500000002216
391,1.2909500000002936
391,1.3317000000001826
391,1.3597000000002026
391,1.3913500000001022
391,1.418150000000196
391,1.4373000000002776
391,1.4877000000001317
392,-0.35560000000009495
392,-0.3186000000000604
392,-0.29854999999997744
392,-0.2550499999999829
392,-0.19194999999990614
392,-0.14175000000000182
392,-0.10484999999994216
392,-0.06659999999988031
392,-0.043049999999993815
392,-0.014699999999947977
392,0.022099999999909414
392,0.05160000000000764
392,0.09740000000010696
392,0.1198500000000422
392,0.17519999999990432
392,0.21080000000006294
392,0.46395000000006803
392,0.5159499999999753
392,0.7302999999999429
392,0.8241499999999178
392,0.8827499999999873
392,0.9150999999999385
392,0.9643499999999676
392,0.9875500000000557
392,1.1046000000001186
392,1.1700499999999465
392,1.249849999999924
392,1.306250000000091
392,1.4184000000000196
392,1.436100000000124
392,1.4728999999999814
392,1.4928999999999633
393,-0.4873499999998785
393,-0.4753499999997075
393,-0.4570499999997537
393,-0.3816999999999098
393,-0.3164499999998043
393,-0.19439999999985957
393,-0.12254999999981919
393,-0.0698499999998603
393,-0.05424999999991087
393,0.04885000000012951
393,0.0709500000002663
393,0.08950000000027103
393,0.143650000000207
393,0.1701500000001488
393,0.19960000000014588
393,0.24320000000011532
393,0.27805000000012114
393,0.3121000000001004
393,0.35795000000030086
393,0.4258500000000822
393,0.44820000000026994
393,0.5084000000001652
393,0.5751000000002477
393,0.625700000000279
393,0.6635500000002139
393,0.6990000000002965
393,0.7234500000001844
393,0.765400000000227
393,0.8298500000000786
393,0.8829000000002907
393,0.8974000000002889
393,0.9685500000002776
393,0.9914000000001124
393,1.0179500000001553
393,1.0297500000001492
393,1.0535000000002128
393,1.1030000000002929
393,1.2221000000001823
393,1.2572500000001128
393,1.385200000000168
393,1.4118000000000848
393,1.4390500000001794
393,1.4790000000002692
394,-0.46039999999993597
394,-0.43554999999992106
394,-0.4101999999998043
394,-0.39259999999990214
394,-0.34389999999984866
394,-0.3191999999999098
394,-0.3051499999999123
394,-0.26749999999992724
394,-0.2583999999999378
394,-0.18764999999984866
394,-0.17614999999977954
394,-0.13239999999996144
394,-0.10954999999989923
394,-0.06339999999977408
394,-0.027599999999893043
394,0.00645000000008622
394,0.042550000000119326
394,0.07220000000006621
394,0.10920000000010077
394,0.17615000000023429
394,0.23575000000005275
394,0.3463000000001557
394,0.3759500000001026
394,0.42285000000015316
394,0.4449000000001888
394,0.5603000000000975
394,0.5683000000001357
394,0.7137000000002445
394,0.7738500000000386
394,0.8018500000000586
394,0.8383500000002186
394,0.8726500000002488
394,0.936200000000099
394,0.977500000000191
394,1.0077500000002146
394,1.0549000000000888
394,1.1186000000002423
394,1.1739500000001044
394,1.2095500000000357
394,1.227600000000166
394,1.2656500000000506
394,1.2857500000002346
394,1.3120000000001255
394,1.3503000000000611
394,1.3653000000001612
394,1.4091000000000804
394,1.497150000000147
395,-0.4754499999999098
395,-0.4257999999999811
395,-0.40495000000009895
395,-0.36944999999991524
395,-0.34009999999989304
395,-0.32529999999997017
395,-0.28739999999993415
395,-0.26919999999995525
395,-0.24565000000006876
395,-0.19744999999988977
395,-0.11345000000005712
395,-0.09815000000003238
395,-0.08085000000005493
395,-0.05099999999993088
395,-0.04060000000004038
395,-0.024349999999913052
395,-0.003449999999929787
395,0.026699999999891588
395,0.038250000000061846
395,0.05649999999991451
395,0.08874999999989086
395,0.10304999999993925
395,0.11830000000009022
395,0.13370000000008986
395,0.15754999999990105
395,0.18354999999996835
395,0.20049999999991996
395,0.23025000000006912
395,0.2439999999999145
395,0.25594999999998436
395,0.2876000000001113
395,0.3043999999999869
395,0.3295499999999265
395,0.38180000000011205
395,0.4341500000000451
395,0.4471000000000913
395,0.46184999999991305
395,0.5550499999999374
395,0.5755999999998949
395,0.6041499999998905
395,0.6340999999999894
395,0.6696999999999207
395,0.698949999999968
395,0.7218000000000302
395,0.8265499999999975
395,0.8411000000000968
395,0.866649999999936
395,0.9131999999999607
395,0.9475999999999658
395,0.9686500000000251
395,0.9895500000000084
395,1.006249999999909
395,1.0336999999999534
395,1.0522499999999582
395,1.0710999999998876
395,1.1224999999999454
395,1.1429000000000542
395,1.1701499999999214
395,1.2035000000000764
395,1.2217000000000553
395,1.243600000000015
395,1.271349999999984
395,1.3510499999999865
395,1.3855499999999665
395,1.4177500000000691
395,1.450749999999971
396,-0.48649999999997817
396,-0.44515000000001237
396,-0.402849999999944
396,-0.3807999999999083
396,-0.32989999999995234
396,-0.2645999999999731
396,-0.2026499999999487
396,-0.08294999999998254
396,-0.00825000000008913
396,0.05279999999993379
396,0.1328000000000884
396,0.1581499999999778
396,0.18374999999991815
396,0.21184999999991305
396,0.23019999999996799
396,0.32829999999989923
396,0.3476499999999305
396,0.4949500000000171
396,0.5488499999999021
396,0.720450000000028
396,0.75324999999998
396,0.7783999999999196
396,0.8054999999999382
396,0.9041999999999462
396,0.9463499999999385
396,1.0707500000000891
396,1.084100000000035
396,1.110300000000052
396,1.141149999999925
396,1.1672499999999673
396,1.200900000000047
396,1.2397000000000844
396,1.2620500000000447
396,1.2947999999998956
396,1.3325999999999567
396,1.3958499999998821
396,1.4934000000000651
397,-0.46479999999996835
397,-0.44574999999986176
397,-0.3762499999997999
397,-0.3490999999999076
397,-0.3014499999999316
397,-0.2667500000000018
397,-0.2239999999999327
397,-0.20744999999988067
397,-0.11439999999993233
397,-0.09369999999989886
397,-0.06970000000001164
397,-0.05199999999990723
397,0.031200000000126238
397,0.04955000000018117
397,0.07595000000014807
397,0.09500000000002728
397,0.14240000000017972
397,0.16145000000005894
397,0.17505000000005566
397,0.19895000000019536
397,0.21580000000017208
397,0.231899999999996
397,0.34095000000002074
397,0.38315000000011423
397,0.4382500000001528
397,0.510300000000143
397,0.5288500000001477
397,0.5615000000000236
397,0.6545500000001994
397,0.6883500000001277
397,0.7150500000000193
397,0.7811000000001513
397,0.8028000000001612
397,0.8617000000001553
397,0.8954500000002099
397,0.955600000000004
397,0.9780000000000655
397,1.0491000000001804
397,1.074500000000171
397,1.08945000000017
397,1.1481500000002143
397,1.1888000000001284
397,1.2165500000000975
397,1.3210500000000138
397,1.3482000000001335
397,1.3851000000001932
397,1.4191000000000713
397,1.4844500000001517
398,-0.4794499999998152
398,-0.4483499999998912
398,-0.43744999999989886
398,-0.3642499999998563
398,-0.2839999999998781
398,-0.2312499999998181
398,-0.19544999999993706
398,-0.17619999999988067
398,-0.12894999999980428
398,-0.08709999999973661
398,-0.0489999999997508
398,-0.018849999999929423
398,0.013500000000249202
398,0.029750000000149157
398,0.04630000000020118
398,0.08425000000011096
398,0.10205000000019027
398,0.1528000000000702
398,0.18315000000006876
398,0.2001500000001215
398,0.22915000000011787
398,0.24630000000024665
398,0.29175000000009277
398,0.37340000000017426
398,0.4236500000001797
398,0.4515000000001237
398,0.5273000000001957
398,0.5461000000002514
398,0.5619500000002517
398,0.5972000000001572
398,0.6696000000001732
398,0.7441000000001168
398,0.8660000000002128
398,0.8917000000001281
398,1.0408000000002176
398,1.1216500000002725
398,1.176350000000184
398,1.2065000000002328
398,1.2632000000000971
398,1.2794000000001233
398,1.3052000000002408
398,1.3321500000001834
398,1.3468000000002576
398,1.3859000000002197
398,1.4286500000000615
398,1.447850000000244
398,1.469200000000228
399,-0.47624999999993634
399,-0.43164999999999054
399,-0.4254000000000815
399,-0.4085500000001048
399,-0.4073000000000775
399,-0.37820000000010623
399,-0.360300000000052
399,-0.34465000000000146
399,-0.3166000000001077
399,-0.30265000000008513
399,-0.2957499999999982
399,-0.2716000000000349
399,-0.21469999999999345
399,-0.20059999999989486
399,-0.1675999999999931
399,-0.15300000000002
399,-0.14030000000002474
399,-0.014200000000073487
399,0.03559999999993124
399,0.05670000000009168
399,0.09290000000009968
399,0.10574999999994361
399,0.11259999999992942
399,0.1269999999999527
399,0.14229999999997744
399,0.1675000000000182
399,0.1811999999999898
399,0.1944499999999607
399,0.21890000000007603
399,0.2400000000000091
399,0.2897499999999127
399,0.31694999999990614
399,0.3499500000000353
399,0.4027000000000953
399,0.43229999999994106
399,0.45299999999997453
399,0.4689499999999498
399,0.4943000000000666
399,0.5207000000000335
399,0.5833999999999833
399,0.6085499999999229
399,0.6252500000000509
399,0.6983999999999924
399,0.7359500000000025
399,0.751299999999901
399,0.7770499999999174
399,0.8014000000000578
399,0.845450000000028
399,0.8726999999998952
399,0.9190000000000964
399,0.9375500000001011
399,0.9652499999999691
399,0.9819999999999709
399,0.9990499999998974
399,1.0333499999999276
399,1.0732000000000426
399,1.10024999999996
399,1.1523999999999432
399,1.182399999999916
399,1.2312999999999192
399,1.276550000000043
399,1.3203499999999622
399,1.3438000000001011
399,1.4151500000000397
399,1.4464000000000397
399,1.480199999999968
400,-0.4708499999999276
400,-0.4436000000000604
400,-0.4296999999999116
400,-0.3817500000000109
400,-0.3260999999999967
400,-0.3094499999999698
400,-0.2629500000000462
400,-0.24459999999999127
400,-0.22434999999995853
400,-0.20485000000007858
400,-0.18470000000002074
400,-0.1694999999999709
400,-0.1462500000000091
400,-0.11625000000003638
400,-0.10019999999985885
400,-0.08719999999993888
400,-0.07095000000003893
400,-0.027599999999893043
400,0.04465000000004693
400,0.05950000000007094
400,0.07740000000012515
400,0.09505000000012842
400,0.1219499999999698
400,0.14440000000013242
400,0.1826499999999669
400,0.2671500000001288
400,0.29520000000002256
400,0.36789999999996326
400,0.4834000000000742
400,0.5105000000000928
400,0.5717999999999392
400,0.6682499999999436
400,0.6818000000000666
400,0.7254500000001372
400,0.809099999999944
400,0.8562999999999192
400,0.9239999999999782
400,1.0147999999999229
400,1.0412000000001171
400,1.0834999999999582
400,1.1443500000000313
400,1.3292500000000018
400,1.4386500000000524
401,-0.49474999999983993
401,-0.4106500000000324
401,-0.33839999999986503
401,-0.2734499999999116
401,-0.23544999999990068
401,-0.1944499999999607
401,-0.17004999999994652
401,-0.05555000000003929
401,-0.02959999999984575
401,0.010500000000092768
401,0.02835000000004584
401,0.09220000000004802
401,0.11014999999997599
401,0.15495000000009895
401,0.18409999999994398
401,0.22880000000009204
401,0.2826999999999771
401,0.33930000000009386
401,0.5071500000001379
401,0.6319499999999607
401,0.6983500000001186
401,0.7680000000000291
401,0.8175000000001091
401,0.8642999999999574
401,0.8926000000001295
401,0.9847500000000764
401,1.0878000000000156
401,1.1892500000001291
401,1.2327500000001237
401,1.301300000000083
401,1.3651500000000851
401,1.4250500000000557
401,1.485450000000128
402,-0.48424999999997453
402,-0.3663000000001375
402,-0.34159999999997126
402,-0.3006000000000313
402,-0.18695000000002437
402,-0.06494999999995343
402,-0.04825000000005275
402,-0.010199999999940701
402,0.017200000000002547
402,0.04295000000001892
402,0.07109999999988759
402,0.08719999999993888
402,0.1141499999998814
402,0.1510000000000673
402,0.17219999999997526
402,0.21499999999991815
402,0.2567500000000109
402,0.3309999999999036
402,0.522899999999936
402,0.5307499999998981
402,0.5571999999999662
402,0.7077500000000327
402,0.7346999999999753
402,0.804300000000012
402,0.9401499999999032
402,1.032649999999876
402,1.0905499999998938
402,1.123550000000023
402,1.1489500000000135
402,1.199200000000019
402,1.2287999999998647
402,1.2531999999998789
402,1.3044999999999618
402,1.384900000000016
402,1.4451500000000124
402,1.488650000000007
403,-0.48004999999989195
403,-0.42699999999990723
403,-0.37059999999974025
403,-0.2597499999997126
403,-0.0439499999997679
403,-0.018549999999777356
403,0.026850000000194996
403,0.0991500000002361
403,0.1075500000001739
403,0.15570000000025175
403,0.26595000000020264
403,0.33340000000021064
403,0.34920000000010987
403,0.364100000000235
403,0.4766500000002907
403,0.507050000000163
403,0.5474000000001524
403,0.5791500000002543
403,0.6131000000002587
403,0.7314500000002226
403,0.7727500000000873
403,0.7920000000001437
403,0.8486000000002605
403,0.8889500000002499
403,0.957700000000159
403,1.0523000000002867
403,1.12050000000022
403,1.1451500000002852
403,1.1625000000001364
403,1.2128500000001168
403,1.2463500000001204
403,1.4996500000002015
404,-0.43630000000007385
404,-0.40850000000000364
404,-0.36944999999991524
404,-0.3407999999999447
404,-0.28224999999997635
404,-0.2522999999998774
404,-0.19069999999987886
404,-0.15985000000000582
404,-0.09189999999989595
404,-0.0625999999999749
404,-0.04025000000001455
404,-0.0130500000000211
404,0.029850000000124055
404,0.07660000000009859
404,0.09304999999994834
404,0.10805000000004839
404,0.12840000000005602
404,0.1420499999999265
404,0.16295000000013715
404,0.17745000000013533
404,0.2431500000000142
404,0.3106500000001233
404,0.5699500000000626
404,0.5960000000000036
404,0.6637499999999363
404,0.7020500000000993
404,0.7298000000000684
404,0.8538499999999658
404,0.9262499999999818
404,0.9710500000001048
404,1.0356500000000324
404,1.1101000000001022
404,1.334100000000035
404,1.4600000000000364
405,-0.49464999999986503
405,-0.428599999999733
405,-0.3545499999997901
405,-0.30904999999984284
405,-0.26749999999992724
405,-0.2411499999998341
405,-0.22109999999975116
405,-0.1632999999999356
405,-0.1472999999998592
405,-0.1347499999997126
405,-0.12469999999984793
405,-0.09874999999988177
405,-0.05309999999985848
405,-0.004049999999779175
405,0.1177500000001146
405,0.21620000000007167
405,0.26795000000015534
405,0.29575000000022555
405,0.3117500000000746
405,0.3823000000002139
405,0.4301500000001397
405,0.5072500000001128
405,0.5435000000002219
405,0.727350000000115
405,0.8944000000001324
405,0.9455500000001393
405,1.0476000000001022
405,1.0880500000000666
405,1.2490500000001248
405,1.393550000000232
405,1.406400000000076
406,-0.4966999999999189
406,-0.45344999999997526
406,-0.43384999999989304
406,-0.41104999999993197
406,-0.36705000000006294
406,-0.355199999999968
406,-0.3259499999999207
406,-0.29044999999996435
406,-0.2669499999999516
406,-0.23119999999994434
406,-0.19425000000001091
406,-0.1662499999999909
406,-0.13474999999993997
406,-0.1037499999999909
406,-0.08420000000000982
406,-0.06950000000006185
406,-0.030749999999898137
406,-0.010449999999991633
406,0.0018999999999778083
406,0.028450000000020736
406,0.06285000000002583
406,0.15579999999999927
406,0.23250000000007276
406,0.309099999999944
406,0.3834999999999127
406,0.5547500000000127
406,0.6517499999999927
406,0.6673000000000684
406,0.68425000000002
406,0.7633499999999458
406,0.8384499999999662
406,0.9434499999999844
406,0.963950000000068
406,1.0047500000000582
406,1.039199999999937
406,1.0835500000000593
406,1.112100000000055
406,1.1540500000000975
406,1.1796999999999116
406,1.2235000000000582
406,1.2620999999999185
406,1.3022000000000844
406,1.3541499999998905
406,1.3756000000000768
406,1.3933999999999287
406,1.412499999999909
406,1.440650000000005
406,1.4897499999999582
407,-0.4801999999997406
407,-0.46194999999988795
407,-0.4283999999997832
407,-0.4067499999998745
407,-0.3789499999998043
407,-0.3391999999998916
407,-0.27599999999983993
407,-0.20364999999992506
407,-0.18739999999979773
407,-0.1275999999998021
407,-0.098149999999805
407,-0.06904999999983374
407,-0.0256499999998141
407,-0.005449999999882493
407,0.04745000000025357
407,0.08005000000025575
407,0.1095500000001266
407,0.12640000000010332
407,0.14265000000023065
407,0.1703500000000986
407,0.2748500000002423
407,0.3915500000002794
407,0.4876000000001568
407,0.5094500000002427
407,0.5928500000002259
407,0.6694500000000971
407,0.6998000000000957
407,0.7278000000001157
407,0.7648000000001502
407,0.7832000000000789
407,0.8511500000001888
407,0.8770500000002812
407,0.9135000000001128
407,0.9469000000001415
407,0.9565500000001066
407,0.9927000000002408
407,1.0222000000001117
407,1.028400000000147
407,1.0725000000002183
407,1.1016000000001895
407,1.1160000000002128
407,1.1593500000001313
407,1.1783500000001368
407,1.2846000000001823
407,1.3440000000002783
407,1.406800000000203
407,1.4221500000001015
407,1.4386500000002798
408,-0.493349999999964
408,-0.46945000000005166
408,-0.4255000000000564
408,-0.34169999999994616
408,-0.264699999999948
408,-0.21119999999996253
408,-0.10834999999997308
408,-0.0522000000000844
408,-0.028700000000071668
408,-0.013699999999971624
408,0.011500000000069122
408,0.036100000000033106
408,0.05580000000009022
408,0.08909999999991669
408,0.1087999999999738
408,0.13415000000009059
408,0.15975000000003092
408,0.17554999999993015
408,0.2288499999999658
408,0.32504999999991924
408,0.47129999999992833
408,0.8189500000000862
408,0.9445000000000618
408,0.9612999999999374
408,1.097250000000031
408,1.134999999999991
408,1.210450000000037
408,1.376800000000003
408,1.419300000000021
408,1.4401000000000295
409,-0.4673999999999978
409,-0.40364999999997053
409,-0.2995499999999538
409,-0.2794499999999971
409,-0.2536499999998796
409,-0.22784999999998945
409,-0.19180000000005748
409,-0.14859999999998763
409,-0.12239999999997053
409,-0.09424999999987449
409,0.009250000000065484
409,0.1168999999999869
409,0.3698500000000422
409,0.38429999999993925
409,0.40935000000013133
409,0.4693999999999505
409,0.5032000000001062
409,0.5753999999999451
409,0.603800000000092
409,0.7010000000000218
409,0.731899999999996
409,0.9775999999999385
409,1.0671500000000833
409,1.0859000000000378
409,1.2475999999999203
409,1.3996999999999389
409,1.4136499999999614
409,1.460550000000012
409,1.4965500000000702
410,-0.4906999999998334
410,-0.4276999999999589
410,-0.4063499999999749
410,-0.3792999999998301
410,-0.3407999999999447
410,-0.3061000000000149
410,-0.2538999999999305
410,-0.2258999999999105
410,-0.2058999999999287
410,-0.12419999999997344
410,-0.054650000000037835
410,-0.04189999999994143
410,0.05295000000000982
410,0.11564999999995962
410,0.1329000000000633
410,0.1922500000000582
410,0.217049999999972
410,0.22815000000014152
410,0.2624000000000706
410,0.2807999999999993
410,0.2984000000001288
410,0.34140000000002146
410,0.43000000000006366
410,0.5914000000000215
410,0.6945000000000618
410,0.7467000000001462
410,0.7845999999999549
410,0.8089500000000953
410,0.8934000000001561
410,1.0087499999999636
410,1.0886000000000422
410,1.128650000000107
410,1.2449000000001433
410,1.295050000000174
410,1.3092000000001462
410,1.3206500000001142
410,1.4264000000000578
410,1.4549500000000535
410,1.4990500000001248
411,-0.4479999999998654
411,-0.44109999999977845
411,-0.3956999999998061
411,-0.36669999999980973
411,-0.3297499999998763
411,-0.30749999999989086
411,-0.28379999999992833
411,-0.22279999999977917
411,-0.1849499999998443
411,-0.16814999999974134
411,-0.14269999999987704
411,-0.11284999999975298
411,-0.0826999999999316
411,-0.07434999999986758
411,-0.045849999999745705
411,-0.010899999999764987
411,0.009600000000091313
411,0.02500000000009095
411,0.043850000000247746
411,0.08815000000026885
411,0.1227000000001226
411,0.14580000000023574
411,0.1636500000001888
411,0.1977500000002692
411,0.25080000000025393
411,0.2704000000001088
411,0.27955000000019936
411,0.3394500000001699
411,0.3758500000001277
411,0.4008000000001175
411,0.431550000000243
411,0.4519500000001244
411,0.4991000000002259
411,0.5275500000002467
411,0.544550000000072
411,0.5616500000000997
411,0.5788000000002285
411,0.6020500000001903
411,0.6497000000001663
411,0.6655000000002929
411,0.7179500000002008
411,0.7522000000001299
411,0.8035500000000866
411,0.8928500000001804
411,0.9559000000001561
411,0.9814500000002226
411,0.9998000000002776
411,1.2199000000002798
411,1.2560500000001866
411,1.3686000000002423
411,1.4684000000002015
412,-0.4881000000000313
412,-0.4734000000000833
412,-0.45544999999992797
412,-0.4157000000000153
412,-0.39859999999998763
412,-0.32760000000007494
412,-0.3057499999999891
412,-0.24479999999994106
412,-0.22305000000005748
412,-0.18704999999999927
412,-0.1641500000000633
412,-0.1462500000000091
412,-0.10654999999997017
412,-0.05085000000008222
412,-0.03209999999990032
412,-0.0049500000000080036
412,0.02285000000006221
412,0.0856499999999869
412,0.12024999999994179
412,0.1727499999999509
412,0.19794999999999163
412,0.21644999999989523
412,0.25279999999997926
412,0.30664999999999054
412,0.33369999999990796
412,0.35415000000011787
412,0.37464999999997417
412,0.47375000000010914
412,0.5100999999999658
412,0.5308500000001004
412,0.5517500000000837
412,0.6076000000000477
412,0.6446000000000822
412,0.6512500000001182
412,0.693749999999909
412,0.7376999999999043
412,0.7606499999999414
412,0.7983999999999014
412,0.8327999999999065
412,0.8472500000000309
412,0.9097500000000309
412,0.9346499999999196
412,0.950649999999996
412,0.9877500000000055
412,1.0205499999999574
412,1.026550000000043
412,1.0520500000000084
412,1.0988999999999578
412,1.1088999999999487
412,1.13799999999992
412,1.1726000000001022
412,1.1985500000000684
412,1.2176500000000487
412,1.2621500000000196
412,1.2835000000000036
412,1.3623500000001059
412,1.442350000000033
412,1.4567500000000564
412,1.4675500000000739
412,1.4839999999999236
413,-0.4981000000000222
413,-0.47794999999996435
413,-0.4635999999998148
413,-0.41364999999996144
413,-0.3906499999998232
413,-0.31034999999997126
413,-0.2882999999999356
413,-0.21010000000001128
413,-0.06074999999987085
413,0.024550000000090222
413,0.04314999999996871
413,0.08915000000001783
413,0.10360000000014224
413,0.12030000000004293
413,0.1368999999999687
413,0.17605000000003201
413,0.19344999999998436
413,0.2244500000001608
413,0.27155000000016116
413,0.2933500000001459
413,0.3087000000000444
413,0.46870000000012624
413,0.5140000000001237
413,0.54950000000008
413,0.5815999999999804
413,0.6161000000001877
413,0.6970000000001164
413,0.7601000000001932
413,0.7847000000001572
413,0.8154000000001815
413,0.8640500000001339
413,0.9001000000000658
413,1.0127500000000964
413,1.113950000000159
413,1.363700000000108
413,1.4173500000001695
413,1.490000000000009
