trial_index,pfc_mag_standardized,dms_mag_standardized,prpd_standardized,pfc_mag_filtered,dms_mag_filtered,prpd_filtered,pfc_phase,dms_phase,prpd_phase
1,-0.6858859911352284,-1.0927580388969445,-0.7330903107944146,-0.6356256744719333,-0.9480059464011152,-0.743654056765361,-2.76258187908324,2.271443438870647,2.0905419730806876
2,-0.002447844365222119,-1.0927580388969442,-0.7330903107944146,-0.5708060329797331,-0.9040582119296091,-0.6634911205158527,-2.321318063981077,2.7328788319863024,2.532915483034778
3,-0.8567455278277302,-1.3719473182344506,-0.7330903107944146,-0.504981806315928,-0.8586523851410026,-0.5835928029379956,-2.228883983950037,2.75085459323924,2.5218318493838376
4,-0.85674552782773,-0.8135687595594381,-0.7330903107944146,-0.4384090608657103,-0.8120004093728603,-0.5042057552100413,-2.0802990814469204,3.025699630376045,2.895167253977279
5,-0.34416691775022523,0.8615669164655992,0.23161304824107648,-0.3713498073194,-0.7643201501754455,-0.42557208372129823,-2.0013177993200415,3.0527227140222704,2.90489054627082
6,-0.5150264544427269,-0.8135687595594379,0.23161304824107648,-0.30407009994066503,-0.7158333360256843,-0.34792758642715965,-1.9015646899285947,-3.016234582765825,-2.952231942845756
7,1.1935689124822888,-0.25519020088442546,0.23161304824107648,-0.23683814487181562,-0.6667635015847414,-0.27150006711979247,-1.8290141498765995,-2.9811021248922147,-2.869448826332439
8,0.851849839097286,1.1407561958031056,0.23161304824107648,-0.16992244266527448,-0.6173339620358328,-0.1965077485013878,-1.748720432912049,-2.800414170358896,-2.3784615948049317
9,2.047866595944797,-1.3719473182344506,0.5531808345862401,-0.10358999001010762,-0.5677658450629091,-0.12315780353596655,-1.6799404972415528,-2.757726260212226,-2.158041444051615
10,-0.85674552782773,0.3031883577905869,0.713964727758822,-0.03810456394251456,-0.5182762045549708,-0.05164502251940635,-1.6099027944153927,-2.6001271082541844,-1.7654304110251722
11,2.9021642794073053,1.1407561958031056,0.8104350636623712,0.02627489156536956,-0.4690762375446428,0.017849369031856507,-1.543565027810076,-2.5503501284093413,-1.4992535004751437
12,2.7313047427148036,-0.8135687595594379,0.8747486209314039,0.08929576131639108,-0.42036962340862105,0.08515872911401111,-1.4797424536223804,-2.410636214826575,-1.2953816393918538
13,1.0227093757897874,-0.25519020088442584,0.92068687612357,0.15071312672804116,-0.3723510019486946,0.1501318448605597,-1.4150730330820147,-2.354249007845822,-1.0785257979706617
14,-0.002447844365222119,2.815891871828143,0.92068687612357,0.21029100149044483,-0.3252046044694654,0.21263359847164798,-1.35533441766669,-2.229381733226573,-0.9751263087897357
15,-0.85674552782773,1.1407561958031056,0.92068687612357,0.2678034374402058,-0.27910304929106555,0.27254545020619586,-1.2918330654267036,-2.166913494226674,-0.8079473636120148
16,-0.17330738105772378,-1.3719473182344506,0.713964727758822,0.3230355094140488,-0.23420630999636316,0.3297657385764425,-1.2349117078472513,-2.05488430082153,-0.7455777625441626
17,0.5101307657122827,-0.8135687595594382,0.713964727758822,0.37578419189631207,-0.1906608606036204,0.38420980114531816,-1.1722278747181174,-1.9869251292062455,-0.6124106615784891
18,-1.0276050645202317,1.1407561958031056,0.713964727758822,0.4258591411915899,-0.14859899723684242,0.4358099223092863,-1.1173018376292922,-1.8862578926052243,-0.5676104472527197
19,-0.002447844365222119,-0.25519020088442584,0.713964727758822,0.4730833955497155,-0.10813833238245477,0.4845151170083893,-1.055172575256945,-1.81345472721237,-0.4572551949622077
20,-0.34416691775022545,0.5823776371280929,0.5210240559517239,0.5172940034593645,-0.06938145631818383,0.5302907613757047,-1.001669439468609,-1.7229640195566718,-0.4207274707504562
21,1.1935689124822892,-0.8135687595594382,0.5210240559517239,0.5583425877807918,-0.03241575979377967,0.5731180829518215,-0.9398850086574175,-1.646008148467787,-0.3262946836862366
22,0.5101307657122827,1.1407561958031056,0.5210240559517239,0.5960958506493114,0.0026865886782909258,0.6129935242904377,-0.8873807072771875,-1.5646754446604443,-0.29404106328313623
23,0.16841169232727932,-1.0927580388969442,0.5746186870092511,0.6304360216039882,0.03586851856443692,0.6499279945606699,-0.8257638341712953,-1.4842854463475408,-0.2112504521750561
24,1.7061475225597937,-0.25519020088442584,0.5746186870092511,0.6612612497838269,0.0670877945021218,0.6839460241079006,-0.773925468902364,-1.4111949371932986,-0.18141488925942537
25,2.2187261326372987,-0.25519020088442546,0.5746186870092511,0.6884859404389869,0.09631662363670088,0.7150848369480759,-0.7123177283246489,-1.3280978287898884,-0.10750188500129491
26,1.7061475225597937,1.6991347544781186,0.5746186870092511,0.7120410363112754,0.12354114146704802,0.7433933559699012,-0.6608686443716287,-1.2624039084160654,-0.07917142721997023
27,-0.5150264544427269,1.1407561958031056,0.5746186870092511,0.7318742458375694,0.1487607837737953,0.7689311552961211,-0.599120713373031,-1.1773164920416053,-0.012274950240238685
28,0.16841169232727954,1.9783240338156245,0.5746186870092511,0.7479502227267298,0.17198755177012948,0.7917673738317313,-0.5478175074339069,-1.118228184460579,0.015017646869412057
29,-0.5150264544427269,-0.5343794802219318,0.5746186870092511,0.7602507043187475,0.19324517869017704,0.8119796034938687,-0.48578155596116657,-1.0318399943114578,0.07619924069156597
30,0.8518498390972857,-0.25519020088442546,0.617494391855273,0.7687746175893468,0.21256820896305614,0.8296527649700429,-0.4343976916522405,-0.978614146526536,0.10269902272872675
31,-0.6858859911352285,-1.0927580388969442,0.617494391855273,0.7735381608419613,0.23000100483778774,0.8448779830990164,-0.3719208509328823,-0.8915730127123537,0.1591079294133553
32,-0.34416691775022523,-0.25519020088442546,0.617494391855273,0.7745748665919953,0.2455966979951606,0.8577514731372861,-0.32023377813164444,-0.8435116887653868,0.18494529889567393
33,-0.5150264544427269,1.1407561958031056,0.617494391855273,0.7719356478925957,0.25941610408202964,0.8683734482954528,-0.257151791801812,-0.7564124663946071,0.237285178802808
34,-0.5150264544427269,-0.25519020088442546,0.617494391855273,0.7656888267257519,0.27152661649027715,0.8768470580239066,-0.2049313875782646,-0.7128618416751589,0.2625307273768881
35,-0.002447844365222119,-1.3719473182344506,0.8104350636623712,0.7559201388924729,0.2820010934463662,0.8832773655999124,-0.14106149614089508,-0.6262382147526089,0.31134263245725174
36,0.16841169232727954,0.3031883577905869,0.617494391855273,0.7427327050653076,0.2909167506968759,0.8877703726278046,-0.08805797311061947,-0.5865872759364694,0.33603647904617073
37,1.7061475225597937,2.5367025924906366,0.617494391855273,0.7262469527653805,0.29835407069321573,0.8904320971482665,-0.023189903214799835,-0.5009061684461252,0.38174818713605857
38,2.7313047427148036,-0.5343794802219318,0.617494391855273,0.7066004697592435,0.3043957376869884,0.8913677111919722,0.03088074534819202,-0.46458435057966124,0.40591630133656537
39,1.8770070592522956,-0.8135687595594382,0.617494391855273,0.6839477667080734,0.30912560695036445,0.8906807427695546,0.09699716903876489,-0.380242457304199,0.44887532599688296
40,-0.6858859911352285,-0.8135687595594382,0.617494391855273,0.6584599267517288,0.3126277161917114,0.8884723463808943,0.15247253437664107,-0.3467160069917527,0.47253886067817624
41,2.5604452060223015,1.6991347544781186,0.617494391855273,0.6303241221305377,0.31498534759890334,0.8848406451142897,0.22014515064981371,-0.26403808106105003,0.5130350675765305
42,2.047866595944797,1.1407561958031056,0.617494391855273,0.5997429816820523,0.3162801484416585,0.8798801463237883,0.2774436781400483,-0.23280541930626716,0.5362157396884124
43,2.3895856693298003,0.3031883577905869,0.617494391855273,0.5669337966474792,0.3165913167677864,0.8736812317703573,0.34706388707919356,-0.15204413342814144,0.5744971143157369
44,0.33927122901978124,0.5823776371280932,0.8104350636623712,0.5321275556258793,0.31599485793547527,0.8663297220191187,0.40672449553300216,-0.12263075306582503,0.5972202352406815
45,2.047866595944797,0.02399907845308053,0.8104350636623712,0.4955678036433223,0.3145629184898551,0.8579065138328841,0.4788054326641917,-0.043968071759107254,0.63350399725414
46,4.2690405729473175,-0.8135687595594382,0.8104350636623712,0.45750932534309235,0.31236320553146957,0.8484872883628166,0.5415463724365034,-0.015921694919187896,0.6558000365552654
47,0.1684116923272798,-0.8135687595594382,0.8104350636623712,0.4182166576769918,0.3094585009129352,0.8381422872070841,0.6167797784210286,0.060528015818660595,0.6902805079391778
48,2.047866595944797,-0.5343794802219318,0.8104350636623712,0.37796244319828326,0.3059062794815548,0.8269361529385948,0.6835874983595811,0.08764103770236198,0.7121857011873576
49,-0.5150264544427269,-0.8135687595594382,0.8104350636623712,0.3370256415363975,0.3017584388847252,0.8149278304522611,0.762928928413906,0.16182574542016273,0.7450398556269103
50,-0.6858859911352285,0.5823776371280932,0.8104350636623712,0.2956896232480214,0.29706114536879946,0.8021705253635828,0.835193187413574,0.18842196363998343,0.7665961586251895
51,-0.5150264544427269,0.023999078453080903,0.8104350636623712,0.25424017535356397,0.2918547962049688,0.7887117156423844,0.9199887660673911,0.2603444267702951,0.7979874722622112
52,-0.8567455278277302,0.3031883577905869,0.617494391855273,0.21296345025113222,0.28617409578289255,0.7745932126659063,0.9997057497583739,0.2868225278273393,0.8192420416438233
53,-0.5150264544427269,0.023999078453080903,0.617494391855273,0.17214388926817834,0.2800482397406394,0.7598512679014946,1.0918736189631426,0.35653085418010405,0.8493230690752734
54,-0.6858859911352284,-1.0927580388969442,0.617494391855273,0.13206214964094712,0.27350119990167987,0.7445167214188,1.1819352385139803,0.38326891067858154,0.870327384502408
55,-1.0276050645202317,1.4199454751406115,0.617494391855273,0.09299306023991386,0.26655210180516126,0.728615188296277,1.2841946946396168,0.45084586880198685,0.8992413654672471
56,-1.0276050645202317,0.02399907845308053,0.617494391855273,0.05520362762253318,0.2592156856084126,0.7121672786840182,1.388731678235937,0.4781971481352919,0.9200500838997779
57,-0.002447844365222119,-1.3719473182344506,0.617494391855273,0.018951110222281343,0.25150283993288597,0.6951888468630222,1.5047753507788781,0.5437489125965332,0.9479318232286686
58,1.1935689124822888,0.8615669164655992,0.617494391855273,-0.015518825301963309,0.24342119710674817,0.6776912641939463,1.629299049866233,0.5720368797723446,0.9686014617724269
59,1.0227093757897874,0.8615669164655992,0.8104350636623712,-0.047973854952183106,0.23497577730176247,0.6596817104473122,1.7634749490978112,0.6356819406666128,0.9955777025692698
60,-0.002447844365222119,0.02399907845308053,0.8104350636623712,-0.07819664703240611,0.2261696680248234,0.6411634777001445,1.913889420155414,0.6651952202726673,1.016165268832928
61,-0.5150264544427269,0.8615669164655992,0.8104350636623712,-0.10598640209014122,0.21700472449626468,0.6221362808420504,2.0692357656418854,0.7270542328502306,1.0423547709488559
62,-0.6858859911352285,1.9783240338156245,0.8104350636623712,-0.13116027296097602,0.20748227627235477,0.6025965688505308,2.247750147136453,0.7580423318302293,1.062916474353192
63,-0.85674552782773,-0.5343794802219318,0.8104350636623712,-0.15355465266641324,0.1976038263523511,0.5825378314188184,2.421135900592961,0.8182296040508463,1.0884299926461267
64,-0.8567455278277301,-1.0927580388969442,0.6174943918552728,-0.17302631699337953,0.18737173075885596,0.5619508962029944,2.618964172312409,0.8509000298584042,1.109020160182856
65,-0.8567455278277301,-1.0927580388969445,0.6174943918552728,-0.18945340926673668,0.17678984863775854,0.5408242127864102,2.796928839503595,0.9095170185087134,1.1339604765289333
66,-0.17330738105772367,-0.813568759559438,0.6174943918552728,-0.20273625672847806,0.1658641541388742,0.5191441203101085,2.993307206136354,0.9440339699544698,1.1546307572141858
67,-1.0276050645202317,3.9326489891781686,0.6174943918552728,-0.21279801041436233,0.15460330054915974,0.496895096475908,-3.1247953001067543,1.0011646693150291,1.1790928606415758
68,-0.6858859911352285,0.8615669164655996,0.6174943918552728,-0.21958510292765065,0.14301912471315786,0.47405998624740076,-2.948970313075964,1.037649093369283,1.1998917516434724
69,-0.8567455278277301,1.1407561958031056,0.6174943918552728,-0.2230675207741762,0.13112707793229073,0.4506202091013781,-2.8060607015152605,1.0933570948479154,1.2239632065748927
70,-0.6858859911352285,0.3031883577905869,0.6174943918552728,-0.22323889001457853,0.11894657055157647,0.42655594421204285,-2.657217724371999,1.1318880887185934,1.2449358964137018
71,-0.002447844365222119,0.5823776371280932,0.42455372004817465,-0.22011637612743698,0.10650122139163118,0.40184629354731577,-2.5359747017636467,1.1862154137661898,1.2686974057402889
72,1.1935689124822888,-0.25519020088442546,0.617494391855273,-0.21374040113483214,0.09381900805777872,0.37646942352642426,-2.4112423232227997,1.2268331346824053,1.2898859093844537
73,-0.8567455278277301,-0.25519020088442546,0.4245537200481749,-0.20417418276222016,0.0809323180151724,0.3504026865909148,-2.3071355103335174,1.2798007525917712,1.3134120569340624
74,-1.0276050645202317,0.02399907845308053,0.4245537200481749,-0.19150310109125754,0.06787790256464196,0.3236227247309873,-2.201026312082984,1.3225104727456118,1.3348555990116373
75,-0.8567455278277301,0.8615669164655996,0.6174943918552728,-0.17583389779971892,0.05469673674491641,0.29610555767205826,-2.109460636290425,1.3741198220283994,1.3582157326390525
76,-1.0276050645202317,2.2575133131531304,0.4245537200481749,-0.1572937126211231,0.041433788262839166,0.26782665908522546,-2.017052083118878,1.4188963623977053,1.3799513147360196
77,0.16841169232727954,-0.25519020088442546,0.23161304824107648,-0.13602896227192765,0.028137698722676865,0.23876102488202722,-1.9345089858004945,1.4691311503467845,1.4032105102915464
78,-0.34416691775022534,-0.5343794802219318,0.23161304824107648,-0.11220406901362043,0.014860381719854519,0.20888323841451772,-1.8521201919995773,1.5159231745749586,1.425273582256804
79,-0.85674552782773,0.3031883577905869,0.03867237643397832,-0.08600004843492227,0.0016565449730506234,0.17816753816408765,-1.7761330522390906,1.5647511268358643,1.4484936123622794
80,1.1935689124822888,-0.5343794802219318,0.03867237643397832,-0.057612968059594934,-0.011416853514266195,0.14658789410986744,-1.7011651638793812,1.6134851458466022,1.470918753172503
81,-0.85674552782773,0.02399907845308053,-0.15426829537311984,-0.027252289704418814,-0.024301203588468427,0.1141180992829023,-1.6300466042188397,1.6608595469595815,1.4941589685071823
82,0.16841169232727954,0.5823776371280929,-0.15426829537311984,0.004860890757951772,-0.0369368834127968,0.08073188299990078,-1.560688056861754,1.711443443887013,1.5169804693064095
83,-0.8567455278277301,-0.5343794802219318,-0.15426829537311984,0.0384956922804399,-0.04926393068935518,0.04640305195673393,-1.4932839344299889,1.757304130200517,1.5402984922986296
84,0.33927122901978074,-1.0927580388969442,-0.347208967180218,0.0734133720817492,-0.061222733402756316,0.011105664786681521,-1.4282662885477977,1.8096298806690183,1.5635507383437313
85,-0.002447844365222119,-0.25519020088442546,-0.347208967180218,0.10936930915841259,-0.0727547290177159,-0.02518575509545607,-1.3637806513873028,1.8539033488181946,1.5870028849056712
86,-0.17330738105772378,0.5823776371280932,-0.5401496389873164,0.14611503255293457,-0.08380310146708052,-0.062495964485126135,-1.3022065635871456,1.9078487380649853,1.6107204613667245
87,-0.002447844365222119,-0.25519020088442546,-0.5401496389873164,0.1834002780944558,-0.0943134662795925,-0.10084870043518673,-1.2400854116529834,1.9504471755753254,1.6343618415704593
88,-0.6858859911352285,1.4199454751406115,-0.3472089671802182,0.22097505650533586,-0.10423453544628683,-0.14026633386565718,-1.1813132003970126,2.0058764264567075,1.6585793290134705
89,-0.6858859911352285,-1.0927580388969445,-0.3472089671802182,0.2585917149628162,-0.11351875422391523,-0.18076947671653038,-1.1211685711911994,2.046695542086094,1.6824636190620184
90,-0.34416691775022534,-0.8135687595594379,-0.3472089671802182,0.296006973005275,-0.12212290158093271,-0.2223765441642565,-1.064735492192254,2.1034588809142987,1.7072150876087118
91,2.047866595944797,-0.8135687595594379,-0.5401496389873164,0.33298391177430964,-0.13000864491448816,-0.26510327482570584,-1.0062956187676357,2.142374543460069,1.7313940078784058
92,0.8518498390972857,-0.5343794802219318,-0.5401496389873164,0.3692938932345142,-0.13714303910004708,-0.30896221299786736,-0.9518664550407602,2.2003068461809474,1.7567122622869076
93,1.7061475225597937,-0.5343794802219318,-0.5401496389873164,0.4047183842160104,-0.14349896068510437,-0.35396215786500795,-0.8949424878849352,2.237170471094185,1.7812348347638454
94,1.7061475225597937,-0.25519020088442584,-0.7330903107944146,0.4390506600848569,-0.14905546997075608,-0.40010758540607794,-0.842274524882185,2.2960888918080427,1.8071504934218976
95,2.7313047427148036,-0.5343794802219318,-0.7330903107944146,0.47209736500500177,-0.15379809603916111,-0.4473980495796315,-0.7867378535806709,2.330721091010869,1.8320621680394493
96,0.16841169232727932,-0.8135687595594382,-0.7330903107944146,0.5036799096639974,-0.15771904182729438,-0.4958275702890166,-0.735656615484989,2.390421190533085,1.8586026618469162
97,-0.5150264544427269,-1.0927580388969445,-0.7330903107944146,0.5336356922767058,-0.1608173080124915,-0.5453840166354148,-0.6814231795271928,2.4226028881138113,1.8839443932290427
98,-0.8567455278277301,-0.25519020088442584,-0.7330903107944146,0.5618191337066967,-0.16309873606909098,-0.5960484950259349,-0.6318054220581469,2.482852640619461,1.9111329588341093
99,-0.002447844365222119,2.2575133131531304,-0.5401496389873164,0.5881025211406697,-0.1645759726982089,-0.6477947527415762,-0.578824740254304,2.5123127216131724,1.9369403039251054
100,2.2187261326372982,-1.0927580388969442,-0.5401496389873164,0.612376655583871,-0.16526835970096598,-0.7005886084629542,-0.5305863498045189,2.5728436657955873,1.9647950388450781
101,4.610759646332321,0.02399907845308053,-0.5401496389873164,0.6345512968306344,-0.16520175435996998,-0.7543874218647101,-0.4788336306443543,2.5992420095493594,1.9910973430944698
102,0.6809903024047845,-0.8135687595594382,-0.5401496389873164,0.654555397820053,-0.1644082848846091,-0.8091396146033747,-0.43192066781362015,2.6597366727365275,2.019630390927362
103,3.2438833527923085,-0.25519020088442546,-0.5401496389873164,0.6723371212151236,-0.16292604411381448,-0.8647842547844921,-0.3813907484288297,2.682641332454901,2.046450132033437
104,1.8770070592522956,0.02399907845308053,-0.5401496389873164,0.6878636357408874,-0.16079872379656573,-0.9212507163442413,-0.33577241972365346,2.742716089205386,2.075667064856776
105,-0.5150264544427269,-0.5343794802219318,-0.5401496389873164,0.7011206969700524,-0.1580751919513382,-0.9784584238057898,-0.28647482762967774,2.7615733783455934,2.103019416012729
106,-0.85674552782773,-0.8135687595594379,-0.5401496389873164,0.7121120245367082,-0.15480901657605994,-1.036316691632416,-0.24213781806075022,2.820755722518614,2.132918866421043
107,2.2187261326372982,-0.25519020088442546,-0.5401496389873164,0.720858493310491,-0.15105793979929652,-1.0947246659170802,-0.19409273914015643,2.8348518156837814,2.1608115189966646
108,-0.5150264544427269,1.1407561958031056,-0.7330903107944146,0.7273971587968607,-0.14688330739626893,-1.1535713744246359,-0.15103667192063155,2.8925507268468587,2.19138508729668
109,2.3895856693298003,-0.8135687595594379,-0.9260309826015127,0.7317801371099952,-0.14234945950867847,-1.2127358890611997,-0.10427167262496483,2.900964060826014,2.219818343969001
110,2.9021642794073053,-1.0927580388969442,-0.9260309826015127,0.7340733588796003,-0.1375230890813221,-1.2720876027707904,-0.06250539298497532,2.956432753806383,2.2510507771719444
111,-0.17330738105772356,-0.5343794802219318,-0.9260309826015127,0.7343552162772901,-0.13247257467013226,-1.331486620806656,-0.017052596126900906,2.9579798725534987,2.280017898527059
112,-0.6858859911352285,1.6991347544781186,-1.118971654408611,0.732715123882653,-0.12726729432701997,-1.3907842644323494,0.023409088890851006,3.010273203987322,2.3118875104393224
113,-0.5150264544427269,-1.3719473182344506,-1.118971654408611,0.7292520168075178,-0.12197692786172352,-1.4498236833971376,0.06751562970861187,3.003460247283868,2.341375272054009
114,1.3644284491747907,0.5823776371280932,-1.3119123262157093,0.7240728115572748,-0.11667075564212703,-1.508440571932341,0.10665494076620363,3.0513975370032638,2.373854550551893
115,-0.8567455278277301,-0.5343794802219318,-1.5048529980228074,0.7172908548785275,-0.11141696240065173,-1.5664639814903338,0.14938171211099027,3.03441228785607,2.403843949864482
116,1.535287985867292,-0.25519020088442546,-1.6977936698299056,0.7090243834786487,-0.10628195417146538,-1.6237172220456844,0.18718064026983117,3.076576505956546,2.436900286499938
117,0.5101307657122827,0.023999078453080903,-1.6977936698299056,0.6993950145664055,-0.10132969612521062,-1.6800188426072133,0.22849699860679065,3.047402937794748,2.467367334160511
118,0.33927122901978124,2.5367025924906366,-1.6977936698299056,0.6885262848732402,-0.09662107904460931,-1.7351836807602716,0.2649398866504311,3.082247982984176,2.500963810318522
119,0.33927122901978096,-0.5343794802219318,-1.890734341637004,0.6765422544219951,-0.09221332211253343,-1.7890239706022968,0.3048203428742082,3.0390603124718507,2.53188034133993
120,-0.17330738105772378,-1.0927580388969445,-2.0836750134441018,0.6635661905251781,-0.08815941878345684,-1.841350498266837,0.33989640010558697,3.065255231957392,2.565976506661031
121,-0.85674552782773,-0.25519020088442546,-2.0836750134441018,0.6497193467658491,-0.08450763048575406,-1.8919737942382695,0.3783228738872204,3.0072960210229405,2.5973109502968477
122,1.0227093757897874,1.6991347544781177,-1.890734341637004,0.6351198504184563,-0.08130103067212048,-1.9407053518202098,0.4120285705332073,3.024438681026295,2.631863536456762
123,0.16841169232727932,-1.0927580388969442,-2.0836750134441018,0.6198817095910811,-0.07857710054514479,-1.987358861466961,0.4489924784379403,2.9533879343309986,2.6635815954334103
124,-0.34416691775022534,-0.5343794802219318,-2.0836750134441018,0.6041139485821311,-0.07636737760016174,-2.031751451157279,0.48133365266876144,2.9629691922887393,2.6985451234417686
125,-0.5150264544427269,0.3031883577905869,-2.0836750134441018,0.5879198771837832,-0.0746971579866174,-2.073704923423979,0.5168376457458685,2.8840708492947797,2.7306103301411113
126,-0.6858859911352285,0.02399907845308053,-2.0836750134441018,0.5713964972211183,-0.07358525336347853,-2.113046979948597,0.5478311563928158,2.8899547028797636,2.7659375876825645
127,-0.5150264544427269,-1.0927580388969442,-2.2766156852512003,0.5546340470269118,-0.0730438029269093,-2.149612424803002,0.5818903479952983,2.8113825742709206,2.7983117245269606
128,0.8518498390972857,-1.0927580388969442,-2.2766156852512003,0.537715681206484,-0.07307814174495246,-2.183244337521729,0.6115651327978197,2.818845009132093,2.833954110227984
129,0.8518498390972857,1.6991347544781177,-2.2766156852512003,0.5207172790248363,-0.07368672726707369,-2.213795207266416,0.6442076999740859,2.7488161441369288,2.866597500510757
130,-0.002447844365222119,0.5823776371280929,-2.2766156852512003,0.5037073709015019,-0.07486112693103722,-2.2411280194573022,0.6726051848915612,2.762475716367265,2.902505247652978
131,-0.5150264544427269,-0.25519020088442546,-2.2766156852512003,0.4867471697712923,-0.07658607085124113,-2.265117286434471,0.7038723734655778,2.7062640530832986,2.93537693400513
132,1.7061475225597937,-1.0927580388969442,-2.469556357058299,0.46989069264727323,-0.07883957371236043,-2.2856500139403146,0.7310463594313,2.728628549281912,2.971499232882924
133,1.535287985867292,1.9783240338156245,-2.469556357058299,0.45318495696979233,-0.0815931288907448,-2.302626595429245,0.7609920852513893,2.6878060825099066,3.004557063945974
134,0.851849839097286,1.6991347544781177,-2.469556357058299,0.43667023583437425,-0.08481197633196322,-2.3159616264249157,0.7870083419058642,2.719307050245969,3.0408421039224103
135,1.8770070592522956,-1.0927580388969442,-2.469556357058299,0.4203803564939182,-0.08845544438163071,-2.3255846314421724,0.8156986237883739,2.692893056084625,3.074042751081019
136,2.3895856693298003,0.3031883577905869,-2.469556357058299,0.4043430283323438,-0.09247736393885063,-2.33144069642801,0.8406344234299327,2.732717222732562,3.110437704440811
137,-0.34416691775022545,-0.8135687595594382,-2.469556357058299,0.38858018978675235,-0.09682655053549374,-2.3334910002225846,0.8681468493147267,2.718643486518262,-3.13944867661575
138,0.16841169232727954,0.02399907845308053,-2.469556357058299,0.3731083678970598,-0.10144734723555375,-2.3317132391221036,0.8920905691208649,2.7655071712492334,-3.102997707834444
139,-0.5150264544427269,0.3031883577905869,-2.469556357058299,0.35793904846047153,-0.1062802198573065,-2.3261019391908273,0.9185137865230438,2.76156297751,-3.0696463068962174
140,-1.0276050645202317,0.02399907845308072,-2.469556357058299,0.3430790579556759,-0.11126239596424796,-2.3166686515128863,0.9415643936439966,2.8141546046692523,-3.033194359855841
141,0.6809903024047843,0.02399907845308072,-2.469556357058299,0.3285309594153487,-0.11632853941614013,-2.3034420261093027,0.9669972641202064,2.8184010536317596,-2.9998376180701967
142,0.5101307657122827,-0.25519020088442546,-2.6624970288653964,0.3142934632295335,-0.12141145225671963,-2.286467760791274,0.9892632036612531,2.8755622336502773,-2.9634409283607055
143,-0.002447844365222119,-0.8135687595594382,-2.6624970288653964,0.30036185149107764,-0.1264427952537271,-2.2658084218168617,1.0138131341563619,2.8864412977217984,-2.9301273482315504
144,-1.0276050645202317,0.023999078453080903,-2.6624970288653964,0.2867284122654277,-0.13135381791525028,-2.241543133946548,1.0354102344768494,2.947209897752382,-2.893843368448689
145,0.16841169232727954,0.3031883577905869,-2.6624970288653964,0.2733828787158379,-0.1360760887421221,-2.2137671384615167,1.0591904987287488,2.9635235353020652,-2.8606228031065775
146,1.3644284491747907,-0.25519020088442546,-2.6624970288653964,0.2603128669263933,-0.14054221690538593,-2.182591218978885,1.0802389172712878,3.0271200339074826,-2.824510148242063
147,1.0227093757897874,-0.8135687595594382,-2.6624970288653964,0.2475043049477242,-0.14468655706378122,-2.148140996440655,1.1033651877298767,3.047969775766846,-2.7914336963736117
148,0.8518498390972857,-1.0927580388969445,-2.6624970288653964,0.23494184442447205,-0.14844588929533742,-2.110556096391898,1.1239857666354078,3.1137666703176503,-2.755551989476449
149,1.0227093757897874,-0.8135687595594382,-2.6624970288653964,0.22260924621573283,-0.15176006636084902,-2.0699891935485177,1.1465723565290318,3.1384908755244716,-2.7226717818536184
150,0.5101307657122827,0.02399907845308053,-2.6624970288653964,0.2104897331312728,-0.15457262143178113,-2.026604940677601,1.166882986663663,-3.0772039704692924,-2.687081384663855
151,0.5101307657122827,-0.5343794802219318,-2.469556357058299,0.19856630567154274,-0.15683133129549284,-1.9805787909815007,1.1890394444754426,-3.0490831485590464,-2.654450253315853
152,-0.5150264544427269,2.5367025924906366,-2.2766156852512003,0.18682201956605457,-0.15848873234986835,-1.9320957254777713,1.2091520378770064,-2.9803121758118944,-2.6192118799368425
153,-0.002447844365222119,-0.5343794802219318,-2.0836750134441018,0.17524022630930483,-0.15950258836054038,-1.881348899222308,1.230980553972873,-2.9491303660897223,-2.586882916374334
154,0.33927122901978096,-0.5343794802219318,-1.8907343416370037,0.16380477938729984,-0.15983630905250565,-1.828538222461753,1.2509989015539773,-2.879419953887521,-2.5520571460538553
155,-0.34416691775022534,-1.0927580388969442,-1.6977936698299056,0.1525002093051107,-0.15945931703299743,-1.7738688947061627,1.2725926110015893,-2.845402221693015,-2.5200831753116204
156,0.6809903024047843,-0.8135687595594382,-1.5048529980228074,0.14131187012924298,-0.15834735840273817,-1.7175499111117187,1.2926110748787853,-2.7750385910327204,-2.4857299011627796
157,0.5101307657122827,0.02399907845308053,-1.3119123262157093,0.13022605961715236,-0.15648275135596448,-1.659792561374265,1.3140531277579053,-2.738322862601003,-2.4541629169839467
158,0.6809903024047843,-1.3719473182344506,-1.1189716544086108,0.11923011462849716,-0.15385456783626258,-1.6008089415404243,1.3341560368521779,-2.6675502059125167,-2.4203407811521247
159,0.16841169232727954,1.419945475140612,-0.9260309826015127,0.10831248370766654,-0.15045874527488293,-1.5408104987487838,1.3555193318866405,-2.6282039110476445,-2.3892313953543645
160,-0.17330738105772367,-0.8135687595594382,-0.7330903107944146,0.09746277959550613,-0.14629812749254653,-1.4800066279262558,1.3757810159309396,-2.5572335361767102,-2.3559972629091797
161,-1.0276050645202317,-0.25519020088442584,-0.7330903107944146,0.0866718157033783,-0.14138243526060654,-1.4186033378937422,1.397128533247572,-2.5152651128931156,-2.32539421879349
162,-0.002447844365222119,-1.0927580388969442,-0.7330903107944146,0.07593163159896893,-0.1357281675975238,-1.35680200221209,1.4176138935702183,-2.444281858120137,-2.292802734967752
163,0.16841169232727954,-0.25519020088442546,-0.7330903107944146,0.06523551263039658,-0.12935843501288277,-1.2947982075199116,1.438999438582844,-2.399648605222824,-2.2627525226150613
164,-0.5150264544427269,0.02399907845308053,-0.7330903107944146,0.054578007811138786,-0.12230272635851826,-1.2327807092656058,1.4597647781311487,-2.328815202334412,-2.2308557812707916
165,-0.17330738105772367,-0.8135687595594382,-0.7330903107944146,0.043954948538001574,-0.11459661209561646,-1.1709305018481362,1.4812337957593424,-2.2814284119637893,-2.2014023714409445
166,-0.002447844365222119,-1.0927580388969445,-0.7330903107944146,0.0333634692742968,-0.10628138831962135,-1.1094200074395208,1.5023275722287697,-2.210888088775804,-2.1702496985945983
167,0.6809903024047843,1.1407561958031056,-0.7330903107944146,0.022802030199976703,-0.0974036673695923,-1.0484123852589065,1.5239177629490068,-2.1606161018796164,-2.141434387725875
168,-0.5150264544427269,-0.8135687595594382,-0.7330903107944146,0.012270440940100526,-0.08801492225517828,-0.9880609608298038,1.5453811009381422,-2.0904936657125734,-2.1110722226148826
169,1.0227093757897874,-0.25519020088442584,-0.7330903107944146,0.0017698839511319535,-0.07817099347012006,-0.9285087727810983,1.5671227820284386,-2.0371635355041082,-2.0829335648289957
170,0.6809903024047843,1.1407561958031056,-0.7330903107944146,-0.008697063814876307,-0.0679315677356965,-0.8698882330474026,1.5889897748776363,-1.967565236540884,-2.0534054094430902
171,-0.17330738105772367,0.8615669164655996,-0.7330903107944146,-0.01912641168322556,-0.05735963859685293,-0.8123208948830533,1.6109060767350107,-1.9109637851933052,-2.0259792037280375
172,-1.0276050645202317,1.419945475140612,-0.7330903107944146,-0.029512737959029915,-0.04652095849026874,-0.7559173219237576,1.6332039917757533,-1.8419762811259792,-1.9973256063176954
173,-0.8567455278277301,-0.8135687595594382,-0.9260309826015127,-0.03984917258383432,-0.035483490597846175,-0.7007770506104262,1.6553109785806355,-1.781851452423156,-1.970644902601582
174,0.33927122901978096,-0.5343794802219318,-0.7330903107944146,-0.050127376848101944,-0.02431686628001001,-0.6469886376466943,1.6780603834590353,-1.7135401288057632,-1.9429034365209947
175,0.16841169232727954,-0.25519020088442546,-0.7330903107944146,-0.06033751762103213,-0.01309185086603114,-0.5946297838329837,1.7003669984204421,-1.649603563330927,-1.916998520217124
176,-0.8567455278277301,-0.5343794802219318,-0.5401496389873164,-0.07046823498193386,-0.0018798184589882243,-0.5437675256235633,1.7235815880875907,-1.5820101375140936,-1.890203716021298
177,-0.17330738105772378,1.1407561958031056,-0.5401496389873164,-0.08050660362241512,0.00924776399511064,-0.49445848601490117,1.74608911458659,-1.5139416934930128,-1.8651020288511537
178,-1.0276050645202317,-0.8135687595594382,-0.5401496389873164,-0.0904380893460517,0.020219842274364148,-0.44674917673103004,1.769774914891016,-1.4470805133171594,-1.8392852191993736
179,-0.85674552782773,-0.8135687595594382,-0.5401496389873164,-0.10024650278389095,0.030966267958348982,-0.40067634398133534,1.7924756709247784,-1.374535442474919,-1.8150111793960049
180,-0.002447844365222119,1.4199454751406115,-0.5401496389873164,-0.10991395371271441,0.04141827628828975,-0.3562673503020553,1.8166293968299354,-1.308387826441464,-1.7902002242665427
181,-0.6858859911352285,-0.25519020088442546,-0.5401496389873164,-0.1194208112910917,0.05150894570702835,-0.313540585236392,1.8395044882303218,-1.2310079561957328,-1.7667749161186574
182,2.2187261326372982,0.3031883577905869,-0.5401496389873164,-0.1287456777431854,0.06117363557671069,-0.2725058979636327,1.8641109210124065,-1.1655142878320177,-1.7429937787985172
183,0.851849839097286,0.5823776371280932,-0.5401496389873164,-0.13786538476170612,0.07035039843873578,-0.2331650455166393,1.887126983523657,-1.0829453600624541,-1.7204344788423585
184,-0.8567455278277301,-0.25519020088442546,-0.5401496389873164,-0.14675502224134723,0.07898036364501981,-0.1955121509451614,1.9121554072500926,-1.0179950043136075,-1.697702617748821
185,-0.6858859911352284,0.023999078453080903,-0.3472089671802181,-0.15538800739845957,0.08700809005975779,-0.15953416668242132,1.9352605263277531,-0.9299129636232889,-1.6760221199511283
186,0.16841169232727954,0.8615669164655996,-0.3472089671802181,-0.1637361995970123,0.09438188637828017,-0.12521133942413198,1.960660543757239,-0.8653325506230793,-1.6543536624540216
187,1.1935689124822888,2.2575133131531304,-0.15426829537311995,-0.1717700639030885,0.10105409826149732,-0.09251767395663457,1.9837797285099734,-0.77148187693876,-1.633559374088559
188,0.33927122901978124,-0.8135687595594379,0.03867237643397832,-0.17945888538470972,0.10698136224569571,-0.06142139444928739,2.009476778460073,-0.7070231889061159,-1.6129620599686048
189,-0.17330738105772378,-1.0927580388969442,0.03867237643397832,-0.1867710356430839,0.11212482786576797,-0.03188540261443195,2.0325071739573737,-0.6072698662411058,-1.5930548726617766
190,-0.17330738105772367,-0.8135687595594382,0.03867237643397832,-0.19367429176848128,0.11645035161868782,-0.003867732717983737,2.0583977946217544,-0.5425997186997086,-1.5735287995741714
191,0.16841169232727954,-0.25519020088442546,0.03867237643397832,-0.20013620578212124,0.11992866802932053,0.022677996357823756,2.081203590762245,-0.4369995388951167,-1.5545017915499941
192,-0.002447844365222119,0.8615669164655996,0.03867237643397832,-0.20612452054433508,0.12253554275700074,0.047802131882340504,2.107150354194598,-0.371695595329756,-1.5360380491939323
193,0.851849839097286,-1.3719473182344506,0.03867237643397832,-0.2116076266561914,0.12425191051554188,0.07155854099164782,2.1295572893865593,-0.26057390230491756,-1.5178751241501374
194,-0.5150264544427269,0.5823776371280929,0.03867237643397832,-0.21655505380103018,0.12506399799787105,0.09400416769731698,2.1553832433342546,-0.19413153891543142,-1.5004544442499275
195,-0.002447844365222119,0.8615669164655992,0.23161304824107648,-0.22093798873355833,0.12496343007129548,0.11519859368229395,2.1771724767126326,-0.0781626348833332,-1.483129041205759
196,-0.5150264544427269,-1.3719473182344506,0.23161304824107648,-0.22472981059917957,0.12394731627735434,0.1352036034448441,2.2026548026033543,-0.010018501904045471,-1.4667206101838353
197,-0.85674552782773,2.5367025924906375,0.23161304824107648,-0.22790663284201265,0.12201831388931067,0.15408275440716085,2.22355586339796,0.10971647443310836,-1.4501946337297251
198,0.5101307657122827,0.3031883577905869,0.23161304824107648,-0.23044784013939168,0.11918466350176432,0.17190095274630585,2.248418421584508,0.18013974231506025,-1.4347552286084089
199,-1.0276050645202317,-0.5343794802219318,0.23161304824107648,-0.23233660875087558,0.11546019355308813,0.1887240359827559,2.2681009369545455,0.302144882662556,-1.4189783631390036
200,-0.6858859911352284,0.5823776371280929,0.23161304824107648,-0.23356039913889104,0.11086429142508036,0.204618363735393,2.2920053340472064,0.3753732986432134,-1.4044519810068774
201,-0.5150264544427269,0.3031883577905869,0.23161304824107648,-0.2341114103760566,0.10542184052204744,0.2196504184346954,2.3100692802277933,0.49780670556769435,-1.389361554788426
202,-0.002447844365222119,-1.3719473182344506,0.23161304824107648,-0.2339869866661131,0.09916312424158248,0.23388641811742228,2.332604203752796,0.5742380716288843,-1.3756796916859435
203,-0.34416691775022534,0.3031883577905869,0.23161304824107648,-0.2331899673897484,0.09212369844815986,0.24739194368768264,2.348568787078286,0.6950669584888531,-1.361201226279602
204,-0.6858859911352284,-0.25519020088442546,0.23161304824107648,-0.23172897327273478,0.08434423390008006,0.2602315832216916,2.3692378704333468,0.7749007337972438,-1.3482839103578461
205,-0.5150264544427269,-0.5343794802219318,0.23161304824107648,-0.22961862220007545,0.07587032916318943,0.27246859602048945,2.382530073613203,0.8921212680120477,-1.334332427202248
206,-0.5150264544427269,-0.8135687595594382,0.23161304824107648,-0.22687966884315405,0.06675229306376806,0.28416459917987735,2.4007397427849955,0.9753167358019408,-1.322090031617278
207,-0.85674552782773,1.4199454751406115,0.23161304824107648,-0.22353906298013237,0.05704489402228853,0.2953792794529863,2.4106854544145055,1.0871860355103413,-1.3085721012746738
208,-0.5150264544427269,0.8615669164655996,0.23161304824107648,-0.21962992244494295,0.046807071942037065,0.3061701331311277,2.425736541768476,1.17346321719437,-1.2969078654944741
209,-0.5150264544427269,0.02399907845308053,0.23161304824107648,-0.21519141803129094,0.036101607101925455,0.31659223656549923,2.4315605926997232,1.2786803084069402,-1.2837242861938767
210,-0.34416691775022523,0.5823776371280929,0.03867237643397832,-0.21026856927761847,0.024994740404695213,0.32669804979502337,2.442651641287153,1.367562762098701,-1.2725373715788022
211,-0.34416691775022534,1.6991347544781186,0.03867237643397832,-0.20491195170179333,0.013555740646290955,0.33653725551330366,2.4434987612371035,1.4653546919602989,-1.2595862645626403
212,-0.002447844365222119,2.2575133131531304,0.03867237643397832,-0.19917731752871703,0.001856416738477092,0.3461566352369108,2.4497557453224745,1.556238740557598,-1.2487750755933316
213,-0.6858859911352284,-1.0927580388969445,0.03867237643397832,-0.19312513308590418,-0.010029424298825917,0.3555999839380918,2.444752849775499,1.6463458013126306,-1.2359551004805045
214,-0.5150264544427269,-0.5343794802219318,0.03867237643397832,-0.18682003680451378,-0.02202656904678018,0.3649080635331789,2.445309288840704,1.7385749461186522,-1.2254205345294684
215,-1.0276050645202317,1.1407561958031056,0.23161304824107648,-0.18033022233174678,-0.034059030344973526,0.37411859452363383,2.433698141993321,1.8211620959414732,-1.2126338801687793
216,-0.6858859911352284,-1.0927580388969442,0.23161304824107648,-0.17372675199241552,-0.046050708728585424,0.383266283885096,2.4278564227453314,1.9140895036863361,-1.2022821542997502
217,-1.0276050645202317,-0.25519020088442546,0.42455372004817465,-0.1670828070987116,-0.0579260688263225,0.3923828861257354,2.409224210661305,1.9896242984680936,-1.1894369814011982
218,-0.8567455278277301,-1.3719473182344506,0.42455372004817465,-0.16047288354347594,-0.06961081666304886,0.4014972934264397,2.3967181458946465,2.0826550853325694,-1.1791817515051741
219,-0.6858859911352285,0.3031883577905869,0.42455372004817465,-0.15397194361157396,-0.08103256434471677,0.4106356500466707,2.371319114788274,2.151786593803414,-1.166193864965341
220,-0.6858859911352284,-1.0927580388969442,0.42455372004817465,-0.14765453777823728,-0.0921214698557605,0.4198214857772282,2.3526433539778906,2.244399685096931,-1.155957488575725
221,0.33927122901978124,-0.8135687595594382,0.4031158676251636,-0.14159391317804337,-0.10281084166159533,0.42907586309870555,2.321714656752295,2.3078585371690705,-1.1427511653378206
222,0.16841169232727932,-0.8135687595594382,0.6174943918552728,-0.13586112809940282,-0.11303770010863558,0.43841753275214823,2.298379212550653,2.3996125133962884,-1.1324651120977798
223,0.8518498390972855,1.6991347544781177,0.6174943918552728,-0.1305241938439193,-0.12274328996408228,0.44786309255006107,2.2642391826174166,2.4581387115399633,-1.1189731472805247
224,1.1935689124822892,0.3031883577905869,0.6174943918552728,-0.12564726610965096,-0.13187354067833662,0.4574271444450697,2.2387209385933247,2.5486672725873025,-1.108577679740105
225,1.1935689124822888,-0.5343794802219318,0.6174943918552728,-0.12128990738123359,-0.14037947249509075,0.4671224452036408,2.2044384997504918,2.602963862052209,-1.0947408081552323
226,-0.34416691775022534,-1.3719473182344506,0.6174943918552728,-0.11750643957875871,-0.14821754662829675,0.47696004655555807,2.1796986096584754,2.691965888593403,-1.0841841306581281
227,1.1935689124822888,0.3031883577905869,0.6174943918552728,-0.11434540273040114,-0.1553499566335529,0.48694942136524366,2.1483714919523917,2.742673093532389,-1.0699500375360635
228,1.7061475225597937,-0.8135687595594379,0.6174943918552728,-0.11184913136893225,-0.1617448572115063,0.49709857310362704,2.127118831838419,2.8299010604477313,-1.0591871485397322
229,2.047866595944797,-0.5343794802219318,0.6174943918552728,-0.11005345631762126,-0.16737652702113304,0.5074141266184798,2.1011287303602173,2.877585089228068,-1.0445093002028325
230,-0.17330738105772367,-0.8135687595594382,0.6174943918552728,-0.10898753537372088,-0.1722254634035496,0.5179013988812962,2.085234144789774,2.96283411314173,-1.033500775913912
231,-0.17330738105772367,1.4199454751406115,0.6174943918552728,-0.10867381148441956,-0.17627840848792828,0.5285644490256272,2.065872330617858,3.007985472813475,-1.0183372748499275
232,-0.5150264544427269,-1.3719473182344506,0.6174943918552728,-0.10912809149997221,-0.17952830757621993,0.5394061075845865,2.056196609058153,3.0910838927440314,-1.0070481688285517
233,0.6809903024047841,0.5823776371280929,0.6174943918552728,-0.11035973380655577,-0.18197420171656528,0.5504279853833133,2.0437381129950785,3.134121182769112,-0.9913607875163136
234,-0.002447844365222119,0.02399907845308053,0.6174943918552728,-0.11237193025863815,-0.1836210567009603,0.5616304630447764,2.0403131864907778,-3.068262400526002,-0.979759774656628
235,-0.34416691775022523,-1.3719473182344506,0.6174943918552728,-0.11516206665313629,-0.18447953045890197,0.5730126625236688,2.0343379162403985,-3.0269858250719217,-0.9635132670245566
236,-0.5150264544427269,-0.8135687595594382,0.6174943918552728,-0.11872214545035135,-0.18456568043682123,0.5845724024925036,2.0366812485112926,-2.948607078511923,-0.9515721039479226
237,-0.6858859911352285,0.023999078453080903,0.6174943918552728,-0.12303925394163658,-0.18390061256710272,0.5963061397656122,2.03641456857461,-2.90879495064503,-0.9347338406720753
238,-0.6858859911352284,-0.5343794802219318,0.6174943918552728,-0.12809606085377112,-0.18251007422674087,0.6082088992597773,2.043808654216109,-2.8329493845130487,-0.9224271637982097
239,-1.0276050645202317,-1.0927580388969445,0.6174943918552728,-0.13387132493906895,-0.18042399513448562,0.6202741952539439,2.0483691999319116,-2.794353553810889,-0.9049670919461348
240,-0.17330738105772367,0.5823776371280932,0.6174943918552728,-0.1403404005320683,-0.17767598191057785,0.6324939469240622,2.0600472831847783,-2.7211370687438543,-0.8922725325778978
241,-0.8567455278277301,-0.25519020088442546,0.6174943918552728,-0.14747572712352897,-0.1743027735648329,0.6448583912919001,2.068589359261801,-2.6835481931034435,-0.8741634237970495
242,-1.0276050645202317,-1.0927580388969442,0.6174943918552728,-0.15524729236584814,-0.1703436663907585,0.6573559968378713,2.0838354721001924,-2.613042521030435,-0.8610619881593639
243,-0.6858859911352285,0.3031883577905869,0.6174943918552728,-0.16362306030875165,-0.16583991760495423,0.6699733810868774,2.095614046909244,-2.576280796172534,-0.8422799137961394
244,-0.5150264544427269,-0.5343794802219318,0.6174943918552728,-0.17256935903829845,-0.16083413764654023,0.6826952354821909,2.113805334309349,-2.5085523545689012,-0.8287565555732229
245,0.5101307657122827,0.023999078453080903,0.6174943918552728,-0.18205122436001542,-0.15536968160822687,0.695504260814881,2.128195129430213,-2.4724585002214488,-0.8092815118146022
246,-0.6858859911352284,-0.25519020088442546,0.6174943918552728,-0.19203269856938865,-0.1494900509248441,0.7083811163746625,2.1488115321263463,-2.407556301784191,-0.7953258147871121
247,-0.34416691775022523,0.3031883577905869,0.6174943918552728,-0.20247708519845486,-0.14323831699578965,0.721304385831786,2.165302872143234,-2.3719829857677697,-0.775142415262411
248,0.5101307657122827,0.3031883577905869,0.6174943918552728,-0.21334716160095413,-0.1366565786685574,0.7342505626482674,2.1879208798155294,-2.3099360351099305,-0.7607493027830827
249,-1.0276050645202317,-0.5343794802219318,0.6174943918552728,-0.2246053515492936,-0.12978546539707989,0.7471940575499907,2.2061058105528017,-2.2747400702421983,-0.7398474584385282
250,-1.0276050645202317,2.2575133131531304,0.6174943918552728,-0.2362138600846412,-0.12266369736086381,0.7601072302687404,2.230385909261076,-2.2155548706066455,-0.7250178527062168
251,-0.002447844365222119,0.5823776371280929,0.6174943918552728,-0.24813477300014278,-0.11532771280534357,0.7729604473848157,2.2499416915845614,-2.180590718014793,-0.7033933670554589
252,-0.85674552782773,0.5823776371280929,0.6174943918552728,-0.26033012385134974,-0.1078113711056012,0.7857221676664828,2.2756144031886416,-2.12424965123303,-0.6881347321176153
253,-1.0276050645202317,0.3031883577905869,0.6174943918552728,-0.27276193248117514,-0.10014573723496474,0.7983590558121282,2.296287595462112,-2.0893648746093354,-0.6657897518738061
254,2.9021642794073053,0.8615669164655992,0.6174943918552728,-0.2853922205063576,-0.09235894956100134,0.8108361249547498,2.3231402207582112,-2.0358261868066734,-0.6501164677068205
255,-0.5150264544427269,-0.25519020088442546,0.6174943918552728,-0.2981830104296328,-0.08447616896553573,0.8231169076866148,2.3447325016353346,-2.0008593484581945,-0.6270597422477135
256,-1.0276050645202317,-0.25519020088442584,0.6174943918552728,-0.31109631521115816,-0.07651960392132943,0.8351636547049299,2.372597331964309,-1.9500590931854922,-0.6109932713690402
257,-1.0276050645202317,0.3031883577905869,0.6174943918552728,-0.3240941237642748,-0.06850860357878474,0.8469375594677698,2.394953402527143,-1.9148400876446707,-0.5872401882301005
258,-0.002447844365222119,-1.0927580388969445,0.8104350636623712,-0.3371383856539045,-0.06045980915984836,0.8583990064872516,2.4236977144964253,-1.866695824331377,-0.5708090106193104
259,-0.8567455278277301,0.8615669164655992,0.8104350636623712,-0.35019099689881267,-0.05238735308033536,0.8695078400977435,2.446695370974733,-1.83104819116752,-0.5463813889107223
260,0.5101307657122827,-0.25519020088442584,1.0033757354694695,-0.36321378897482576,-0.044303095098874735,0.8802236497903929,2.4762132597432087,-1.7854639113820667,-0.5296206980272018
261,-0.34416691775022534,0.02399907845308053,1.0033757354694695,-0.376168524094734,-0.03621688504266629,0.890506067616969,2.4997554282817838,-1.749208502136707,-0.5045463420794312
262,-0.17330738105772378,0.3031883577905869,1.0033757354694695,-0.38901690046200665,-0.02813684184778261,0.9003150728483642,2.529961202748705,-1.7060802005866016,-0.4874975213901104
263,-0.17330738105772367,-1.3719473182344506,1.0033757354694695,-0.40172057101405173,-0.020069638552784378,0.909611299073358,2.5539695299778713,-1.6690396020648806,-0.4618095697086184
264,-0.34416691775022523,-0.8135687595594379,1.0033757354694695,-0.4142411783776258,-0.012020782697544077,0.918356339197385,2.5847923604722145,-1.6282609244010773,-0.44451950697862874
265,0.851849839097286,-1.0927580388969442,1.0033757354694695,-0.4265404077334163,-0.003994881866941054,0.9265130442398604,2.6092020904941866,-1.5902639854086598,-0.41825564838053436
266,-0.34416691775022523,-1.0927580388969442,1.0033757354694695,-0.43858005820281715,0.004004114503987617,0.9340458123198255,2.6405817679051173,-1.5517312146789042,-0.40077597434918266
267,-0.85674552782773,0.5823776371280929,1.0033757354694695,-0.4503221320690111,0.011972703253927111,0.9409208646968894,2.6653377828406666,-1.5126167897951213,-0.37397761882863007
268,-1.0276050645202317,-0.8135687595594382,1.0033757354694695,-0.4617289395088454,0.019907648174176226,0.9471065061771702,2.6972215191613986,-1.4762322877519327,-0.3563639569184588
269,-0.85674552782773,0.8615669164655996,1.0033757354694695,-0.47276321495628904,0.02780583234961533,0.9525733676014821,2.72227544691769,-1.435851371142278,-0.3290754355187528
270,-1.0276050645202317,-0.25519020088442584,1.0033757354694695,-0.48338824051893003,0.035664138627588805,0.9572946285080338,2.754615620175724,-1.401524992286292,-0.3113867272419598
271,-0.6858859911352284,-0.25519020088442546,1.0033757354694695,-0.4935679724149498,0.043479353224397305,0.9612462184072668,2.779923835857119,-1.3597410683368993,-0.28365456992903093
272,-0.8567455278277301,2.2575133131531304,1.0033757354694695,-0.5032671678667456,0.05124808699545992,0.9644069954251511,2.8126764393149783,-1.3273898434616664,-0.2659525155329918
273,-0.5150264544427269,-0.25519020088442546,1.0033757354694695,-0.5124515116700527,0.05896670906751723,0.9667589013663428,2.838198614267997,-1.2840779750368598,-0.23782483316271744
274,-0.34416691775022523,-1.0927580388969445,1.0033757354694695,-0.5210877433131993,0.0666312883360402,0.9682870925233528,2.871322022348454,-1.253624814850757,-0.22017346739986873
275,-0.8567455278277301,-1.0927580388969442,1.0033757354694695,-0.5291437868262859,0.07423753975429367,0.9689800458155763,2.8970198163628345,-1.2086702051182654,-0.19169944721248267
276,0.5101307657122827,1.4199454751406115,1.0033757354694695,-0.5365888863838589,0.08178077364503908,0.9688296400861119,2.930473523030405,-1.1800423295988214,-0.17416485715516078
277,-0.85674552782773,-0.25519020088442546,1.0033757354694695,-0.5433937510230042,0.0892558463362565,0.9678312126182451,2.9563091470773997,-1.1333388858760318,-0.14539437073773606
278,0.33927122901978096,1.9783240338156245,1.0033757354694695,-0.5495307116538259,0.09665710925875476,0.9659835911608486,2.9900523072945,-1.1064663251771765,-0.12804455564438486
279,-0.5150264544427269,1.4199454751406115,1.0033757354694695,-0.5549738928248324,0.10397835268343694,0.9632891019763574,3.015986875279814,-1.0579154084611808,-0.09902787307514894
280,-0.002447844365222119,0.3031883577905869,1.0033757354694695,-0.5596994005367933,0.11121274094245105,0.9597535546500532,3.049976658810071,-1.0327297664440835,-0.08193274444223707
281,-0.34416691775022534,-0.8135687595594382,1.0033757354694695,-0.5636855259457179,0.11835273853650112,0.9553862046288025,3.0759684050914538,-0.9822394614665975,-0.0527203473042975
282,-0.85674552782773,-0.5343794802219318,1.0033757354694695,-0.5669129632351965,0.125390030087109,0.9501996946948071,3.1101582961856242,-0.9586734896221691,-0.03595186931325663
283,-0.17330738105772367,0.3031883577905869,1.0033757354694695,-0.5693650384383484,0.1323154400832573,0.9442099768289828,3.136160821165133,-0.9061590118264677,-0.0065943572353626715
284,-0.8567455278277302,-0.8135687595594382,0.8104350636623712,-0.5710279447527353,0.13911885952065228,0.937436216179669,-3.112686269071948,-0.8841474249320703,0.009773167613867598
285,-0.5150264544427269,-0.8135687595594382,0.8104350636623712,-0.5718909790714712,0.14578918578723407,0.9299006791061932,-3.086725567099551,-0.8295327547311462,0.03922507928028907
286,-0.34416691775022534,0.8615669164655992,0.8104350636623712,-0.5719467740305094,0.15231428037132638,0.9216286074515739,-3.052297401318019,-0.8090138983251988,0.05511457076209754
287,-0.85674552782773,1.6991347544781177,0.8104350636623712,-0.5711915196928465,0.1586809469110689,0.9126480812263541,-3.0264386217366788,-0.752233993700733,0.08460996612190365
288,-1.0276050645202317,-1.0927580388969442,0.8104350636623712,-0.569625168913919,0.16487493030966835,0.9029898717138388,-2.9919865081876944,-0.7331515704943156,0.09994097015362695
289,-0.8567455278277301,0.5823776371280929,0.8104350636623712,-0.5672516204477571,0.170880936810744,0.8926872866849132,-2.9662982611504205,-0.6741545116290393,0.1294285811564872
290,-0.6858859911352285,-0.5343794802219318,0.8104350636623712,-0.5640788741231063,0.1766826753222583,0.8817760090327779,-2.9318965597292435,-0.6564589544404444,0.14411653662033974
291,-0.6858859911352285,0.3031883577905869,0.8104350636623712,-0.5601191531140153,0.1822629210980113,0.8702939297727591,-2.9064567265172854,-0.5952078911315171,0.17354457497372994
292,-0.002447844365222119,1.1407561958031056,0.8104350636623712,-0.5553889893496796,0.1876036031263053,0.8582809760256223,-2.8721886333723834,-0.5788574820113894,0.18749999085654792
293,-1.0276050645202317,-1.0927580388969442,0.8104350636623712,-0.5499092690752261,0.19268591616606345,0.8457789343205987,-2.847084936208747,-0.5153325563634712,0.21681603969508448
294,-0.8567455278277301,0.5823776371280929,0.8104350636623712,-0.5437052361507027,0.19749045793629066,0.8328312693192382,-2.813042765683955,-0.5002944545235823,0.22994364815480678
295,-0.34416691775022523,0.8615669164655996,0.8104350636623712,-0.5368064508632014,0.2019973918371616,0.8194829378757074,-2.7883732126514222,-0.43449478940924596,0.25909470655431466
296,-1.0276050645202317,0.023999078453080903,0.8104350636623712,-0.529246702157001,0.2061866355674381,0.8057801982155445,-2.754658506810013,-0.42074604683693817,0.2712926701637208
297,-0.6858859911352285,-0.25519020088442546,0.8104350636623712,-0.5210638715629785,0.21003807599102486,0.791770413935283,-2.7305317034674745,-0.35269188407538526,0.3002254587783421
298,-0.85674552782773,-0.5343794802219318,0.8104350636623712,-0.5122997477488906,0.21353181075719913,0.7775018525016744,-2.697255103050436,-0.34022057848096643,0.3113847242972428
299,0.16841169232727954,-0.8135687595594379,0.6174943918552728,-0.5029997913979453,0.21664841733023757,0.763023477959957,-2.673790349002833,-0.2699556893855172,0.3400463782285332
300,-0.8567455278277301,-1.0927580388969445,0.6174943918552728,-0.4932128509473004,0.21936924955547318,0.7483847376243954,-2.641071110482147,-0.25876229033342646,0.3500502878841628
301,-1.0276050645202317,1.419945475140612,0.8104350636623712,-0.4829908303895854,0.22167676014754462,0.7336353425603903,-2.6183981696748284,-0.1863566778043498,0.37838958533688505
302,-0.85674552782773,-0.25519020088442584,0.8104350636623712,-0.4723883107142096,0.22355484471865145,0.7188250416083751,-2.5863631804440463,-0.17645553511192247,0.38711388365488325
303,-0.8567455278277301,1.1407561958031056,0.8104350636623712,-0.4614621268777361,0.22498920006980186,0.7040033885659652,-2.5646215662866902,-0.10200813209598622,0.4150831909742662
304,-1.0276050645202317,-0.5343794802219318,0.8104350636623712,-0.4502709029205035,0.22596768753056282,0.6892195020743055,-2.5334036406040776,-0.09342867423126296,0.4223966069951957
305,-0.5150264544427269,0.8615669164655992,0.8104350636623712,-0.4388745491769937,0.226480691594112,0.6745218178849739,-2.5127411833896196,-0.017069602846120017,0.4499547610705862
306,-0.5150264544427269,0.02399907845308053,0.8104350636623712,-0.42733372722459056,0.22652146447412627,0.6599578335349963,-2.4824763724163827,-0.009856972623286876,0.45572038732631676
307,1.0227093757897874,1.1407561958031056,0.8104350636623712,-0.4157092898930872,0.22608644777742717,0.645573845960961,-2.4630468363746174,0.06825075823120279,0.4828367524791077
308,-1.0276050645202317,-0.25519020088442546,0.8104350636623712,-0.4040617048856779,0.2251755629833066,0.6314146831766627,-2.433870536034865,0.0740354932211227,0.48691444389325234
309,-0.8567455278277301,0.02399907845308053,0.8104350636623712,-0.39245047091971974,0.22379246300981034,0.6175234317989166,-2.415830123859592,0.1536947273257027,0.5135743423188776
310,-1.0276050645202317,-0.8135687595594379,0.8104350636623712,-0.3809335347886882,0.2219447378546256,0.6039411629293207,-2.3878718197405298,0.15797454938668,0.5158243065669315
311,-1.0276050645202317,1.1407561958031056,0.6174943918552728,-0.36956671713379396,0.21964406772384523,0.5907066596817702,-2.3713744083055484,0.23895313371685487,0.5420359284670432
312,-0.17330738105772367,1.1407561958031056,0.6174943918552728,-0.3584031549610327,0.2169063167918165,0.577856150462603,-2.344750871332141,0.2416351765577582,0.5423235691590281
313,0.16841169232727954,0.02399907845308053,0.42455372004817465,-0.347492770281174,0.21375156003155332,0.5654230528926332,-2.3299418043575035,0.3236658031019694,0.5681263126408618
314,1.0227093757897874,4.4910275478531805,0.23161304824107648,-0.33688177598009217,0.2102040353841362,0.553437733889062,-2.3047486452051382,0.3246419016491495,0.5663282003549074
315,0.6809903024047845,-0.5343794802219318,0.23161304824107648,-0.32661223105650006,0.2062920148492502,0.5419272917649178,-2.291757159365333,0.407423341232308,0.5918021723004548
316,0.851849839097286,-0.8135687595594379,0.23161304824107648,-0.3167216568363865,0.20204759124811603,0.530915366141534,-2.268059068730138,0.4065716598183277,0.5878127643261024
317,-0.6858859911352285,-0.5343794802219318,0.23161304824107648,-0.30724272345287085,0.19750638190689734,0.5204219809581079,-2.2569899206481825,0.4897721751650722,0.6130889395077985
318,-0.8567455278277301,0.3031883577905869,0.23161304824107648,-0.2982030123209375,0.19270715466148441,0.5104634249649848,-2.2348103660656795,0.48696036245173463,0.6068274005048471
319,-0.34416691775022523,0.8615669164655996,0.23161304824107648,-0.28962485672036276,0.18769138352769263,0.5010521729620346,-2.2257355533495646,0.5702238118815995,0.6320977713286352
320,0.6809903024047843,2.815891871828143,0.23161304824107648,-0.28152526013472795,0.18250274098343436,0.4921968498482412,-2.20504686826171,0.5653140159891762,0.6235140242570855
321,-0.34416691775022523,0.5823776371280932,0.23161304824107648,-0.27391589106851183,0.17718653298710707,0.4839022383693914,-2.1979984795994194,0.6482693838553275,0.6490410478622334
322,-0.8567455278277301,-0.8135687595594382,0.42455372004817465,-0.2668031529643294,0.1717890837045314,0.4761693303146359,-2.1787134182319727,0.6411262203812306,0.6381200385198117
323,-0.34416691775022523,0.3031883577905869,0.42455372004817465,-0.26018832762044775,0.16635707987582735,0.46899541984345977,-2.173679015355903,0.7234019640028346,0.6642448584761106
324,0.33927122901978096,0.8615669164655996,0.42455372004817465,-0.2540677900412203,0.16093688839204295,0.4623742366852084,-2.155645207400503,0.713905199440924,0.6510079920032171
325,0.6809903024047843,-0.25519020088442546,0.42455372004817465,-0.2484332924123697,0.15557386316391544,0.4562961162328079,-2.1525677096771068,0.7951494695552559,0.6781573735223837
326,1.1935689124822892,-0.5343794802219318,0.42455372004817465,-0.24327231484517198,0.15031165831257653,0.45074820309402636,-2.1355666329253244,0.7832127839239731,0.6626602563621633
327,0.33927122901978124,-1.0927580388969442,0.42455372004817465,-0.23856847986638072,0.14519156485080634,0.4457146844193889,-2.1343509906328517,0.8631193218185819,0.6913530302115888
328,-0.002447844365222119,-0.25519020088442546,0.42455372004817465,-0.23430202561303157,0.14025188772227,0.44117704920184553,-2.1181026583299687,0.8487157953336741,0.6736790746484288
329,-0.34416691775022534,0.5823776371280932,0.42455372004817465,-0.23045032945986366,0.13552737889462194,0.4371143696718028,-2.1186314466843905,0.9270538079971291,0.7045342175300734
330,-0.17330738105772367,-1.0927580388969442,0.42455372004817465,-0.22698847029726119,0.13104874000873984,0.4335036008670348,-2.102804692056496,0.9102477060437661,0.6847843431635531
331,-0.5150264544427269,-0.25519020088442546,0.42455372004817465,-0.22388981492017687,0.12684220553185577,0.4303198944347867,-2.1049640504327662,0.9868919754141646,0.7185347559824214
332,-0.8567455278277301,-0.8135687595594382,0.42455372004817465,-0.2211266124589054,0.12292921512220117,0.42753692272093796,-2.089190027176156,0.9678743955914401,0.6968143143957076
333,-0.8567455278277301,-0.5343794802219318,0.42455372004817465,-0.21867058037489268,0.11932618189624843,0.4251272092163634,-2.092906889435516,1.0428296002395396,0.7343331634607516
334,-0.5150264544427269,1.1407561958031056,0.42455372004817465,-0.21649346602298386,0.11604436101349289,0.4230624614616492,-2.0767909204419928,1.0219525667939067,0.7107382312175575
335,-0.6858859911352285,-1.0927580388969442,0.42455372004817465,-0.21456756901966545,0.1130898204331828,0.4213139025562639,-2.082084212344586,1.0953644195742323,0.7530891267106264
336,-0.8567455278277301,-0.8135687595594382,0.42455372004817465,-0.21286621147123244,0.11046351338066215,0.41985259747539794,-2.0652089220314545,1.0731648015601778,0.727695462703292
337,-1.0276050645202317,-0.5343794802219318,0.42455372004817465,-0.21136414519264438,0.10816145031762399,0.41864977046537705,-2.0722644402250165,1.1453125180748185,0.7762258269681601
338,-0.85674552782773,0.8615669164655996,0.42455372004817465,-0.21003788719786554,0.10617496662794626,0.41767710986531115,-2.054174330026505,1.1225157933669592,0.749085460589625
339,-0.8567455278277301,0.3031883577905869,0.42455372004817465,-0.20886597705141527,0.10449108024969418,0.41690705678710677,-2.0634728046716404,1.1937885557648058,0.8055997936973441
340,-0.6858859911352285,0.3031883577905869,0.42455372004817465,-0.2078291522736688,0.10309293140073345,0.4163130741768929,-2.043623627804105,1.171285147001299,0.7767537177750031
341,-0.6858859911352285,-1.3719473182344506,0.42455372004817465,-0.20691044081595555,0.10196029527116711,0.41586989287716936,-2.056209383846625,1.2421628967559315,0.8438462970210152
342,-0.17330738105772367,-1.0927580388969445,0.42455372004817465,-0.20609517241902867,0.10107015831603978,0.4155537314095791,-2.033843828544817,1.2209577009712576,0.8133707970615072
343,-1.0276050645202317,-0.8135687595594382,0.6174943918552728,-0.2053709131992284,0.10039734859189936,0.4153424863055202,-2.0520253984787984,1.2920529232257796,0.8951201033778696
344,-0.6858859911352285,0.8615669164655992,0.6174943918552728,-0.20472732995143178,0.09991520918221677,0.4152158899479444,-2.0258563378971197,1.2732004046184993,0.8632500455602199
345,-1.0276050645202317,0.02399907845308053,0.6174943918552728,-0.2041559925029356,0.09959630091656729,0.41515563311731446,-2.0555896938205462,1.3455226053304763,0.9669118806599516
346,-0.5150264544427269,-1.3719473182344506,0.6174943918552728,-0.2036501242952756,0.09941311736471808,0.4151454498487285,-2.0227963704656147,1.3300751489413436,0.9343672560517958
347,-0.34416691775022534,-0.5343794802219318,0.6174943918552728,-0.20320431348607124,0.09933879267438624,0.4151711628509349,-2.0863942889374787,1.406201339228586,1.0758765189379542
348,-0.17330738105772367,-1.0927580388969442,0.6174943918552728,-0.20281419919497562,0.09934778121487671,0.4152206885652492,-2.0375478357493604,1.3952372943765123,1.0448585920015083
349,0.33927122901978124,1.1407561958031056,0.6174943918552728,-0.20247614967005226,0.0994164861568514,0.41528400186147296,-2.4438736563725687,1.4873934494730303,1.28262097178686
