trial_index,pfc_mag_standardized,dms_mag_standardized,prpd_standardized,pfc_mag_filtered,dms_mag_filtered,prpd_filtered,pfc_phase,dms_phase,prpd_phase
1,1.4222446655690388,4.234279050517491,-0.2012563520622038,1.2590388843570017,3.960351498329846,-0.2723474248244271,-1.1109953520959746,-0.8695386563990046,1.661045179936978
2,0.5238527991840088,0.6465452268917552,1.7639288994930096,1.246052633855103,3.806512680380261,-0.28165187277745835,-0.8107945005447208,-0.45134287967359465,1.7034369659657327
3,3.1067294150409706,2.1686141217632797,0.7813362737154029,1.230276217560666,3.6499741331736453,-0.2925531891433235,-0.805101303559115,-0.44038628312680167,1.707001062442902
4,0.18695584928962225,0.21166839978560517,0.45380539845620066,1.2117581632859074,3.4912681487466455,-0.3050839939253053,-0.6114368907684121,-0.20466575588288216,1.7342249927683278
5,-0.8237350003935366,-0.44064684087361966,0.29003996082659955,1.1905608873031996,3.330935990768205,-0.31926708006050963,-0.6028166294453766,-0.1895077204254662,1.7396350656526383
6,1.5345436488671678,3.2558061895286547,0.19178069824883892,1.1667601107535908,3.169523532605491,-0.33511483745504433,-0.44090185886622596,-0.010563826539165488,1.764235592360646
7,0.41155381588587986,-0.11448922054400724,0.45380539845620066,1.1404442116067435,3.0075769809558714,-0.3526287868500744,-0.429418748620855,0.008009228534922475,1.7715874395935258
8,2.7698324651465844,1.1901412607744424,0.36022514838214287,1.1117135230428201,2.8456387412411828,-0.37179923403625564,-0.28359258514949004,0.15711990633779496,1.7961438866427217
9,-0.4868380504991502,-0.2232084273205446,0.29003996082659955,1.0806795871642236,2.6842434722749537,-0.3926050522527097,-0.2691364277706005,0.17867710189998745,1.8054685780840987
10,1.3099456822709101,1.951175708210205,0.23545148161673252,1.0474643714167577,2.5239143697989346,-0.41501359814106,-0.13355297244588715,0.3085104817124312,1.830946880441839
11,0.18695584928962225,-0.5493660476501571,0.19178069824883892,1.0121994544719426,2.3651597109629074,-0.43898076413943404,-0.1159343933014001,0.33277035289525797,1.8422155036955765
12,0.6361517824821376,0.7552644336682925,-0.004737826906682428,0.975025188025062,2.208469684344456,-0.4644511676793973,0.012132195586894384,0.4486391749190743,1.8690342959410056
13,1.759141615463425,0.4291068133386799,-0.004737826906682428,0.9360898402840765,2.0543135227899416,-0.4913584750862192,0.03314489250789296,0.47539960819106264,1.8821710350974228
14,-0.14994110060476404,1.4075796743275173,-0.004737826906682428,0.895548725803825,1.903136949347741,-0.5196258557666253,0.15510089608068064,0.5803748135105452,1.910494879909411
15,0.5238527991840085,0.7552644336682925,-0.004737826906682428,0.8535633251931345,1.7553599399113538,-0.5491665601376509,0.17976137712103965,0.6094818045121451,1.9253907688962213
16,2.432935515252198,3.147086982752117,-0.004737826906682428,0.8103003973908979,1.611374800205895,-0.5798846127837326,0.29635569364864905,0.7054979735139034,1.9552466444498662
17,-1.1606319502879225,0.9727028472213677,-0.004737826906682428,0.7659310866103978,1.4715445499967315,-0.6116756104436981,0.3249250212623132,0.7368290721695144,1.9717719073647708
18,0.07465686599149358,1.7337372946571297,-0.004737826906682428,0.7206300255738292,1.3362016043195686,-0.6444276125257722,0.43654407241655385,0.8251745133826625,2.0031073706567195
19,1.1976466989727812,0.7552644336682925,-0.9873304526842892,0.6745744362116486,1.2056467401617665,-0.6780221098769789,0.4692783017727862,0.8586288588504195,2.0211216456909966
20,1.1976466989727814,0.7552644336682925,-0.9873304526842892,0.6279432282876957,1.0801483368353242,-0.7123350555646152,0.5760966052262297,0.9401912565986371,2.0538383560854245
21,0.5238527991840088,1.081422053997905,-0.9873304526842892,0.5809160953015549,0.9599418783995861,-0.7472379397266785,0.6132351918984301,0.9756828921013146,2.0731987215841974
22,1.4222446655690388,-0.7668044612032321,-1.3148613279434913,0.5336726060774193,0.8452297062610531,-0.7825988894962795,0.7153011723124438,1.0510833198674305,2.107173462536539
23,4.566616197916644,1.8424565014336673,-1.4786267655730927,0.486391290422258,0.7361810093227578,-0.8182837748230799,0.7570557745511798,1.0885361773658098,2.1277404704735403
24,-0.37453906720102165,-0.9842428747563069,-1.5768860281508534,0.4392487184546071,0.6329320378608493,-0.8541573016178117,0.8543456485395936,1.1582064392116111,2.1628389244586113
25,-1.2729309335860517,0.21166839978560517,-1.5768860281508534,0.3924185758112942,0.535586525810322,-0.890084074833365,0.900889395009035,1.1975500603850686,2.184480940065434
26,0.9730487323765235,0.4291068133386799,-1.3148613279434913,0.346070740652981,0.44421630447906246,-0.9259296157449561,0.9933441243809561,1.2617786014654715,2.2205668604649955
27,1.0853477156746525,3.9081214301878795,-1.4084415780175492,0.3003703718399748,0.3588620889857631,-0.9615613196886831,1.044801616125941,1.3029439554958118,2.2431630194382857
28,0.8607497490783949,0.7552644336682925,-1.4786267655730927,0.2554770193777113,0.2795344173146801,-0.9968493426464871,1.1323541505938381,1.3619028385847942,2.2801043119044975
29,-1.2729309335860517,0.7552644336682923,-1.5332152447829597,0.2115437684666076,0.20621472176573413,-1.0316674070852698,1.1887924832322292,1.4048177269188804,2.303546392899566
30,-1.160631950287923,-0.6580852544266944,-1.5768860281508534,0.16871642858095393,0.13885651454317308,-1.0658935192648877,1.2713887895689613,1.4585771797988247,2.3412190683795866
31,-1.2729309335860517,-0.2232084273205449,-1.7734045533063747,0.12713277926021482,0.07738667262129739,-1.0994105918950863,1.3328099178962316,1.5031607439948362,2.3654125521318345
32,-1.1606319502879228,0.1029491930090675,-1.7734045533063747,0.08692188366630761,0.02170681002747135,-1.1321069676835465,1.4104254535693137,1.5516946812742278,2.4037032080110463
33,-0.037642117306635074,-0.2232084273205446,-1.7734045533063747,0.04820347859986055,-0.028305273001823054,-1.1638768410806826,1.4767602441650227,1.5978503790213583,2.428567749560069
34,0.9730487323765238,2.9296485691990424,-1.5768860281508532,0.011087445968663862,-0.07279407471010058,-1.1946205774372616,1.5494125413350923,1.6410344447981682,2.4673750297949653
35,-0.599137033797279,-0.005770013767469724,-1.5768860281508532,-0.02432663311068315,-0.11192482156862506,-1.224244930815399,1.620516814197367,1.6886405036734293,2.492844507147855
36,0.07465686599149358,-0.33192763409708226,-1.3803675029953322,-0.05794984314636043,-0.145881853894733,-1.252663163699933,1.6882743913350624,1.7262429621216304,2.5320798399610855
37,0.6361517824821372,-1.0929620815328445,-1.3803675029953322,-0.08970422085390822,-0.17486697636838883,-1.2797950736595531,1.7639272930819678,1.7751388398949612,2.5581020847173415
38,-0.48683805049915035,0.7552644336682925,-1.5768860281508532,-0.11952296644691021,-0.19909778003713116,-1.3055669334602096,1.826915060206166,1.8068038067881613,2.597689895069687
39,0.07465686599149358,-0.11448922054400724,-1.3803675029953322,-0.1473505822866435,-0.21880594066075484,-1.3299113521998511,1.9068201255203703,1.8567704339365805,2.6242261776932363
40,0.07465686599149358,-0.7668044612032321,-1.3803675029953322,-0.1731429411007842,-0.23423549776409472,-1.3527670657882496,1.9652214859856583,1.8819922257393304,2.664103714983499
41,-0.2622400839028927,0.7552644336682923,-1.3803675029953322,-0.19686728550135074,-0.24564111891715334,-1.3740786656570412,2.0490105793553663,1.9327224448205655,2.69112804311488
42,0.41155381588587986,-0.5493660476501571,-1.3803675029953322,-0.21850216009115697,-0.2532863538097092,-1.3937962750149318,2.1030664634220173,1.950809232813453,2.731244928468776
43,-0.7114360170954078,-0.7668044612032321,-1.3803675029953322,-0.23803727703608246,-0.257441882510291,-1.4118751822472855,2.190306544856821,2.0018626321978896,2.7587432023980183
44,-0.2622400839028927,-1.0929620815328445,-1.3803675029953322,-0.2554733155239593,-0.2583837620997398,-1.4282754411843228,2.240311697522654,2.011887652169868,2.799060768130821
45,-1.1606319502879225,-0.33192763409708226,-1.3803675029953322,-0.27082165509137635,-0.25639167592290296,-1.4429614479577124,2.3305141255289725,2.0626205673272286,2.8270298215394063
46,-1.048332966989794,0.32038760656214255,-1.3803675029953322,-0.28410404263885164,-0.25174719033531995,-1.45590150407238,2.376811094038895,2.063361111167425,2.8675202905035
47,-0.037642117306635074,-0.22320842732054474,-1.1838489778398105,-0.29535219338547586,-0.24473202504739489,-1.4670673751582053,2.4694429748547613,2.112817569044559,2.895966833072767
48,-0.9360339836916652,0.21166839978560517,-1.1838489778398105,-0.3046073271460083,-0.23562634443189934,-1.4764338546245666,2.512414321930674,2.1026893371776696,2.9366123690488126
49,0.18695584928962225,-1.0929620815328445,-1.1838489778398105,-0.3119196428824964,-0.22470707782957625,-1.4839783410712046,2.606911220343904,2.1494331021400317,2.9655518411986614
50,-0.8237350003935366,-0.8755236679797695,-1.1838489778398105,-0.31734773598746024,-0.2122462769144532,-1.4896804377418016,2.6469705070947356,2.126449207190878,3.0063434934098034
51,-1.048332966989794,-0.8755236679797695,-1.1838489778398105,-0.32095796384550446,-0.19850951814104756,-1.4935215815102625,2.742749725668052,2.1683171992392785,3.0357988454558913
52,0.29925483258775093,-0.2232084273205446,-1.1838489778398105,-0.32282376594221646,-0.18375435887138886,-1.4954847079082956,2.780331843216666,2.1301573637250164,3.0767354136352862
53,-0.03764211730663537,-0.33192763409708215,-1.1838489778398105,-0.32302494542778126,-0.1682288572068018,-1.4955539576189212,2.8768055228926186,2.1639445920305995,3.106735832970717
54,-0.37453906720102137,-0.8755236679797695,-1.1838489778398105,-0.32164691969910697,-0.15217016746837325,-1.4937144287347883,2.9123569873835744,2.1083454798536105,-3.135362617560426
55,-0.9360339836916652,1.4075796743275173,-1.1838489778398105,-0.31877994799051457,-0.13580322509854484,-1.489951977938179,3.00894439684073,2.129561794511627,-3.1047829958922386
56,-1.048332966989794,0.9727028472213674,-1.1838489778398105,-0.3145183439870265,-0.11933953610766226,-1.4842530726107026,3.04291417660494,2.05544194858013,-3.0635350824944987
57,-0.37453906720102137,-0.005770013767469724,-1.3803675029953322,-0.3089596814445327,-0.10297608678860866,-1.4766046947343425,3.1390526905575764,2.0586419909238938,-3.0323384409380747
58,1.871440598761554,1.4075796743275173,-1.3803675029953322,-0.30220400125194957,-0.08689438892351578,-1.466994296327412,-3.1113012726483515,1.9683992412070501,-2.9909144377787222
59,-0.037642117306635074,0.5378260201152175,-1.5768860281508532,-0.29435302922342715,-0.07125967401854272,-1.4554098051329312,-3.0161468755617618,1.9491040278600626,-2.9590604756180685
60,-0.48683805049915035,-0.44064684087361966,-1.5768860281508532,-0.28550941429563126,-0.05622024766007258,-1.441839678444733,-2.9840233240017797,1.851379058543524,-2.9174421277536684
61,-0.599137033797279,0.7552644336682923,-1.5768860281508532,-0.2757759959585099,-0.04190701249608013,-1.4262730024174162,-2.890353537865524,1.8099863465967312,-2.8848891592695214
62,-0.37453906720102137,1.2988604675509798,-1.3803675029953322,-0.2652551080022421,-0.028433166038263742,-1.408699634002267,-2.8585252264510124,1.719283571469314,-2.8430559142928056
63,0.8607497490783949,2.712210155645967,-1.3803675029953322,-0.25404792416183475,-0.01589407758439819,-1.3891103827325,-2.7668005758823515,1.6637058267756057,-2.809761848623361
64,-0.599137033797279,2.494771742092892,-1.3803675029953322,-0.24225385062332777,-0.004367346614846744,-1.3674972298080734,-2.734877015391984,1.593697468547832,-2.7676916568212544
65,-0.2622400839028927,1.29886046755098,-1.1838489778398105,-0.22996997021403365,0.006086958010039223,-1.3438535821363315,-2.6455147980845317,1.5358758029024977,-2.7336148685697252
66,-1.2729309335860517,-0.9842428747563068,-1.1838489778398105,-0.21729054280380833,0.015425883545267166,-1.3181745590629217,-2.6131300204986054,1.492098669515901,-2.6912848766241346
67,1.4222446655690388,-0.6580852544266944,-0.987330452684289,-0.20430656601296804,0.023623015069724265,-1.2904573094469753,-2.5265029735372675,1.4414212559002786,-2.656384992820991
68,2.8821314484447127,-0.005770013767469579,-0.987330452684289,-0.19110540013246013,0.030667750363629454,-1.2607013564808573,-2.493316723400796,1.4213237791296072,-2.613772156298855
69,0.5238527991840085,-0.7668044612032321,-0.987330452684289,-0.17777046092814508,0.03656444803041688,-1.2289089671970719,-2.4097536679094445,1.3819966801362844,-2.5780107829808676
70,-0.7114360170954077,-0.2232084273205446,-0.987330452684289,-0.16438098258216083,0.041331469401320806,-1.1950855429313454,-2.3754517865072726,1.3796409066304314,-2.5350924134226167
71,0.41155381588587986,-1.0929620815328445,-0.987330452684289,-0.1510118497453531,0.04500013353596599,-1.159240026169396,-2.2952404161547295,1.3520841291446666,-2.4984338094775405
72,-0.8237350003935363,0.1029491930090675,-1.1838489778398105,-0.1377334935148692,0.04761360278942031,-1.1213853182976112,-2.2595349306656525,1.3616498070078766,-2.4551880529721917
73,-0.9360339836916652,-0.2232084273205446,-1.1838489778398105,-0.12461184291253054,0.04922571439028531,-1.0815387019259435,-2.1829267428322123,1.3445410867718919,-2.4175997373395233
74,-0.8237350003935366,-0.33192763409708226,-1.1838489778398105,-0.11170832203757489,0.049899771377517305,-1.0397222607732202,-2.145555775185558,1.3615047614310867,-2.3740059613470272
75,-0.8237350003935366,-0.9842428747563071,-1.3803675029953322,-0.09907988328155831,0.04970730427327888,-0.9959632897055648,-2.0727727322300065,1.3530220773295552,-2.335459222735
76,0.29925483258775093,0.7552644336682923,-1.3803675029953322,-0.08677906832557782,0.04872681316551693,-0.95029468746453,-2.033499985210393,1.374153502311725,-2.291498278395035
77,1.1976466989727812,1.1901412607744424,-1.3803675029953322,-0.07485409059378455,0.04704249834908475,-0.9027553249361454,-1.964742510981622,1.3725033623634693,-2.2519685549835633
78,-0.037642117306635074,1.6250180878805927,-1.1838489778398105,-0.06334893466891248,0.04474298638539949,-0.8533903824996308,-1.9233562652057874,1.3955445407141882,-2.2076228902011117
79,-0.37453906720102165,-0.2232084273205449,-1.1838489778398105,-0.052303469054716084,0.04192005796734334,-0.8022516510265747,-1.8588126761536143,1.39912149844247,-2.16709000274132
80,-0.8237350003935363,-0.9842428747563068,-0.987330452684289,-0.04175356831964281,0.03866738491110512,-0.7493977923706907,-1.815124672581691,1.4224748871546375,-2.122343625073289
81,0.7484507657802661,0.5378260201152175,-0.7908119275287678,-0.031731239713297756,0.03507928559261604,-0.6948945565250778,-1.7549826767998293,1.4298713632232694,-2.0807918750708123
82,-1.048332966989794,-0.2232084273205446,-0.7908119275287678,-0.022264748793903038,0.03124950993983143,-0.6388149538690917,-1.7088274687653227,1.4523697553010098,-2.035630194748697
83,0.9730487323765235,-0.005770013767469579,-0.5942934023732466,-0.013378738809996913,0.027270065715432487,-0.5812393819728029,-1.6532885596443556,1.4623370759807486,-1.9930483687098777
84,-1.160631950287923,-0.8755236679797694,-0.5942934023732466,-0.0050943391645224025,0.02323009742920365,-0.5222557072198826,-1.604523767773008,1.4830895272052276,-1.9474579768560543
85,0.07465686599149358,-0.2232084273205446,-0.39777487721772525,0.0025707411817987025,0.0192148284670869,-0.46195930205272706,-1.5538214939668467,1.4944902834532285,-1.903839313072432
86,-1.160631950287923,-0.331927634097082,-0.2012563520622038,0.009602139057332166,0.015304576136256562,-0.40045303897752765,-1.5023293869737246,1.5127847213098993,-1.8578077571126805
87,-0.9360339836916652,0.86398364044483,-0.2012563520622038,0.01598878419362629,0.011573848136407078,-0.33784724261877325,-1.4567530206414447,1.5245515455280538,-1.8131499287155681
88,-0.37453906720102137,0.5378260201152175,-0.2012563520622038,0.02172286990561411,0.008090527573103731,-0.27425960106830705,-1.4024440523459718,1.5397987089445302,-1.7666655390247634
89,-1.048332966989794,-0.5493660476501573,-0.2012563520622038,0.026799847224887506,0.004915152554853822,-0.20981503752186906,-1.3623700203725129,1.5509063727949095,-1.720970693838436
90,-1.048332966989794,0.21166839978560517,-0.004737826906682482,0.031218439887364578,0.0021002961205235093,-0.1446455427945717,-1.3051893013543445,1.5626164981896025,-1.67402250138941
91,0.5238527991840085,-0.9842428747563068,-0.004737826906682482,0.03498067479557362,-0.0003099474123683804,-0.07888996887379723,-1.2711242410891799,1.572073248276291,-1.6272973815371075
92,0.2992548325877512,-1.0929620815328445,-0.004737826906682482,0.0380919197697746,-0.0022803632844834304,-0.012693783285711895,-1.2110629924681073,1.5798624370088128,-1.5798751484160773
93,2.994430431742841,0.4291068133386799,0.19178069824883887,0.04056091794878941,-0.0037848983166784977,0.05379121628245777,-1.1837054782610301,1.5867280832637212,-1.5321312927760653
94,0.7484507657802661,-0.9842428747563069,-0.004737826906682482,0.04239980683181562,-0.004806819420233775,0.12040722797807518,-1.1208224576111174,1.5903540229887263,-1.4842256603721453
95,1.30994568227091,-0.6580852544266945,0.19178069824883887,0.04362411052179626,-0.005338745847419203,0.18699081356321068,-1.1011570346704807,1.5937934623932744,-1.4354796778247423
96,0.5238527991840088,-0.7668044612032321,0.19178069824883887,0.04425269648794501,-0.005382554571897603,0.25337330937882774,-1.035621979104045,1.593218838864458,-1.387082426709554
97,-0.037642117306635074,-0.8755236679797694,0.19178069824883887,0.04430769232898566,-0.004949160307066616,0.3193812820269225,-1.0250722134709271,1.5925972111576074,-1.3373563183831323
98,-0.37453906720102137,-0.5493660476501571,0.19178069824883887,0.043814362239643946,-0.004058173935576705,0.3848370303205661,-0.9572592249738171,1.58807183314869,-1.288460725671503
99,-0.4868380504991502,-0.7668044612032321,0.19178069824883887,0.04280094608076725,-0.0027374456972546063,0.44955913494706756,-0.9579516705075162,1.5830865612439602,-1.2377822259453883
100,0.41155381588587986,0.7552644336682925,0.19178069824883887,0.04129846568521376,-0.0010225022501125294,0.5133630570483896,-0.8886476104879699,1.575224672504599,-1.1883834982283479
101,-0.8237350003935366,0.646545226891755,0.19178069824883887,0.03934050339705227,0.0010441106485697266,0.5760617865061542,-0.9038893155993947,1.566046756304348,-1.136786397326262
102,1.759141615463425,1.516298881104055,0.19178069824883887,0.03696295733566666,0.0034135660847341015,0.6374665400900372,-0.8347801738717788,1.5558589076557654,-1.086882150586555
103,-0.7114360170954079,-0.2232084273205446,0.3882992234043603,0.034203777176958154,0.0060315599827771155,0.6973875087771122,-0.8699581047134508,1.5432271382169114,-1.0344065564287144
104,-0.48683805049915035,-0.9842428747563071,0.5848177485598817,0.031102683901617495,0.008839167227461517,0.7556346524980168,-0.8048397892861852,1.5320612339085364,-0.9839973092641607
105,-0.7114360170954078,-0.005770013767469869,0.7813362737154029,0.027700877101048384,0.011773737575817317,0.8120185393935578,-0.8691402969654834,1.5172606808751739,-0.9306898054957518
106,1.0853477156746525,-0.2232084273205446,0.5848177485598817,0.024040733628471964,0.014769820394869584,0.8663512255236663,-0.8171597436858744,1.5066326850892147,-0.8797794532282351
107,0.9730487323765235,-0.005770013767469869,0.7813362737154029,0.020165501102413667,0.017760107507635695,0.9184471700166479,-0.9264915353337496,1.4913204862108353,-0.8256931196639123
108,-0.48683805049915035,0.7552644336682925,0.7813362737154029,0.016118989169982723,0.02067638263842969,0.9681241799270758,-0.9110394412629392,1.482671165622549,-0.7742893681161808
109,-0.7114360170954077,1.1901412607744424,0.9778547988709242,0.01194526130066539,0.0234504649322953,1.0152043784970384,-1.088755551672465,1.4685874679405349,-0.7194836478156305
110,-1.048332966989794,-0.44064684087361966,1.1743733240264458,0.00768833048933449,0.026015133556757927,1.0595151899865043,-1.1648349634846265,1.4630515641105233,-0.6675983984245529
111,0.9730487323765235,0.42910681333868017,1.1743733240264458,0.003391862828387557,0.028305020817830234,1.1008903337621712,-1.4090002310691871,1.4517208911035497,-0.6121388094701959
112,-1.0483329669897943,-0.6580852544266945,0.9778547988709242,-0.0009011074291805365,0.030257462339933094,1.1391708200084276,-1.6239129962248657,1.4499934042555782,-0.5597884914210182
113,0.41155381588587986,0.32038760656214255,1.1743733240264458,-0.005148448893564784,0.03181329401859173,1.1742059393123947,-1.814886759073382,1.442522867263448,-0.503746188823923
114,-0.599137033797279,-0.005770013767469869,1.1743733240264458,-0.00930918903379598,0.03291758603618303,1.2058542384139326,-2.0499440572840744,1.444851479229328,-0.4509520352551708
115,0.07465686599149358,4.560436670847103,1.1743733240264458,-0.013343754979729632,0.033520304204082196,1.2339844744593922,-2.1074633584305245,1.4418688160451099,-0.39440323646776343
116,-1.048332966989794,-0.44064684087361966,1.1743733240264458,-0.017214199668281128,0.033576888976526276,1.2584765400707036,-2.26461909083437,1.4481400785639202,-0.34119150195105546
117,2.0960385653578113,0.32038760656214255,1.370891849181967,-0.02088441457276526,0.03304874379664484,1.2792223514559835,-2.24884412311547,1.4498448604403213,-0.2842167924349419
118,-0.599137033797279,0.32038760656214255,1.370891849181967,-0.024320330954540705,0.03190362752240672,1.2961266916914234,-2.3398149546420077,1.4597072031255258,-0.23061890224987552
119,0.18695584928962256,-0.44064684087361966,1.370891849181967,-0.02749011196310813,0.030115949613719217,1.309108001239041,-2.296293759160515,1.4659782128467091,-0.17330243562929668
120,2.3206365319540687,-0.7668044612032321,1.370891849181967,-0.030364337600387967,0.027666969859185986,1.3180991077844508,-2.3453527128722382,1.4789564977191187,-0.11935505161388402
121,-1.048332966989794,1.625018087880592,1.370891849181967,-0.03291618349268564,0.024544905834458147,1.3230478876180445,-2.2922181995136945,1.4894659244634447,-0.061783661199489255
122,-0.2622400839028927,-0.6580852544266945,1.5674103743374883,-0.03512159280549611,0.020744951374640136,1.3239178510174143,-2.314716647585471,1.5050461999213876,-0.007528650409841436
123,-0.599137033797279,-0.005770013767469869,1.5674103743374883,-0.036959438810612665,0.016269208938731433,1.320688644375321,-2.2588974804743285,1.5193536290986152,0.05020910431773335
124,-0.599137033797279,2.3860525353163546,1.5674103743374883,-0.038411674157599975,0.011126538531445976,1.3133564621700733,-2.2637000988950695,1.5370356672476622,0.10472480653418233
125,0.9730487323765238,-0.005770013767469869,1.5674103743374883,-0.039463462492864185,0.005332326140052107,1.3019343623650548,-2.207962447562411,1.5546543376056405,0.1625396289744114
126,0.18695584928962225,-0.5493660476501571,1.5674103743374883,-0.04010328872137118,-0.0010918244604360694,1.2864524795009382,-2.2003671555348614,1.5739788299106714,0.2172642642408195
127,-0.037642117306635074,0.32038760656214255,1.5674103743374883,-0.04032304510729944,-0.00811847114892094,1.266958130584322,-2.145840638415023,1.5944173075186234,0.2750671110124977
128,-1.048332966989794,0.5378260201152175,1.5674103743374883,-0.04011809073234434,-0.015714776979672072,1.243515809818557,-2.129194475044312,1.6149764463260854,0.3299444456474302
129,-0.4868380504991502,-1.0929620815328445,1.5674103743374883,-0.039487281518047604,-0.02384300932572564,1.2162070692265534,-2.076320612389678,1.6377622101540639,0.38764747865646876
130,0.18695584928962225,-0.33192763409708215,1.370891849181967,-0.03843296776752421,-0.03246108569565037,1.185130283273931,-2.0528574576503953,1.6592006982404022,0.44261723854210944
131,-0.7114360170954079,1.6250180878805927,1.370891849181967,-0.03696095665432979,-0.04152315734209,1.1504002967064209,-2.0017738587915193,1.6838917151420847,0.5001346981617227
132,-0.2622400839028927,-0.22320842732054474,1.370891849181967,-0.035080438238475786,-0.050980222155527805,1.1121479559275775,-1.9730603035658665,1.705902881262206,0.5551330698035195
133,-1.2729309335860517,0.21166839978560517,1.370891849181967,-0.032803874925506515,-0.06078075870118441,1.0705195252992277,-1.9237669952802947,1.73209179396827,0.6123820330871361
134,-0.03764211730663537,0.21166839978560517,1.370891849181967,-0.030146855580748172,-0.07087137309723733,1.0256759907229605,-1.8909501890645377,1.7544117045893912,0.6673422081496991
135,1.5345436488671678,-0.6580852544266945,1.370891849181967,-0.027127916942457673,-0.08119744962848705,0.9777922538071823,-1.8433852724174433,1.7817259013761524,0.7242432057869147
136,-0.2622400839028927,-0.9842428747563071,1.370891849181967,-0.023768336522812437,-0.09170379507272168,0.9270562209292023,-1.8073370092688583,1.8041271719919685,0.7790959495440716
137,-0.8237350003935366,-0.9842428747563071,1.1743733240264458,-0.02009190227680707,-0.10233526632864473,0.8736677926289116,-1.761412328333682,1.832226852826633,0.8355734289086838
138,0.2992548325877512,-0.44064684087361966,0.9778547988709242,-0.01612466444889589,-0.11303737145310584,0.8178377600284825,-1.7228166566943064,1.8545129601689692,0.8902476565273912
139,0.2992548325877512,-0.44064684087361966,0.7813362737154029,-0.01189467450874035,-0.12375683573975987,0.75978661629857,-1.678435320389808,1.8830883218838292,0.9462302867897115
140,-0.1499411006047639,-0.22320842732054474,0.7813362737154029,-0.007431715755792724,-0.13444212671081004,0.6997432924465561,-1.6378444213497596,1.9050885843846528,1.000653627345005
141,1.759141615463425,-0.005770013767469579,0.5848177485598817,-0.0027670302103626285,-0.14504393423073958,0.6379438277248107,-1.5949100565822687,1.9338566287815806,1.056074442476937
142,0.8607497490783952,-0.6580852544266946,0.5848177485598817,0.0020669537114643578,-0.1555156038482269,0.5746299856603869,-1.5527816890904502,1.9554218171788476,1.1101737632344133
143,-1.0483329669897943,-0.44064684087361966,0.5848177485598817,0.007036889086755441,-0.1658135227765859,0.5100478271215437,-1.5112040595300855,1.98412311811551,1.1649701400590209
144,-0.599137033797279,-0.005770013767469724,0.3882992234043603,0.01210877195293613,-0.17589745882783753,0.44444625205757443,-1.4679281540955662,2.0051217544791866,1.2186720062238012
145,1.646842632165296,-0.7668044612032321,0.19178069824883887,0.01724819628010964,-0.18573085342743179,0.3780755216723182,-1.4276275702184664,2.0335175398916454,1.2727854873112923
146,-0.9360339836916652,2.277333328539817,0.19178069824883887,0.022420603630365375,-0.1952810706882479,0.3111857728645198,-1.3835464296023654,2.0538330398962956,1.3260165469874945
147,-0.8237350003935366,-0.7668044612032321,0.19178069824883887,0.02759152900403302,-0.20451960518773402,0.2440255367617576,-1.3444579824747336,2.0817029316291475,1.3793925350290779
148,0.18695584928962225,0.32038760656214255,0.19178069824883887,0.03272684425289947,-0.21342225109127005,0.1768402730356251,-1.2998824071768424,2.1012317905994253,1.4320798336630896
149,0.41155381588587986,-0.11448922054400724,0.19178069824883887,0.03779300017061963,-0.22196923432270677,0.10987093143591978,-1.2619601888490095,2.128372563008753,1.4846671951828445
150,-0.14994110060476373,-0.7668044612032321,-0.004737826906682482,0.04275726776783162,-0.23014530796081586,0.04335255173658349,-1.2171827684233758,2.14702386761662,1.5367384348099962
151,-0.37453906720102154,-0.7668044612032321,-0.2012563520622038,0.04758797842478253,-0.23793980971677978,-0.02248708684444447,-1.1804041057514576,2.173249611157434,1.5884890598251193
152,0.07465686599149358,-0.7668044612032321,-0.2012563520622038,0.05225476203893295,-0.24534667978546382,-0.08742875570535763,-1.135710589725245,2.1909461214194197,1.6398728297445488
153,1.759141615463425,-0.6580852544266945,-0.39777487721772525,0.056728782031460756,-0.2523644377044017,-0.15126299536801133,-1.1000804730561953,2.2160900233558563,1.6907411991957195
154,-1.160631950287923,-0.6580852544266945,-0.5942934023732466,0.06098296594980698,-0.2589961179953997,-0.21379125154578318,-1.0557600917560226,2.232770819053572,1.741367207815898
155,-1.048332966989794,0.9727028472213677,-0.7908119275287678,0.06499223048604875,-0.2652491660070231,-0.2748269182405573,-1.0213161607638497,2.2566884908707956,1.7913100122139318
156,-0.599137033797279,0.9727028472213674,-0.987330452684289,0.06873370007158874,-0.2711352970144282,-0.3341962779449549,-0.9776717093373324,2.272312965012538,1.841109339585011
157,-0.8237350003935365,-0.9842428747563071,-0.987330452684289,0.07218691819560451,-0.27667032261589,-0.39173932994559507,-0.9444901238402968,2.2948871305511855,1.8900851744388345
158,2.657533481848455,1.6250180878805927,-0.987330452684289,0.07533404947197722,-0.2818739482688911,-0.4473104990167203,-0.9018483384166128,2.3094401300489125,1.938990551076605
159,-0.599137033797279,-1.0929620815328445,-0.987330452684289,0.07816006849132297,-0.2867695444776348,-0.5007792184444811,-0.8700505356905974,2.3305865806684833,1.9869596981204745
160,1.759141615463425,-0.6580852544266945,-0.987330452684289,0.08065292992301704,-0.29138389231760986,-0.5520303832034281,-0.8287728784832191,2.3440846072086656,2.034905807179258
161,-0.14994110060476373,0.42910681333868017,-0.987330452684289,0.08280371428952742,-0.29574690236664536,-0.6009646710374769,-0.7985330881959811,2.3637593346904295,2.0818301041289535
162,-0.7114360170954079,-0.8755236679797695,-0.987330452684289,0.08460674529356696,-0.29989130511972945,-0.6474987310327559,-0.7590272675882533,2.3762575464156446,2.1287539095831467
163,-0.9360339836916652,-0.9842428747563069,-0.987330452684289,0.08605967655557703,-0.3038523106878801,-0.6915652409407201,-0.7305812037146049,2.394464554045876,2.174596721127317
164,-0.37453906720102137,-0.8755236679797695,-0.987330452684289,0.08716354696548596,-0.3076672358508916,-0.7331128360027841,-0.6933141943499648,2.4060637372901463,2.220437843057688
165,2.3206365319540687,-0.9842428747563069,-0.7908119275287678,0.08792280387041677,-0.31137509723062745,-0.7721059133452121,-0.6669692984902856,2.4228623351525993,2.26516416275678
166,-0.37453906720102165,-0.7668044612032321,-0.7908119275287678,0.08834529221650046,-0.31501617060104686,-0.808524317144521,-0.6324818640669839,2.4337143610156775,2.309865338899497
167,0.2992548325877512,-0.33192763409708226,-0.987330452684289,0.08844220666824867,-0.318631518197516,-0.8423629106663296,-0.6086281683471516,2.44922413142828,2.3534420645913454
168,-0.7114360170954078,-0.44064684087361966,-1.1838489778398105,0.08822800370643963,-0.3222624880314406,-0.8736310419089854,-0.5775493043056783,2.459533991380633,2.3969497495689773
169,2.2083375486559405,-0.9842428747563071,-0.987330452684289,0.08772027164938691,-0.325950191221893,-0.9023519099789742,-0.5566685278855386,2.473935349237471,2.4393461827881597
170,1.30994568227091,-0.33192763409708215,-1.1838489778398105,0.08693955758873584,-0.32973496496723315,-0.928561839649053,-0.529726694707158,2.483957951657212,2.4816113420214583
171,-1.048332966989794,0.32038760656214255,-1.1838489778398105,0.08590915116051687,-0.33365583003435223,-0.9523094719659952,-0.5123955268903069,2.4974866141271255,2.5227999597597366
172,1.0853477156746525,0.9727028472213674,-0.987330452684289,0.08465482648935613,-0.33774995266714986,-0.9736548793216799,-0.4904208394044703,2.5075173141854545,2.5637791048099503
173,-0.14994110060476373,-0.6580852544266945,-0.987330452684289,0.08320454571544127,-0.34205212143935343,-0.9926686140119652,-0.4773010111254807,2.520452092491004,2.603736631914269
174,-0.37453906720102165,1.951175708210205,-0.987330452684289,0.08158812948587586,-0.3465942493551232,-1.0094306998853844,-0.46120748890513136,2.5308112791803747,2.6433931190902538
175,1.4222446655690388,-0.7668044612032321,-0.987330452684289,0.07983690099234012,-0.35140491022190906,-1.0240295771255812,-0.4530097752761007,2.5434561626316583,2.68210190396095
176,0.6361517824821372,-0.7668044612032321,-0.987330452684289,0.07798331068724045,-0.3565089162533524,-1.0365610104446223,-0.44373905620664256,2.554469782934998,2.7204074962035483
177,-0.8237350003935366,-0.9842428747563069,-0.7908119275287677,0.0760605492650267,-0.36192694156936606,-1.0471269709943793,-0.4411411406811647,2.5671328233277735,2.7578571750760115
178,-0.2622400839028927,0.21166839978560517,-0.7908119275287677,0.074102157267128,-0.3676751944686166,-1.0558345021786963,-0.43954055021961713,2.579111858523503,2.7947938524711535
179,-1.2729309335860517,0.32038760656214255,-0.7908119275287677,0.07214164061116989,-0.3737651406489985,-1.0627945792749478,-0.4430344996903838,2.592084144341248,2.8309832725559607
180,-1.2729309335860517,0.42910681333868017,-0.9873304526842892,0.07021210170610337,-0.38020327979019264,-1.0681209723028762,-0.44964238300314013,2.6053061648922364,2.866545258187176
181,-0.48683805049915035,-0.9842428747563071,-0.9873304526842892,0.06834589487071102,-0.3869909781677214,-1.071929120901921,-0.4592990074844071,2.618843876353285,2.9014846068900986
182,0.8607497490783952,-0.33192763409708215,-0.9873304526842892,0.06657431246485919,-0.3941243595003259,-1.0743350291944236,-0.47403764760521483,2.633539035533818,2.935680546127221
183,-1.048332966989794,0.7552644336682925,-1.1838489778398105,0.06492730509884323,-0.4015942552104336,-1.0754541878819512,-0.48922108766670447,2.6478506492800786,2.969393599210215
184,0.8607497490783949,-0.11448922054400724,-0.9873304526842892,0.06343323645663787,-0.40938621433775,-1.0754005302598422,-0.5110738140059881,2.664193416337756,3.0022487863739595
185,-0.599137033797279,-0.5493660476501571,-0.9873304526842892,0.06211867135137014,-0.41748057267052097,-1.0742854284625718,-0.5302271009343004,2.6794330045004546,3.0347751325573733
186,-0.037642117306635074,0.32038760656214255,-1.1838489778398105,0.0610081946348512,-0.4258525798817766,-1.0722167360257995,-0.557085275694829,2.697539793438861,3.0663336106293975
187,0.5238527991840085,-0.2232084273205446,-1.1838489778398105,0.060124258060526986,-0.4344725823840743,-1.0692978827012631,-0.5777794878698033,2.7138061815505035,3.0977306351497442
188,1.5345436488671678,-0.8755236679797695,-0.9873304526842892,0.059487051823023634,-0.4433062584864632,-1.0656270273487765,-0.6066734253842262,2.7337380277485095,3.128056917289964
189,-0.7114360170954079,-0.9842428747563071,-0.9873304526842892,0.05911439734447524,-0.4523149015102563,-1.061296274675508,-0.6260373160684942,2.7510786862558025,-3.12478404909112
190,-0.599137033797279,-0.7668044612032321,-0.9873304526842892,0.05902165826673929,-0.4614557459478724,-1.0563909616052876,-0.6537730468451305,2.7728475296574384,-3.0956039453815967
191,1.759141615463425,1.1901412607744424,-0.9873304526842892,0.059221667555692914,-0.4706823317438053,-1.0509890190642333,-0.6691597596176253,2.79126561117551,-3.066215794712803
192,-0.14994110060476404,-1.0929620815328445,-0.9873304526842892,0.059724669607193054,-0.4799449023304435,-1.045160414868507,-0.6930663227803125,2.814842542455473,-3.03807433031764
193,-1.160631950287923,-0.6580852544266946,-0.7908119275287677,0.060538276872298485,-0.4891908326244798,-1.038966683181568,-0.7026061005503399,2.8343054021463385,-3.0095265889730753
194,1.5345436488671678,-0.6580852544266945,-0.7908119275287677,0.061667440991037256,-0.4983650832261234,-1.0324605457119462,-0.721001763306392,2.8596293820036798,-2.982295994798493
195,0.07465686599149358,-0.11448922054400724,-0.7908119275287677,0.06311443892285652,-0.5074106767190856,-1.0256856294473795,-0.7237887457626883,2.880077213674386,-2.954455578831145
196,-0.7114360170954078,-0.7668044612032321,-0.5942934023732465,0.06487887493489213,-0.5162691918357074,-1.0186762852089761,-0.7360187464111281,2.9070632213608447,-2.9279906415376153
197,0.7484507657802661,-0.2232084273205446,-0.39777487721772514,0.06695769957230988,-0.5248812715058292,-1.0114575106042223,-0.7319632893906902,2.928416937044371,-2.9007106669707903
198,-0.599137033797279,0.32038760656214255,-0.5942934023732465,0.06934524705145889,-0.5331871411215877,-1.004044980028738,-0.738150017649238,2.956962974931645,-2.8748530239065824
199,-1.048332966989794,-0.7668044612032321,-0.5942934023732465,0.07203329273336492,-0.5411271334129596,-0.9964451831793815,-0.7276901083034927,2.9791308717765217,-2.8479777350509248
200,0.2992548325877512,-0.22320842732054474,-0.5942934023732465,0.07501113213784355,-0.5486422160361528,-0.9886556720910598,-0.7284130673836953,3.0091236002786537,-2.822561476338055
201,0.6361517824821376,0.10294919300906764,-0.39777487721772514,0.07826568221432664,-0.5556745173522618,-0.9806654150894577,-0.7122466907944647,3.032006689284509,-2.795932278900946
202,0.7484507657802661,-1.0929620815328445,-0.39777487721772514,0.0817816044436962,-0.562167845077151,-0.9724552543982241,-0.7082842708626041,3.0633257518034944,-2.770790430943972
203,0.2992548325877512,-0.7668044612032321,-0.39777487721772514,0.08554144835386938,-0.5680681917252791,-0.9639984624906468,-0.6871861709757897,3.0868218813159856,-2.744252507100426
204,-0.037642117306635074,-0.9842428747563069,-0.5942934023732465,0.08952581386407257,-0.5733242202167413,-0.9552613905572319,-0.6793524308516393,3.1193431542670487,-2.7192238029936946
205,-0.14994110060476404,-0.8755236679797695,-0.7908119275287677,0.09371353163315413,-0.5778877228770561,-0.9462042006237639,-0.6540725268186459,-3.1398351340318844,-2.692632666107583
206,0.07465686599149358,-0.9842428747563069,-0.7908119275287677,0.09808186167026117,-0.5817140475242023,-0.936781670995149,-0.6431324224237233,-3.106237109914675,-2.6675679391425224
207,-1.048332966989794,-0.44064684087361966,-0.9873304526842892,0.10260671116691458,-0.5847624853506601,-0.9269440630257446,-0.6143511725616615,-3.081818938050938,-2.64079527331492
208,-0.37453906720102137,-0.33192763409708215,-1.1838489778398105,0.1072628725077482,-0.5869966165762657,-0.9166380359179159,-0.6009865463780466,-3.047269175665842,-2.6155628505207584
209,0.29925483258775093,-0.7668044612032321,-1.1838489778398105,0.11202428169826258,-0.5883846110322125,-0.9058075954206489,-0.5693031526466873,-3.0225353911758153,-2.5885010810252744
210,-0.37453906720102137,-0.8755236679797694,-1.1838489778398105,0.11686429612289141,-0.5888994816804236,-0.8943950619594833,-0.5541063580918448,-2.9871572389220384,-2.5629907102926412
211,0.18695584928962256,-0.33192763409708226,-1.1838489778398105,0.12175598892195992,-0.5885192895304663,-0.8823420438630111,-0.5200426939899944,-2.962197961134228,-2.5355559597297797
212,0.2992548325877512,-0.9842428747563069,-1.1838489778398105,0.12667245581179754,-0.5872272987012142,-0.8695904018881166,-0.5035226054544594,-2.926112360054992,-2.5096810483940604
213,-0.2622400839028927,-0.6580852544266945,-1.380367502995332,0.13158712915329412,-0.5850120807327416,-0.8560831920549138,-0.4675327293525829,-2.9010115044246167,-2.481814395360326
214,-0.7114360170954077,-0.44064684087361966,-1.1838489778398105,0.13647409345686617,-0.581867567744084,-0.8417655747683341,-0.45012463224381816,-2.864336592740164,-2.4555125974073513
215,0.29925483258775093,-0.9842428747563069,-1.1838489778398105,0.14130839605249612,-0.5777930545930986,-0.8265856792908285,-0.4126048095061201,-2.8391713934879275,-2.4271797916509237
216,0.18695584928962225,-0.5493660476501571,-1.1838489778398105,0.1460663460451223,-0.57279315077638,-0.8104954138421119,-0.39468007772960867,-2.802022336945835,-2.4004121835503422
217,1.759141615463425,-0.8755236679797695,-0.9873304526842892,0.15072579379878553,-0.5668776833922595,-0.7934512128965662,-0.35597709898721575,-2.776863064710272,-2.3716021295470306
218,-0.48683805049915035,-0.6580852544266945,-0.9873304526842892,0.1552663824074308,-0.5600615531026139,-0.7754147145346931,-0.3378508506530335,-2.7393520269836955,-2.3443513289882145
219,2.0960385653578113,-0.9842428747563071,-0.9873304526842892,0.15966976254893206,-0.5523645457223533,-0.7563533618926639,-0.2982677937930249,-2.714261828309368,-2.315073718859168
220,-0.2622400839028927,-0.5493660476501571,-1.1838489778398105,0.1639197630797462,-0.5438111028633026,-0.7362409237951713,-0.28020393411949196,-2.676498033272867,-2.2873413305873522
221,0.07465686599149358,-0.33192763409708226,-1.1838489778398105,0.16800251144424377,-0.5344300559454456,-0.7150579305711162,-0.2400034159268633,-2.6515328601393304,-2.2576237980422835
222,2.2083375486559405,-0.22320842732054474,-0.987330452684289,0.1719064999323679,-0.5242543287882799,-0.692792021948442,-0.22221739901540893,-2.6136227434177997,-2.229427530466811
223,0.9730487323765238,0.5378260201152175,-0.987330452684289,0.17562259565793165,-0.513320614711755,-0.669438204942952,-0.18162300600811626,-2.5888313905762272,-2.1993126307486444
224,0.29925483258775093,-0.6580852544266946,-0.7908119275287678,0.17914399391477914,-0.50166903432324,-0.6449990208351805,-0.16428310894189901,-2.550878881013749,-2.1706833469393803
225,-0.48683805049915,0.646545226891755,-0.987330452684289,0.18246611669985657,-0.48934277974293255,-0.6194846215618276,-0.1234798620539159,-2.5263031753520693,-2.1402255838546473
226,2.320636531954069,-0.5493660476501572,-0.987330452684289,0.1855864607118926,-0.4763877499699014,-0.5929127569912044,-0.10670783940288789,-2.4884101387850848,-2.1112044725883097
227,-0.7114360170954077,-0.9842428747563069,-0.7908119275287678,0.18850440144555858,-0.46285218069044753,-0.5653086755686635,-0.06584257063686932,-2.4640852738996215,-2.080467523587831
228,0.18695584928962256,-0.6580852544266944,-0.7908119275287678,0.19122096167792452,-0.44878627046348196,-0.5367049417879167,-0.04971460768209782,-2.426352061348655,-2.0511035124509105
229,-0.48683805049915035,-0.8755236679797695,-0.7908119275287678,0.19373855387971883,-0.43424180430836823,-0.5071411749444953,-0.008897094285343582,-2.4023069603244247,-2.0201577424174832
230,-0.599137033797279,-0.9842428747563069,-0.5942934023732466,0.19606070697363792,-0.4192717756166462,-0.47666371464039403,0.0065541712433565946,-2.3648329083080064,-1.9905052184246377
231,-0.9360339836916652,-0.44064684087361966,-0.39777487721772525,0.19819178800327908,-0.40393000805131535,-0.4453252194590893,0.04724874971116674,-2.341090447707484,-1.9594255235281897
232,-0.599137033797279,-0.6580852544266945,-0.39777487721772525,0.20013672832411805,-0.38827078039805624,-0.41318420605059364,0.06203073652959425,-2.303974201732414,-1.929542387747993
233,0.9730487323765235,0.32038760656214255,-0.2012563520622038,0.2019007619791522,-0.3723484588092885,-0.38030453648710955,0.10255789477928678,-2.2805512271997834,-1.8984063827306192
234,0.9730487323765238,0.86398364044483,-0.39777487721772525,0.20348918142984634,-0.35621714217102574,-0.34675486209568873,0.1167132450083588,-2.2438909159641756,-1.8683524452836673
235,-0.37453906720102137,-0.005770013767469724,-0.2012563520622038,0.20490711354762925,-0.3399303270200779,-0.3126080320291169,0.1570542511055163,-2.220798162796195,-1.8372389915843328
236,-0.7114360170954077,0.5378260201152175,-0.004737826906682482,0.2061593175207494,-0.3235405981651035,-0.2779404746761132,0.17065521631230574,-2.184691616062988,-1.8070746975045209
237,1.759141615463425,-0.44064684087361966,-0.004737826906682482,0.2072500061786443,-0.3070993498436874,-0.2428315597344267,0.21081169367440247,-2.1619337679027577,-1.776062751751568
238,-0.48683805049915,-0.8755236679797695,-0.2012563520622038,0.208182692454479,-0.29065654030309673,-0.20736294839958141,0.22395417325220465,-2.1264790070374895,-1.745848207897405
239,-0.599137033797279,-0.33192763409708215,-0.004737826906682482,0.20896006270290557,-0.2742604808622715,-0.17161793862199,0.26394247917937436,-2.104055078935465,-1.7150159498428135
240,0.8607497490783952,-1.0929620815328445,-0.004737826906682482,0.20958387844248855,-0.2579576594473203,-0.13568081177401847,0.2767397584273402,-2.0693511857091083,-1.6848102046177746
241,0.41155381588587986,2.0598949149867423,-0.004737826906682482,0.21005490794387494,-0.2417925985401905,-0.0996361864483098,0.3165851259156994,-2.0472552766041887,-1.6542343882266848
242,-0.37453906720102154,0.646545226891755,-0.004737826906682482,0.2103728888106116,-0.22580774808600745,-0.06356838455649072,0.3291613011611621,-2.013403643318702,-1.6240949025214921
243,-0.2622400839028927,1.081422053997905,-0.004737826906682482,0.21053652234660658,-0.21004341422892409,-0.027560814408849832,0.3688918021519703,-1.9916260970299111,-1.593850362244559
244,-0.8237350003935363,0.21166839978560517,0.19178069824883887,0.2105435002266453,-0.19453772378459172,0.008304624987633857,0.3813750212172622,-1.9587321442038657,-1.5638326007642707
245,-0.2622400839028927,-0.7668044612032321,-0.004737826906682482,0.21039056352570507,-0.17932662187938636,0.04394811456489377,0.42101555488022496,-1.9372612945165084,-1.5339918399114638
246,-0.7114360170954077,-0.5493660476501571,-0.004737826906682482,0.2100735930404612,-0.16444389703834145,0.07929245725041689,0.4335313675549667,-1.9054368110415605,-1.5041489112868767
247,1.759141615463425,-0.5493660476501572,-0.004737826906682482,0.20958772796762282,-0.14992122546807982,0.11426358821945698,0.47309805190218096,-1.8842614355361489,-1.4747817023152554
248,0.07465686599149358,-0.5493660476501571,0.19178069824883892,0.20892750785585384,-0.135788225185647,0.14879105031868642,0.485763412215586,-1.8536274630605045,-1.4451639815918724
249,-0.03764211730663537,-0.8755236679797695,0.3882992234043602,0.2080870310798476,-0.12207251100150379,0.18280843169919786,0.5252590287820568,-1.8327397557125218,-1.416336915296423
250,0.18695584928962256,-0.6580852544266945,0.3882992234043602,0.20706012245232486,-0.10879974266198066,0.21625376265584562,0.5381777417822212,-1.803429617875206,-1.3869915917898457
251,0.8607497490783952,-0.9842428747563071,0.3882992234043602,0.2058405028440613,-0.09599366021159174,0.24906986867929146,0.5775889458371349,-1.7828282887956437,-1.3587675259533454
252,0.6361517824821376,-0.22320842732054474,0.3882992234043602,0.20442195417287917,-0.08367610267023948,0.28120467693758605,0.5908491707857606,-1.754990289731024,-1.3297380386908613
253,-0.37453906720102137,0.5378260201152175,0.19178069824883892,0.20279847351402214,-0.07186700837149873,0.3126114738310312,0.6301457802938611,-1.7346834548444052,-1.3021754218416013
254,1.4222446655690388,-0.44064684087361966,0.3882992234043602,0.20096441057250258,-0.06058439753260173,0.3432491117819003,0.6438197111998506,-1.708482877977194,-1.273500771615047
255,-0.48683805049915035,-1.0929620815328445,0.5848177485598816,0.19891458348775942,-0.04984433940398119,0.3730821638687408,0.6829559686219051,-1.688490569619478,-1.2466528409090025
256,0.5238527991840085,-0.7668044612032321,0.5848177485598816,0.1966443687470712,-0.03966090749290753,0.40208102521985517,0.6971014916138984,-1.664110765485836,-1.2183667840397212
257,1.4222446655690388,0.5378260201152175,0.7813362737154029,0.1941497617045555,-0.030046127281406897,0.43022196031797444,0.7360189869444843,-1.6444670895566889,-1.1922806474218506
258,1.0853477156746525,0.10294919300906764,0.7813362737154029,0.1914274048844986,-0.021009922160387134,0.4574870957090338,0.750682957145783,-1.6221095683029267,-1.1644107879970518
259,0.41155381588587986,2.9296485691990424,0.7813362737154029,0.18847458215712642,-0.012560064907260714,0.48386435818540796,0.7893148103602946,-1.6028646887069664,-1.1391264198733577
260,0.9730487323765235,-0.2232084273205446,0.5848177485598816,0.1852891783707052,-0.004702143039171859,0.5093473593444587,0.8045375287076089,-1.5827482348921051,-1.1116932443904286
261,-1.0483329669897943,1.8424565014336673,0.5848177485598816,0.18186960613785763,0.0025604541875500625,0.5339352284175378,0.8428133803043574,-1.5639706123608006,-1.0872424559980836
262,0.18695584928962256,-0.7668044612032321,0.5848177485598816,0.1782147036611847,0.009226521678560584,0.5576323962629495,0.8586337422351681,-1.5463296718663553,-1.0602583821647917
263,0.29925483258775093,0.42910681333868017,0.5848177485598816,0.17432360899246158,0.01529699515406284,0.5804483342482543,0.8964849372032647,-1.528109348604598,-1.0366638453744672
264,1.871440598761554,-0.33192763409708215,0.5848177485598816,0.17019561659346805,0.020774879508552974,0.6023972523208639,0.9129455333458888,-1.5131920287234748,-1.0101323603148953
265,-1.048332966989794,-0.11448922054400724,0.5848177485598816,0.16583002187942542,0.025665151898096816,0.6234977609032735,0.9503097948468201,-1.4956458026035855,-0.9874067563604675
266,-0.14994110060476373,0.6465452268917552,0.5848177485598816,0.16122595940536633,0.02997464344405984,0.6437725014268987,0.9674613087955507,-1.483711421277068,-0.9613217067369155
267,0.18695584928962256,0.9727028472213674,0.5848177485598816,0.15638224087452035,0.0337119035011994,0.6632477503937004,1.004286424319619,-1.4669904544389605,-0.9394670608198787
268,-0.2622400839028927,-0.22320842732054474,0.5848177485598816,0.15129719967030464,0.036887050324515266,0.6819530018496265,1.0221909390091986,-1.4583059889906937,-0.9138121520920325
269,-0.9360339836916652,-0.11448922054400724,0.7813362737154029,0.14596854846297203,0.03951161224675083,0.6999205330767998,1.058437177432705,-1.4426061938285921,-0.892819416320258
270,0.9730487323765238,-0.8755236679797695,0.7813362737154029,0.1403932555944406,0.04159836423755993,0.7171849581842293,1.0771700982315906,-1.4374405400000594,-0.8675679834742561
271,-0.48683805049915035,-0.44064684087361966,0.7813362737154029,0.13456744476398558,0.04316116542069902,0.7337827741566945,1.1128111483726164,-1.4230159973700245,-0.8474169379554874
272,0.9730487323765238,-0.005770013767469724,0.7813362737154029,0.12848632132344762,0.04421480306759608,0.7497519038870604,1.132461585324776,-1.4216303832503665,-0.8225320572335789
273,-1.0483329669897943,0.86398364044483,0.7813362737154029,0.12214412753112013,0.044774847551558916,0.7651312408091904,1.1674840276260356,-1.4088096126962577,-0.8031916056129457
274,-1.2729309335860517,-0.11448922054400724,0.7813362737154029,0.11553412858307315,0.04485752122499648,0.7799601999313385,1.1881537374502154,-1.4114415739788364,-0.7786266201919962
275,1.9837395820596824,0.10294919300906764,0.5848177485598816,0.10864863085801897,0.04447958296830583,0.7942782802670778,1.2225552718473227,-1.4006455578715384,-0.7600555521548741
276,-1.160631950287923,-0.5493660476501571,0.5848177485598816,0.10147903305684139,0.04365822970867955,0.8081246438014098,1.2443563943161224,-1.4074829730544016,-0.735755069898008
277,-1.160631950287923,-0.2232084273205446,0.5848177485598816,0.0940159097356884,0.042411016277062175,0.8215377161425262,1.2781430947686478,-1.3992425080585584,-0.7179033319844746
278,0.9730487323765238,-0.22320842732054474,0.5848177485598816,0.08624912555409471,0.04075579492551669,0.8345548138180044,1.3011949479936762,-1.4103836646406747,-0.6938047071823245
279,0.8607497490783952,-0.9842428747563069,0.5848177485598816,0.07816797754298783,0.038710675237642544,0.8472118027418354,1.334377869380175,-1.405351309616172,-0.676615161019129
280,-1.2729309335860517,1.081422053997905,0.5848177485598816,0.06976136167828412,0.03629400403598344,0.8595427917452664,1.3588031805650884,-1.4207471124763338,-0.652650401896968
281,0.7484507657802661,-0.7668044612032321,0.5848177485598816,0.06101795922671874,0.03352436347327718,0.8715798643075,1.391394762798284,-1.4196953149583393,-0.6360609733648166
282,-0.599137033797279,-0.7668044612032321,0.5848177485598816,0.051926438035176076,0.030420584099612707,0.8833528507975045,1.4173158220095403,-1.439072078166556,-0.6121589473876642
283,3.6682243315316145,1.081422053997905,0.5848177485598816,0.042475663948672665,0.027001768539617277,0.8948891426658323,1.4493265860022246,-1.4428648954809327,-0.5961050081803271
284,-0.8237350003935366,-0.22320842732054474,0.5848177485598816,0.03265491766951988,0.02328732045648127,0.9062135491092789,1.4768618174618593,-1.4656331802085194,-0.5721937699911108
285,-0.48683805049915035,3.690683016634804,0.7813362737154029,0.022454113141002895,0.019296972677650445,0.9173481957752152,1.5082977709125531,-1.4751568000913977,-0.5566105581831287
286,-0.2622400839028927,-0.8755236679797695,0.7813362737154029,0.011864015397859702,0.015050808145396055,0.9283124640964184,1.5375590908466292,-1.5003252113993093,-0.5326196053140854
287,0.5238527991840088,-0.44064684087361966,0.7813362737154029,0.0008764580376604807,0.010569268451384353,0.9391229689063371,1.5684200590044888,-1.5163668265383285,-0.5174444854101435
288,-1.1606319502879225,0.7552644336682925,0.9778547988709244,-0.010515438244520423,0.005873147141371479,0.9497935711583897,1.599511110413837,-1.5424975981217808,-0.493306756792356
289,-0.48683805049915035,-0.7668044612032321,0.9778547988709244,-0.02231704460937957,0.0009835676288536682,0.9603354219187924,1.6297898408310403,-1.565578730642791,-0.47848114678413184
290,-0.8237350003935366,-0.22320842732054474,1.1743733240264456,-0.03453199980197039,-0.004078052825177869,0.9707570333401342,1.6628048074569297,-1.5908338072933195,-0.4541346226663361
291,-0.2622400839028927,-0.9842428747563069,1.1743733240264456,-0.04716198308524848,-0.009290051305183199,0.981064372072022,1.6924864272324545,-1.62103327389984,-0.43960547559091406
292,-0.037642117306635074,-0.44064684087361966,1.1743733240264456,-0.060206486412618915,-0.014630578427163907,0.9912609705640943,1.7275090255406353,-1.6433470353171045,-0.4149943071966451
293,0.5238527991840088,3.9081214301878795,1.1743733240264456,-0.07366258976492149,-0.020077668485224798,1.0013480519850135,1.7565705267522855,-1.6801779131916283,-0.40071511288396316
294,-0.2622400839028927,-0.7668044612032321,1.1743733240264456,-0.08752474521926969,-0.025609321821635236,1.0113246649784136,1.7936729716473225,-1.6975444277862728,-0.37579028780820906
295,0.8607497490783949,-0.44064684087361966,1.1743733240264456,-0.10178457622757858,-0.031203601136626444,1.0211878251113666,1.822082670264275,-1.7399525734475998,-0.3617216367451164
296,-0.037642117306635074,0.9727028472213674,1.1743733240264456,-0.11643069863286915,-0.03683874228231062,1.0309326605481675,1.861324685176085,-1.75074869959383,-0.33644125069276787
297,-0.2622400839028927,-1.0929620815328445,1.1743733240264456,-0.13144856932459842,-0.042493277886791345,1.040552560145519,1.889041836070376,-1.797257638261162,-0.32255105399442896
298,-0.14994110060476373,1.081422053997905,1.1743733240264456,-0.14682036744213312,-0.04814617035857277,1.0500393227959437,1.9304699271887107,-1.8004865617692607,-0.29688029233894936
299,-0.7114360170954077,-0.33192763409708226,1.1743733240264456,-0.16252491204260727,-0.05377695005954126,1.0593833074421488,1.9574446955713969,-1.8494427113377199,-0.2831437693483188
300,1.30994568227091,-1.0929620815328445,1.1743733240264456,-0.17853761950796365,-0.059365854277604733,1.068573583746542,2.0010918241491336,-1.8448140790286542,-0.2570547043375344
301,0.07465686599149358,0.10294919300906764,0.9778547988709244,-0.19483050375220468,-0.06489396261960403,1.0775980839248855,2.0272656526870585,-1.894639850855796,-0.24345424229773616
302,-0.9360339836916652,0.21166839978560517,0.9778547988709244,-0.21137222212418338,-0.07034332464591105,1.0864437567226501,2.073151275722978,-1.8824840490462855,-0.21692553623993585
303,-1.048332966989794,-0.8755236679797697,0.9778547988709244,-0.2281281693343578,-0.07569707620094837,1.09509672487324,2.0984575699426173,-1.9318586239507265,-0.20345050505092535
304,1.759141615463425,0.5378260201152175,0.9778547988709244,-0.24506062090429254,-0.08093954183725603,1.1035424475534723,2.1465879718347547,-1.912941513282493,-0.17646708172425135
305,-0.037642117306635074,-1.0929620815328445,0.7813362737154029,-0.2621289271289173,-0.08605632162461942,1.111765889303387,2.170953039066088,-1.9608801406126672,-0.16311365194943928
306,-0.14994110060476404,0.86398364044483,0.7813362737154029,-0.27928975838689085,-0.09103436134833195,1.119751696624284,2.221321903365402,-1.9362000060834164,-0.13566635708287222
307,2.432935515252198,-0.9842428747563069,0.7813362737154029,-0.296497402073325,-0.09586200574932105,1.1274843830332053,2.2446661100636387,-1.9820491354352867,-0.1224373229828368
308,-0.7114360170954077,2.277333328539817,0.7813362737154029,-0.3137041098717528,-0.10052903506351965,1.1349485227129432,2.2972553226029833,-1.9526707605237583,-0.09452254715860091
309,-0.599137033797279,-0.6580852544266945,0.9778547988709244,-0.3308604916366555,-0.10502668546128976,1.142128952038552,2.319494517794457,-1.9960551902538255,-0.0814271110815732
310,-0.599137033797279,-0.6580852544266945,1.1743733240264456,-0.34791594929670006,-0.10934765374762792,1.1490109772475354,2.374275294476253,-1.9629998684232108,-0.053046308115147836
311,-0.9360339836916652,-1.0929620815328445,1.1743733240264456,-0.3648191416360686,-0.11348608580829433,1.1555805855015038,2.395322607777982,-2.0037540651776906,-0.04009975026149316
312,-0.48683805049915035,-0.005770013767469724,1.1743733240264456,-0.38151846938715095,-0.11743754737843953,1.1618246557476115,2.452257012205353,-1.9679401832996026,-0.01125876272566268
313,-1.048332966989794,-0.44064684087361966,1.1743733240264456,-0.39796257003311614,-0.12119897567605924,1.1677311652624558,2.472024989319979,-2.006043205060152,0.0015180837893886729
314,-0.4868380504991502,-0.33192763409708215,1.1743733240264456,-0.41410081261019666,-0.1247686115415125,1.1732893875531185,2.531067703593383,-1.968262734409265,0.030809967026149094
315,-0.9360339836916652,0.21166839978560517,1.370891849181967,-0.4298837840390821,-0.12814591333704345,1.178490077289495,2.5494705396080053,-2.0037848358918646,0.0433914824956059
316,-0.4868380504991502,0.5378260201152175,1.5674103743374883,-0.4452637598133788,-0.13133145525333365,1.1833256380416,2.610570631436678,-1.9647014204553441,0.07312277073276935
317,-0.9360339836916652,-1.0929620815328445,1.5674103743374883,-0.4601951531338601,-0.13432681353050394,1.1877902687963524,2.6275262497889087,-1.9977638969526703,0.08547955588554919
318,-1.2729309335860517,-0.005770013767469724,1.370891849181967,-0.4746349377640745,-0.13713444442634898,1.1918800856374765,2.6906287542484586,-1.9579222793399969,0.11563809902438889
319,0.7484507657802661,1.516298881104055,1.370891849181967,-0.48854304102184914,-0.13975755775976462,1.195593215683108,2.7060606050105998,-1.9886692821215959,0.12773818442848808
320,-0.037642117306635074,-0.9842428747563069,1.370891849181967,-0.5018827044230533,-0.14219998980370963,1.1989298613355241,2.7711078717867514,-1.9485097158775693,0.1583129815936202
321,-1.1606319502879228,-0.7668044612032321,1.370891849181967,-0.5146208103307475,-0.14446607918978888,1.2018923339174359,2.7849464474330805,-1.9770897669948295,0.17012316713923525
322,-0.48683805049915035,-0.33192763409708226,1.370891849181967,-0.5267281731455238,-0.1465605491466881,1.204485056682597,2.851879320014,-1.9369637929740335,0.20110638803022024
323,-0.599137033797279,0.7552644336682925,1.370891849181967,-0.5381797931126028,-0.14848839910709105,1.2067145379611397,2.864063497734663,-1.963518641427938,0.21259361747449412
324,-1.048332966989794,-0.5493660476501571,1.1743733240264456,-0.5489550703108811,-0.15025480897840365,1.2085893158849264,2.9328225043203346,-1.923704345872229,0.24398278663749462
325,0.41155381588587986,2.0598949149867423,1.1743733240264456,-0.5590379763408709,-0.1518650600140765,1.2101198767691783,2.9433009102298224,-1.9483631608505492,0.2551154663901956
326,-0.8237350003935366,0.646545226891755,1.1743733240264456,-0.5684171815561762,-0.15332447644654565,1.2113185497697343,3.0138276982188765,-1.9090790912263242,0.28691579231358433
327,-0.9360339836916652,1.081422053997905,1.1743733240264456,-0.5770861359719985,-0.15463839119436973,1.2121993808185207,3.0225602701905867,-1.9319565155854694,0.2976649813875481
328,-1.160631950287923,-0.6580852544266945,0.9778547988709244,-0.585043101994638,-0.15581213686897172,1.2127779890237185,3.094799487369997,-1.8933740225470548,0.3298918589554295
329,-0.7114360170954078,-0.33192763409708215,1.1743733240264456,-0.5922911370287973,-0.1568510603413314,1.2130714087286163,3.1017593623523285,-1.914570977325764,0.3402322788813308
330,-0.4868380504991502,0.10294919300906764,1.1743733240264456,-0.598838024262059,-0.15776055617974916,1.2130979202961016,-3.107524115814159,-1.8768248018458835,0.3729140592612442
331,-1.160631950287923,-0.9842428747563069,1.1743733240264456,-0.6046961506727829,-0.15854611229468168,1.212876872457858,-3.102348288513388,-1.896430861988243,0.38282489886132376
332,-0.9360339836916652,-0.7668044612032321,0.9778547988709244,-0.609882332290016,-0.15921336046539264,1.2124284987939289,-3.026824721255182,-1.8596275523545183,0.41600611016734107
333,-0.9360339836916652,-0.33192763409708215,0.9778547988709244,-0.6144175876519395,-0.15976812479402813,1.2117737306500753,-3.023426005331224,-1.8777236006832014,0.42547162118183235
334,-0.7114360170954078,-1.0929620815328445,1.1743733240264456,-0.6183268612870683,-0.16021646219089364,1.210934008544684,-2.946308109796638,-1.8419473962146795,0.45921694239113475
335,-1.2729309335860517,-0.5493660476501572,1.1743733240264456,-0.621638700038895,-0.16056469056499081,1.2099310937860284,-2.9446580789248817,-1.8586075685595271,0.4682268306660983
336,-1.048332966989794,0.32038760656214255,1.1743733240264456,-0.6243848861754012,-0.1608194022980303,1.2087868815962877,-2.8659538340898023,-1.823923783183608,0.5026262979490536
337,0.41155381588587986,0.86398364044483,1.1743733240264456,-0.626600032383733,-0.16098746253636137,1.2075232166192666,-2.8659990208088915,-1.8392162888646584,0.5111759146070477
338,-1.2729309335860517,0.3203876065621428,1.370891849181967,-0.6283211448720464,-0.16107599341007411,1.2061617113888865,-2.785689005452844,-1.8056726071470706,0.5463521362461091
339,-0.9360339836916652,-0.8755236679797695,1.370891849181967,-0.6295871617072781,-0.16109234594187233,1.2047235681910502,-2.7873471310217117,-1.8196595158238926,0.5544424663682398
340,-0.2622400839028927,-0.2232084273205446,1.3490564574980204,-0.6304384740175661,-0.16104406095586643,1.2032294047599397,-2.705373555925926,-1.7872857382593414,0.5905611483615134
341,-0.2622400839028927,-0.7668044612032321,1.3217622178930866,-0.6309164378854453,-0.16093881933146661,1.2016990844335167,-2.7085296871269664,-1.8000220580663675,0.5981985697864607
342,-0.14994110060476404,-0.8755236679797694,1.3217622178930866,-0.6310628848979406,-0.16078438143560456,1.2001515517626538,-2.6247805154378825,-1.7688285938186104,0.6354846422426674
343,-0.8237350003935366,1.7337372946571297,1.3217622178930866,-0.6309196393263719,-0.16058851599871324,1.1986046750675063,-2.6292832563146824,-1.7803608823330057,0.6426803807280206
344,0.7484507657802661,-0.44064684087361966,1.1252436927375653,-0.6305280494966516,-0.16035891976874103,1.1970750979701867,-2.5435676287991402,-1.75033580150595,0.6814440181290186
345,-0.8237350003935365,-0.9842428747563071,0.9287251675820438,-0.6299285400333597,-0.1601031302055551,1.1955781024276166,-2.549225365778998,-1.7607004338148822,0.6882131597654515
346,-0.7114360170954078,-0.9842428747563069,0.9287251675820438,-0.6291601904849979,-0.15982843370263494,1.1941274861641353,-2.4612325309901655,-1.7318042812427197,0.7288943631218594
347,-0.7114360170954077,0.10294919300906764,0.9287251675820438,-0.6282603445274112,-0.15954177164135008,1.1927354575436573,-2.4678095458452836,-1.7410255071427139,0.7352541939171963
348,-0.7114360170954077,0.5378260201152175,1.1743733240264456,-0.6272642527541253,-0.15924964687366255,1.1914125507249116,-2.3770340960860477,-1.7131817936617477,0.7785050225695722
349,-0.9360339836916652,0.7552644336682925,1.1743733240264456,-0.6262047513443867,-0.158958034266605,1.1901675634371394,-2.3842459526743394,-1.721269619249637,0.7844723008737573
350,-0.4868380504991502,-0.005770013767469869,1.1743733240264456,-0.6251119787750846,-0.1586722999323044,1.1890075190795926,-2.2898376394549844,-1.6943454464331797,0.8313236341514563
351,-0.37453906720102154,0.9727028472213674,0.9778547988709242,-0.6240131330134953,-0.15839713377245876,1.1879376543085682,-2.297344410464812,-1.7012930559178898,0.8369099873472857
352,-1.1606319502879228,-0.7668044612032321,0.9778547988709242,-0.6229322720089412,-0.15813649884343672,1.1869614329320604,-2.1977660930010936,-1.6750539641706763,0.8891563959063592
353,-0.2622400839028927,-0.8755236679797695,0.9778547988709242,-0.6218901605963152,-0.15789359937101174,1.1860805867040747,-2.205159806591137,-1.680833540171631,0.8943597492860834
354,-0.599137033797279,-0.005770013767469724,0.9778547988709242,-0.6209041670834925,-0.1576708677627286,1.1852951833297267,-2.09725360526146,-1.6548178049861635,0.9556358919726322
355,0.41155381588587986,0.7552644336682923,0.9778547988709242,-0.6199882128722368,-0.15746997026195442,1.1846037215522653,-2.1040290841501013,-1.6593707247050695,0.9604211143736564
356,-1.1606319502879228,1.1901412607744424,0.9778547988709242,-0.6191527784132911,-0.15729183103129293,1.1840032526080795,-1.9795682275864732,-1.632424321118509,1.0403752337066074
357,-1.048332966989794,-0.6580852544266946,0.9778547988709242,-0.6184049684424807,-0.15713667476114612,1.1834895266777887,-1.985034503612995,-1.6356292755980748,1.0446130405799066
358,0.07465686599149358,-0.005770013767469869,0.9778547988709242,-0.6177486388089123,-0.1570040874650124,1.1830571622846355,-1.8061055778099828,-1.6027367090486861,1.1932872091070763
