trial_index,pfc_mag_standardized,dms_mag_standardized,prpd_standardized,pfc_mag_filtered,dms_mag_filtered,prpd_filtered,pfc_phase,dms_phase,prpd_phase
1,-0.27825465510984615,0.682834515661406,-0.24134729189787787,-0.38229908128554774,0.3709065431628748,-0.22922382448232403,1.8461773679790265,-1.1102500564025783,1.7550732564637919
2,-0.4464533645419174,0.6828345156614057,-0.24134729189787787,-0.3740033395212575,0.38254224300198214,-0.30740829380148227,1.97620997775354,-0.7942627764664871,1.8029088023668172
3,0.730937601482581,-0.9134020144561664,-0.24134729189787787,-0.3660287108354452,0.3920592161799453,-0.3853301139731188,1.969716431210034,-0.7719742911931298,1.8504429986201356
4,-0.4464533645419174,1.880011913249585,-2.0620486557363127,-0.35838041236079743,0.399450552217257,-0.46280302574725285,2.039351960201159,-0.5636043468030036,1.8957734167269937
5,-0.4464533645419174,-1.3124611469855594,-2.0620486557363127,-0.35106251925113835,0.404719054602569,-0.5396436858238937,2.031466739157196,-0.5349522144758759,1.9401018535319117
6,-0.6146520739739886,0.682834515661406,-2.0620486557363127,-0.3440780665490498,0.4078770954650528,-0.6156727159740812,2.082699968993518,-0.36198178478116433,1.98295646760677
7,-0.6146520739739886,0.2837753831320127,-1.606873314776704,-0.33742915735672996,0.4089464223110116,-0.6907157047290223,2.073834895460286,-0.32816152286006767,2.0250091891474966
8,-0.6146520739739886,-0.5143428819267735,-1.6979083829686257,-0.3311170748901633,0.4079579213030602,-0.7646041506247219,2.1153941482509544,-0.17545051158753514,2.0659650675541137
9,-0.27825465510984615,-0.5143428819267735,-1.7585984284299068,-0.3251423960441399,0.4049513412017488,-0.8371763375977467,2.1058266561002332,-0.13705764589347197,2.1062817780700414
10,-0.4464533645419174,0.2837753831320127,-1.8019484609022502,-0.31950510432180457,0.3999749816366096,-0.9082781347830374,2.141174143272891,0.0012372728734027054,2.145726041083199
11,-0.11005594567777499,0.283775383132013,-1.8344609852565084,-0.31420470026486824,0.3930853488002643,-0.9777637144693813,2.1311333591871593,0.04380911771397409,2.184643143208879
12,-0.4464533645419174,0.682834515661406,-1.8597485041987087,-0.3092403077568971,0.3843467809722512,-1.0454961833120764,2.1620761240550643,0.1706805645263103,2.2228327410926556
13,-0.6146520739739886,-0.5143428819267735,-1.8597485041987087,-0.30461077471679354,0.3738310456146041,-1.1113481231516595,2.1517681828759128,0.21711525788346328,2.260572136704059
14,-0.6146520739739886,3.077189310837764,-1.879978519352469,-0.30031476677474145,0.36161690931592266,-1.1752020389840756,2.1794164146563078,0.33440130018026204,2.2976829422039127
15,-0.2782546551098462,-0.5143428819267735,-1.879978519352469,-0.2963508526032929,0.3477896816710718,-1.2369507127753416,2.169033735937907,0.3844136650337801,2.3343973927574564
16,0.22634147318636746,2.279071045778978,-1.879978519352469,-0.2927175797298017,0.3324407342988386,-1.296497462903024,2.1941503651905023,0.493399719505848,2.370553632322664
17,-0.6146520739739886,-0.9134020144561662,-1.879978519352469,-0.2894135398653178,0.31566699666116477,-1.3537563100294892,2.1838753161731734,0.5467174741860317,2.4063520445459723
18,-0.6146520739739886,-0.5143428819267732,-1.879978519352469,-0.28643742294860475,0.29757043107307585,-1.4086520511631033,2.2070297691708745,0.6483905377911626,2.441644142084436
19,-0.11005594567777499,0.283775383132013,-1.879978519352469,-0.2837880591611577,0.2782574899867649,-1.461120244540661,2.1970360433714644,0.7047479416628694,2.4766067065830235
20,-0.4464533645419174,-0.11528374939738024,-1.879978519352469,-0.28146444818440236,0.2578385589578973,-1.5111071087662107,2.218680725384832,0.7999170560536236,2.5111025603841375
21,-0.6146520739739886,1.081893648190799,-1.879978519352469,-0.27946577504179215,0.23642738854815068,-1.5585693403689098,2.2091336731202906,0.8590534953359429,2.545290350761953
22,-0.4464533645419174,1.081893648190799,-1.879978519352469,-0.27779141200883245,0.21414051800656006,-1.6034738545979355,2.2296453382736514,0.9484117886804289,2.57904276575032
23,-0.6146520739739886,-0.9134020144561662,-1.879978519352469,-0.27644090624985596,0.19109669327223403,-1.6457974548588907,2.220701706711682,1.0100723305076762,2.612504115664016
24,-0.6146520739739886,-0.11528374939738024,-1.879978519352469,-0.27541395305814015,0.16741628186111235,-1.685526436716833,2.2404050281167502,1.0942311991246747,2.6455558864456457
25,-0.4464533645419174,1.081893648190799,-1.6979083829686257,-0.2747103548603468,0.1432206874301618,-1.7226561328483645,2.23221224056081,1.158167795874264,2.67833078844298
26,-0.11005594567777499,0.6828345156614057,-1.6979083829686257,-0.2743299664882014,0.11863176698203787,-1.7571904057159928,2.2513934785834824,1.2376769417020839,2.7107182830340095
27,-0.4464533645419174,-0.11528374939738024,-1.6979083829686257,-0.27427262757528464,0.093771253696601,-1.7891410950468443,2.2440884693082195,1.3036496996039029,2.742841511740971
28,-0.6146520739739886,-0.9134020144561664,-1.6979083829686257,-0.27453808324382706,0.06876018844030499,-1.8185274274019667,2.2630031816796774,1.3790096239671243,2.7745972554964693
29,-0.6146520739739886,-0.9134020144561662,-1.6979083829686257,-0.2751258944704638,0.043718363217727735,-1.8453753952122447,2.2567108177307484,1.4467878807736865,2.8061006284563788
30,-0.27825465510984615,0.283775383132013,-1.6979083829686257,-0.2760353397003686,0.018763779970339792,-1.8697171126488183,2.275587799041052,1.51845817882782,2.8372551909740604
31,-0.6146520739739886,-0.11528374939738024,-1.6979083829686257,-0.27726530949691053,-0.005987872088819026,-1.8915901556195125,2.270419001888058,1.587821289392655,2.868169218577384
32,-0.11005594567777499,-0.11528374939738024,-1.6979083829686257,-0.27881419629620774,-0.03042371796473858,-1.9110368930601715,2.289461828188577,1.6562264873695747,2.898752591574806
33,-0.11005594567777499,-0.9134020144561662,-1.6979083829686257,-0.2806797816303793,-0.05443417514235407,-1.9281038165308881,2.285511585965784,1.7269642741348383,2.9291076720393003
34,-0.4464533645419174,-0.11528374939738024,-1.6979083829686257,-0.2828591234177298,-0.0779134069865264,-1.9428408749361088,2.304898736963775,1.7924981419438686,2.9591502555946736
35,0.730937601482581,-0.9134020144561662,-1.5158382465847822,-0.2853484460462795,-0.1007597499531519,-1.9553008209668246,2.302244254876959,1.864411023439473,2.9889775116928936
36,0.730937601482581,-0.11528374939738024,-1.5158382465847822,-0.28814303597089724,-0.12287611365003695,-1.965538575609132,2.322128578364772,1.9274398984494137,3.0185107816066465
37,-0.44645336454191736,1.480952780720192,-1.5158382465847822,-0.29123714535840695,-0.14417035325979385,-1.9736106167607868,2.3208278539493907,2.000338744696805,3.0478425990047864
38,-0.2782546551098462,0.2837753831320127,-1.5158382465847822,-0.29462390589541265,-0.16455561428807203,-1.9795743976228286,2.3413360066224187,2.061204179393993,3.07689950092806
39,-0.11005594567777499,-1.3124611469855594,-1.3337681102009384,-0.29829525426649517,-0.1839506497938247,-1.9834878000758793,2.341427105679714,2.134909953508373,3.105769806922209
40,-0.27825465510984615,0.6828345156614057,-1.3337681102009384,-0.30224187021524,-0.20228011005136592,-1.9854086277197938,2.362659458609178,2.193930891241292,3.1343849088947078
41,-0.2782546551098462,-0.5143428819267732,-1.3337681102009384,-0.3064531277036476,-0.21947480413959025,-1.985394142661281,2.3641606659618395,2.268274167437982,-3.120356086227017
42,-0.27825465510984615,-0.11528374939738024,-1.5158382465847822,-0.31091705949165716,-0.23547193257725468,-1.9835006494731746,2.3861919442730475,2.325748808462428,-3.092146655872661
43,-0.6146520739739886,-0.9134020144561664,-1.6979083829686257,-0.31562033536451106,-0.25021528996752035,-1.9797831290248282,2.3891027779591125,2.400569260458692,-3.0640913842920567
44,-0.2782546551098462,-0.11528374939738024,-1.5158382465847822,-0.3205482541849254,-0.2636554365952385,-1.9742949241366325,2.4119834611449624,2.4567767158344256,-3.0362501860956086
45,0.5627388920505099,0.2837753831320127,-1.5158382465847822,-0.32568474994436,-0.275749837970533,-1.9670874783100745,2.41628638123582,2.531922623059804,-3.0085458932690923
46,0.39454018261843865,-0.9134020144561664,-1.5158382465847822,-0.33101241201027964,-0.2864629714315857,-1.9582101281698145,2.4400447325085333,2.587124389168658,-2.9810345831571867
47,-0.27825465510984615,-0.9134020144561664,-1.5158382465847822,-0.3365125197023075,-0.29576639905237534,-1.9477099497087569,2.4457073177661304,2.6624521767919602,-2.953642569989991
48,-0.2782546551098462,-0.9134020144561664,-1.3337681102009384,-0.34216509104612325,-0.30363880619786443,-1.9356316579008817,2.4703518582453396,2.7168934374903104,-2.926422433307343
49,-0.6146520739739886,-0.11528374939738024,-1.5158382465847822,-0.3479489450590985,-0.3100660052218117,-1.922017558704575,2.4773292484853133,2.7922672596302758,-2.8993039476266045
50,-0.6146520739739886,-0.5143428819267732,-1.5158382465847822,-0.3538417764111636,-0.3150409041420628,-1.9069075519122511,2.5028515097249873,2.8461780141209854,-2.872336530776926
51,-0.6146520739739886,1.880011913249585,-1.5158382465847822,-0.3598202409924987,-0.3185634406033534,-1.8903391827161433,2.5110889574715376,2.92146938158075,-2.845453433650361
52,-0.11005594567777499,-0.9134020144561664,-1.5158382465847822,-0.3658600508761788,-0.32064048179786064,-1.8723477392760026,2.537466351971484,2.9750653810976955,-2.818701240033987
53,-0.4464533645419174,-1.3124611469855594,-1.5158382465847822,-0.3719360773143409,-0.32128569101261245,-1.852966393021286,2.5469017218715413,3.0501528284984105,-2.792016718327509
54,-0.6146520739739886,-0.9134020144561662,-1.6979083829686257,-0.3780224606166055,-0.3205193611123098,-1.8322263779142411,2.574100342956541,3.103636319478219,-2.7654439308167924
55,-0.4464533645419174,-0.5143428819267735,-1.6979083829686257,-0.3840927259228948,-0.3183682148824527,-1.8101572044420835,2.5846663888620656,-3.1047801575831397,-2.7389232167569344
56,-0.11005594567777499,-1.3124611469855594,-1.6979083829686257,-0.3901199039829466,-0.3148651721569522,-1.7867869037046524,2.6126435664932655,-3.0512198325367725,-2.7124964070312068
57,-0.27825465510984615,-0.5143428819267734,-1.6979083829686257,-0.39607665613576987,-0.3100490841246982,-1.7621422966409503,2.6242698655863683,-2.9768776566938735,-2.6861074653857364
58,-0.6146520739739886,0.283775383132013,-1.879978519352469,-0.4019354027518022,-0.3039644359208583,-1.736249283208692,2.6529763706590987,-2.9230635633130855,-2.659796252015488
59,-0.6146520739739886,-1.3124611469855594,-1.879978519352469,-0.4076684544188542,-0.29666101931456595,-1.709133146190641,2.6655908630207494,-2.8492493655635176,-2.633510398847416
60,-0.44645336454191736,-0.9134020144561664,-1.879978519352469,-0.4132481451253041,-0.28819357787969535,-1.680818864244294,2.694972716329659,-2.795016625752004,-2.6072880211173497
61,-0.6146520739739886,-0.9134020144561664,-1.879978519352469,-0.4186469666974929,-0.2786214274710705,-1.651331428846579,2.7085028478568196,-2.721824847450521,-2.581080444795573
62,-0.4464533645419174,1.8800119132495854,-1.879978519352469,-0.4238377038409352,-0.2680080552392245,-1.6206961599208256,2.738502730208908,-2.667020495393886,-2.5549242272695967
63,-0.6146520739739886,0.2837753831320127,-1.879978519352469,-0.4287935692962134,-0.2564207008761156,-1.588939015156955,2.7528762175972745,-2.5945384582707316,-2.528774391427537
64,-0.6146520739739886,-0.11528374939738024,-1.6979083829686257,-0.4334883387985768,-0.24392992409248343,-1.556086888322005,2.7834344897054137,-2.5390215648654513,-2.5026660839983603
65,-0.6146520739739886,-0.5143428819267732,-1.6979083829686257,-0.4378964857039527,-0.23060916217029206,-1.5221678921830795,2.7985797264150567,-2.467329213886195,-2.4765580022475744
66,1.0673350203467233,-0.11528374939738024,-1.6979083829686257,-0.4419933153161458,-0.2165342808205267,-1.487211622004766,2.829635072562216,-2.4109713294890236,-2.450483990263405
67,-0.6146520739739886,-0.9134020144561662,-1.6979083829686257,-0.4457550990844601,-0.20178312090062714,-1.4512493959123955,2.8454812022475977,-2.3401409715099444,-2.4244063712808472
68,0.22634147318636746,-0.9134020144561662,-1.6979083829686257,-0.4491592088222774,-0.18643504317548018,-1.4143144687194986,2.876970930740529,-2.282826864770082,-2.398357757405754
69,-0.4464533645419174,0.682834515661406,-1.6979083829686257,-0.45218425081756713,-0.17057047331815453,-1.3764422161169871,2.893447640571626,-2.2129228396590834,-2.372304023889793
70,-0.6146520739739886,-0.5143428819267732,-1.6979083829686257,-0.4548101992138398,-0.154270449627544,-1.3376702864405265,2.9253077126193654,-2.154551445887324,-2.346276585968865
71,-0.6146520739739886,0.6828345156614057,-1.6979083829686257,-0.4570185275262426,-0.1376161763080822,-1.2980387175912913,2.9423448413712774,-2.085629663537423,-2.3202447717272072
72,-0.6146520739739886,0.682834515661406,-1.6979083829686257,-0.45879233679661535,-0.12068858539911634,-1.257590017091657,2.9745097371401124,-2.026115190326766,-2.294238800655092
73,-0.6146520739739886,-1.3124611469855594,-1.6979083829686257,-0.46011647874785994,-0.1035679104133953,-1.2163692037135339,2.992036804218968,-1.9582225383962122,-2.2682313296785512
74,-0.6146520739739886,-0.5143428819267732,-1.6979083829686257,-0.46097767234478076,-0.0863332744726823,-1.174423809624178,3.0244393152981677,-1.8974957262690695,-2.2422513513663986
75,-0.11005594567777499,1.081893648190799,-1.879978519352469,-0.4613646123292137,-0.06906229541321612,-1.131803842554489,3.0423850271216746,-1.8306693889814993,-2.216274703640264
76,-0.6146520739739886,-0.9134020144561664,-1.6979083829686257,-0.4612680684850083,-0.05183071020681563,-1.0885617081147088,3.0749560053430254,-1.7686789018815585,-2.190329090957505
77,-0.4464533645419174,-0.11528374939738024,-1.5158382465847822,-0.4606809745320758,-0.03471202114408496,-1.0447520930743006,3.0932477406539967,-1.7029456011470523,-2.1643933625271847
78,-0.6146520739739886,0.2837753831320127,-1.3337681102009384,-0.45959850561342147,-0.017777166386349956,-1.000431811187599,3.125915797803587,-1.6396594669304407,-2.138493847081767
79,-0.6146520739739886,-0.11528374939738024,-1.1516979738170954,-0.45801814334967084,-0.0010942175977986506,-0.9556596139461131,-3.138706248365143,-1.5750346340300365,-2.112612217462365
80,-0.6146520739739886,3.476248443367157,-1.1516979738170954,-0.45593972745843564,0.015271892566876232,-0.9104959693952817,-3.1060150930313997,-1.5104416580678994,-2.0867733184713098
81,-0.6146520739739886,0.6828345156614057,-0.9696278374332516,-0.4533654930200128,0.03125961041369673,-0.8650028127966776,-3.087257266645095,-1.4469286041225864,-2.0609614473799778
82,-0.6146520739739886,-0.5143428819267735,-0.7875577010494084,-0.450300092620473,0.04681096637830451,-0.8192432734206166,-3.0546199861375123,-1.3810397233458485,-2.0351998441548327
83,-0.6146520739739886,0.283775383132013,-0.6054875646655649,-0.4467506027972146,0.061871744253038104,-0.77328138213158,-3.0357476429068653,-1.3186289566937242,-2.009475227601234
84,-0.6146520739739886,0.6828345156614057,-0.42341742828172135,-0.4427265144286958,0.07639161466882477,-0.7271817646915728,-3.0032446518871074,-1.2514785401669644,-1.9838091077333737
85,-0.6146520739739886,-0.5143428819267735,-0.24134729189787787,-0.4382397069361316,0.09032423413598761,-0.6810093258418373,-2.984341607598132,-1.1901474050008818,-1.958190426246207
86,-0.11005594567777499,0.6828345156614057,-0.05927715551403439,-0.43330440639331363,0.10362731154684324,-0.6348289292053526,-2.9520572740800834,-1.1217944401571691,-1.9326388420029923
87,-0.6146520739739886,-0.9134020144561662,-0.05927715551403439,-0.42793712785557797,0.11626264429167124,-0.5887050778637768,-2.933211864349212,-1.061507145342695,-1.9071453324680188
88,-0.6146520739739886,-0.5143428819267735,-0.05927715551403439,-0.4221566023872128,0.12819612623798968,-0.5427016001040202,-2.9012350975571604,-0.9920361057857067,-1.8817275949276118
89,-0.11005594567777499,1.081893648190799,-0.24134729189787787,-0.4159836893655174,0.13939772977799283,-0.49688134432780573,-2.8825410188311182,-0.9327441129968044,-1.85637847234706
90,-0.4464533645419174,-0.11528374939738024,-0.05927715551403439,-0.4094412746897742,0.14984146391413353,-0.45130588653040216,-2.8509659347030816,-0.8622652455640146,-1.8311136048720322
91,-0.11005594567777499,-0.9134020144561664,-0.05927715551403439,-0.4025541555562742,0.15950531001110252,-0.4060352531598427,-2.832523167892644,-0.8039079642596089,-1.8059275495557925
92,-0.11005594567777499,-0.9134020144561664,-0.05927715551403439,-0.39534891246294374,0.1683711365486616,-0.36112766162510057,-2.8014498070439884,-0.7325567444945839,-1.780833809229048
93,-0.6146520739739886,2.6781301783083715,-0.05927715551403439,-0.3878537690389362,0.17642459396283072,-0.3166392802437655,-2.783365585480722,-0.6750624872416655,-1.7558285212669338
94,-0.4464533645419174,3.077189310837764,-0.05927715551403439,-0.3800984401519253,0.18365499034891525,-0.2726240089876942,-2.7529006224083616,-0.6029980512298789,-1.7309229843985359
95,-0.6146520739739886,-1.3124611469855594,-0.05927715551403439,-0.37211396858457285,0.19005514859009184,-0.2291332819863382,-2.7352903616437736,-0.5462852311853253,-1.7061147972932535
96,-0.4464533645419174,1.081893648190799,-0.05927715551403439,-0.36393255047776135,0.19562124584267387,-0.18621589238899022,-2.705547694536843,-0.47368770112903025,-1.6814129980625605
97,-0.4464533645419174,-0.11528374939738024,-0.05927715551403439,-0.3555873497674034,0.20035263737790662,-0.14391783988065757,-2.688535745774505,-0.4176663242578769,-1.6568165387431264
98,-0.6146520739739886,-0.5143428819267735,-0.05927715551403439,-0.3471123019787476,0.20425166800760203,-0.10228220089666834,-2.659636806763546,-0.34473313954417134,-1.6323321469553853
99,-0.6146520739739886,0.682834515661406,-0.05927715551403439,-0.33854190793117894,0.2073234750947572,-0.06134902138868253,-2.643356851050178,-0.2893067456782361,-1.6079600274022101
100,-0.6146520739739886,-0.11528374939738024,0.12279298086980908,-0.3299110181149623,0.2095757873628732,-0.021155231857841884,-2.615430444813131,-0.2162482578640906,-1.5837045504043648
101,-0.6146520739739886,-0.5143428819267732,0.12279298086980908,-0.3212546087406563,0.21101872360808083,0.018265415718024668,-2.600025310833495,-0.16131639671373096,-1.5595670763949403
102,-0.6146520739739886,-0.9134020144561662,0.12279298086980908,-0.31260755075468477,0.2116645951926444,0.05688238949650305,-2.573206758387119,-0.08835095665122586,-1.5355495718119505
103,0.05814276375429618,0.2837753831320127,0.12279298086980908,-0.30400437345746056,0.2115277158908624,0.09466839841424035,-2.558827403099567,-0.03381212143909841,-1.5116544572391422
104,-0.6146520739739886,-0.11528374939738024,0.12279298086980908,-0.29547902471381143,0.21062422218577767,0.1315993924259133,-2.5332567309290885,0.03883913255737589,-1.4878812472147414
105,-0.6146520739739886,-0.5143428819267735,0.12279298086980908,-0.2870646300479008,0.20897190645594213,0.16765454297441418,-2.5200600762222956,0.09308427502949031,-1.4642333269806267
106,-0.2782546551098462,-0.5143428819267732,0.12279298086980908,-0.27879325313089737,0.20659006477604644,0.20281620437568731,-2.4958789600551574,0.16520269429340353,-1.440707708951412
107,-0.27825465510984615,-0.9134020144561664,0.3048631172536525,-0.27069566033472764,0.20349936039739996,0.23706985680791015,-2.484024234809689,0.21924798638734083,-1.4173086470503096
108,-0.11005594567777499,0.2837753831320127,0.3048631172536525,-0.2628010922006365,0.1997217033155327,0.2704040315608221,-2.4613713827236503,0.29062251180996124,-1.3940305990254878
109,0.5627388920505099,0.6828345156614057,0.3048631172536525,-0.2551370448473294,0.19528014556483964,0.3028102191458896,-2.451014586758009,0.34455312849276565,-1.3708785913930537
110,-0.11005594567777499,-0.5143428819267735,0.3048631172536525,-0.2477290644300521,0.19019879105849746,0.3342827608190439,-2.4300192564717946,0.41498497778157584,-1.347844473587196
111,0.22634147318636746,1.081893648190799,0.486933253637496,-0.24060055766719626,0.1845027181240034,0.3648187240401674,-2.4213053882374562,0.4688746211449699,-1.3249339506346625
112,0.39454018261843865,-0.5143428819267735,0.486933253637496,-0.23377262114955452,0.17821791251923066,0.3944177623819902,-2.4020788209821005,0.5381813778544617,-1.3021362120337545
113,-0.6146520739739886,-0.9134020144561662,0.486933253637496,-0.22726389169509792,0.171371208600452,0.4230819603993193,-2.395131621196285,0.5920900542081629,-1.2794575533415564
114,-0.6146520739739886,-0.5143428819267735,0.6690033900213395,-0.22109041951254327,0.16399023626238687,0.45081566398721007,-2.377756345566507,0.6601090111830399,-1.256884459545605
115,2.749322114667436,1.480952780720192,0.8510735264051829,-0.2152655654951529,0.15610337107047084,0.4776252968090713,-2.372665528128509,0.7140815190222526,-1.2344237408737495
116,-0.11005594567777499,2.6781301783083706,0.8510735264051829,-0.20979992361117336,0.14773968458004,0.5035191634752332,-2.3571827926154665,0.7806721682071848,-1.2120591471617126
117,-0.2782546551098462,1.081893648190799,0.6690033900213395,-0.20470126893559434,0.13892889144316023,0.5285072403182179,-2.353989160054825,0.83473738128114,-1.1897979473833393
118,-0.11005594567777499,0.6828345156614057,0.6690033900213395,-0.1999745311594196,0.1297012900570718,0.5526009548580955,-2.3403852769017024,0.8997830794629528,-1.1676211477866403
119,-0.6146520739739886,0.2837753831320127,0.6690033900213395,-0.19562179248091555,0.12008769448629841,0.5758129553558212,-2.33906479591439,0.9539541353074632,-1.1455364486527202
120,-0.4464533645419174,0.283775383132013,0.6690033900213395,-0.19164230800404095,0.11011935688422009,0.5981568721490864,-2.3272578560551684,1.0173630820449586,-1.1235221342795516
121,-0.11005594567777499,-0.9134020144561662,0.6690033900213395,-0.18803254641696032,0.09982788103852808,0.6196470726971134,-2.3277065669395514,1.0716384664568268,-1.1015863442580653
122,-0.6146520739739886,-0.5143428819267732,0.6690033900213395,-0.1847862487484375,0.08924512856690203,0.6402984124170121,-2.3175356655955657,1.133344018131567,-1.0797046978502616
123,-0.6146520739739886,1.081893648190799,0.6690033900213395,-0.1818945032121226,0.07840311962727384,0.6601259834946532,-2.3195581184292715,1.1877092869091963,-1.0578858213232571
124,-0.6146520739739886,0.682834515661406,0.6690033900213395,-0.1793458344241419,0.06733392990268383,0.6791448639164388,-2.310777829175965,1.2476695257699284,-1.0361027633078421
125,0.8991363109146523,-0.11528374939738024,0.6690033900213395,-0.1771263055941449,0.056069585341129415,0.6973698690025395,-2.3140823665033508,1.3020993440672546,-1.0143647248107475
126,-0.6146520739739886,0.682834515661406,0.6690033900213395,-0.1752196326349357,0.04464195601895965,0.7148153077291514,-2.3063653475884878,1.360295924074098,-0.9926423155686037
127,-0.6146520739739886,-1.3124611469855594,0.6690033900213395,-0.17360730942148037,0.03308265070649339,0.7314947461081968,-2.310569417703144,1.4147562317922673,-0.9709454392679298
128,-0.6146520739739886,-1.3124611469855594,0.8510735264051829,-0.1722687435591473,0.021422914066391324,0.7474207798496509,-2.303519218423273,1.471192660751946,-0.9492424335386583
129,-0.27825465510984615,-0.9134020144561662,0.8510735264051829,-0.1711814020613792,0.009693528564474994,0.7626048184719119,-2.308166534248134,1.5256428427100561,-0.9275440698067263
130,0.5627388920505096,1.480952780720192,0.6690033900213395,-0.1703209664732647,-0.0020752771411816154,0.7770568829681698,-2.3013407210950856,1.5803423380411972,-0.9058166113389408
131,1.2355337297787945,-0.9134020144561662,0.6690033900213395,-0.16966149724733603,-0.013853912333529032,0.7907854191022253,-2.3059295148811345,1.6347372266941858,-0.8840718951914891
132,-0.6146520739739886,-0.5143428819267735,0.6690033900213395,-0.1691756073691467,-0.0256135007752942,0.8037971283910392,-2.2988706002441197,1.687740215765282,-0.8622743333879124
133,-0.27825465510984626,0.283775383132013,0.6690033900213395,-0.16883464509168136,-0.03732595015308281,0.816096818795133,-2.3028892510713694,1.7420317933481357,-0.8404370534848458
134,-0.11005594567777499,2.279071045778978,0.6690033900213395,-0.1686088851665251,-0.04896401521822991,0.8276872770434528,-2.2951585842334254,1.7933932066502025,-0.8185228571762257
135,0.5627388920505099,-0.5143428819267735,0.6690033900213395,-0.1684677274306951,-0.06050135551951822,0.8385691643617923,-2.2981226656328912,1.8475320392112724,-0.7965464062672551
136,-0.11005594567777499,-1.3124611469855594,0.6690033900213395,-0.16837990127166497,-0.07191258849779467,0.8487409371739415,-2.2893313718210773,1.8973186472162888,-0.7744691410128218
137,-0.6146520739739886,1.880011913249585,0.6690033900213395,-0.16831367432065977,-0.08317333825814935,0.8581987941211351,-2.2908156224912704,1.9512551865699044,-0.7523075104161214
138,-0.6146520739739886,-0.9134020144561668,0.8510735264051829,-0.1682370635530509,-0.09426027974872775,0.866936650506508,-2.2806474209903738,1.999543230814543,-0.7300218395716709
139,-0.6146520739739886,0.6828345156614057,0.8510735264051829,-0.16811804680365805,-0.1051511776622541,0.8749461410255832,-2.2803076713528347,2.053229119192534,-0.7076306173887963
140,-0.4464533645419174,0.283775383132013,0.8510735264051829,-0.1679247726982,-0.11582491913711149,0.8822166514109481,-2.2685307451882015,2.1001023970313444,-0.6850932878672406
141,0.39454018261843865,-0.9134020144561662,0.6690033900213395,-0.16762576725425726,-0.12626153907465024,0.8887353794254621,-2.26611372827936,2.1534918298661845,-0.6624306246942124
142,-0.11005594567777499,-0.5143428819267735,0.6690033900213395,-0.167190135814755,-0.13644223656541685,0.894487425491061,-2.2525816680590034,2.199040274943003,-0.6396014053395563
143,-0.6146520739739886,-0.9134020144561662,0.6690033900213395,-0.1665877593375289,-0.1463493806689851,0.8994559131086344,-2.2479236288528828,2.2520914133428134,-0.6166289203494726
144,-0.2782546551098462,-0.11528374939738024,0.6690033900213395,-0.16578948423860332,-0.1559665037885414,0.9036221390570981,-2.232567752185971,2.2964101342718437,-0.5934714706125802
145,-0.6146520739739886,-1.3124611469855594,0.6690033900213395,-0.16476730501863066,-0.16527828119444957,0.906965753125833,-2.2255848123835307,2.3490864961182667,-0.5701550795256449
146,0.22634147318636746,-0.9134020144561662,0.6690033900213395,-0.16349453895598995,-0.1742704958051174,0.9094649668416879,-2.20840121649177,2.3922751355275986,-0.5466377324768071
147,0.22634147318636746,-0.9134020144561662,0.6690033900213395,-0.1619459923208009,-0.18292998800997734,0.9110967903260339,-2.199075101095945,2.4445468105128656,-0.5229483832739348
148,-0.11005594567777499,-0.5143428819267735,0.6690033900213395,-0.16009811777486468,-0.19124459108992864,0.911837296078714,-2.180109669728422,2.4867090129414224,-0.4990448308735176
149,-0.6146520739739886,0.2837753831320127,0.6690033900213395,-0.15792916272226534,-0.1992030536617257,0.911661908141772,-2.1684719810434023,2.5385535218842694,-0.4749591383191098
150,-0.4464533645419174,-0.5143428819267735,0.6690033900213395,-0.15541930831422393,-0.20679495144648205,0.9105457147486253,-2.1478057854458164,2.5797963048382297,-0.45064901434462484
151,-0.11005594567777499,1.480952780720192,0.8510735264051829,-0.1525507987086248,-0.2140105913442155,0.9084638022159585,-2.133923095386791,2.631198968186169,-0.4261497941001887
152,0.39454018261843865,1.081893648190799,0.8510735264051829,-0.14930806020065912,-0.22084091111636148,0.9053916074937526,-2.1116596584521825,2.671631868461398,-0.4014191615780763
153,-0.4464533645419174,-1.3124611469855594,0.8510735264051829,-0.145677809992243,-0.2272773778466225,0.9013052864734991,-2.0956206842373386,2.722585666249873,-0.37649587757977965
154,0.05814276375429618,-0.11528374939738024,0.8510735264051829,-0.14164915451375962,-0.23331188778224216,0.8961820948931818,-2.071875724810188,2.7623196826360488,-0.35133764203539997
155,-0.4464533645419174,-0.9134020144561662,0.8510735264051829,-0.13721367723597358,-0.23893666937486824,0.8900007784844524,-2.053781064516312,2.812824740420054,-0.3259867973326197
156,1.0673350203467233,0.283775383132013,0.8510735264051829,-0.13236551584083744,-0.24414419074111754,0.882741968870757,-2.0286747834038503,2.851971213742495,-0.3004010860620353
157,-0.6146520739739886,-1.3124611469855594,1.0331436627890263,-0.12710142853395334,-0.24892707260269914,0.8743885816210586,-2.0086291910710266,2.9020340940983003,-0.27462660839668623
158,-0.11005594567777499,0.283775383132013,1.0331436627890263,-0.12142084916794973,-0.25327800795064465,0.8649262127814333,-1.9822808393791882,2.940703621385107,-0.24862117852950052
159,0.22634147318636746,-0.5143428819267735,1.0331436627890263,-0.11532593065709147,-0.25718968997243574,0.854343530159756,-1.9603877263613025,2.9903364823272263,-0.22243487558896965
160,-0.6146520739739886,-1.3124611469855594,1.0331436627890263,-0.1088215759428349,-0.26065475006206246,0.8426326556536257,-1.932912033661249,3.02863782394102,-0.19602563901190012
161,-0.6146520739739886,1.880011913249585,1.0331436627890263,-0.1019154556229468,-0.26366570798748656,0.8297895350031562,-1.9092697446712823,3.0778573962304745,-0.16944782715639659
162,-0.6146520739739886,2.279071045778978,0.8510735264051829,-0.09461801134430493,-0.26621493648946915,0.8158142915056761,-1.8807747334514784,3.1158962870293387,-0.14265961514614678
163,1.0673350203467233,-1.3124611469855594,0.8510735264051829,-0.0869424442046098,-0.26829464256464886,0.800711560417464,-1.8554741138451825,-3.118462681564111,-0.11572006826629101
164,-0.44645336454191736,-0.5143428819267735,0.8510735264051829,-0.0789046876950697,-0.2698968671738948,0.784490800952428,-1.8260598581624732,-3.080584853147268,-0.08858781088325195
165,-0.44645336454191736,-0.11528374939738024,0.8510735264051829,-0.0705233650137595,-0.271013504106702,0.7671665829378339,-1.7991826894539997,-3.0321298007900004,-0.06132723911275349
166,-0.27825465510984615,-0.9134020144561662,0.8510735264051829,-0.06181973072400725,-0.27163633770238327,0.7487588452902537,-1.7689406802956524,-2.9943173562278753,-0.03389781072857279
167,-0.27825465510984615,-0.11528374939738024,0.8510735264051829,-0.05281759674335243,-0.27175709859256497,0.7292931235454073,-1.7405586761866447,-2.9462111995061386,-0.006370173558159299
168,-0.2782546551098462,0.6828345156614057,0.8510735264051829,-0.04354324271100514,-0.27136753661636526,0.7088007437412098,-1.709571565571011,-2.9083754114619023,0.021294722730398695
169,-0.6146520739739886,1.480952780720192,0.8510735264051829,-0.03402531100213014,-0.270459510233797,0.6873189800342426,-1.679745701682408,-2.860596639907427,0.04901860377115219
170,-0.4464533645419174,-0.11528374939738024,0.8510735264051829,-0.024294686990271964,-0.26902509177011086,0.664891173534041,-1.6480872506296271,-2.8226567872469093,0.07683792399920317
171,1.9083285675070796,-0.5143428819267735,0.8510735264051829,-0.014384365538633332,-0.26705668742459343,0.641566809969345,-1.6168672456607684,-2.7751859447209717,0.10466469363075885
172,-0.2782546551098462,-0.11528374939738024,0.8510735264051829,-0.004329305063081812,-0.26454717017038853,0.6174015539571264,-1.5846023564158076,-2.7370701846282572,0.132530922762484
173,0.5627388920505099,-0.9134020144561662,0.8510735264051829,0.005833729303238425,-0.261490022769738,0.5924572378300993,-1.5520261974267782,-2.6898908580501133,0.16033564995457164
174,1.0673350203467233,-0.11528374939738024,1.0331436627890263,0.01606633207896735,-0.25787948751599477,0.5668018031936946,-1.519210995858291,-2.651536840043134,0.1881033013070653
175,-0.4464533645419174,-1.3124611469855594,1.0331436627890263,0.02632863247664459,-0.253710719128003,0.5405091936368694,-1.4853044799281832,-2.6046363436777735,0.21571469023673023
176,-0.4464533645419174,-0.11528374939738024,1.0331436627890263,0.036579477902104765,-0.2489799373621013,0.5136591973324501,-1.451986462351798,-2.5659914539485555,0.24318117785337776
177,-0.6146520739739886,0.682834515661406,1.0331436627890263,0.04677662627068663,-0.2436845762312375,0.486337238659183,-1.4167627222102026,-2.519361128914973,0.27035649657363225
178,-0.4464533645419174,-1.3124611469855594,1.0331436627890263,0.056876947826475656,-0.23782342710917584,0.45863411847334984,-1.3829809167839922,-2.480382347117696,0.2972289869194856
179,-0.2782546551098462,-1.3124611469855594,0.8510735264051829,0.06683663709133061,-0.23139677331584713,0.43064570323945917,-1.346439785985236,-2.4340175071496386,0.32360953385350255
180,-0.6146520739739886,0.283775383132013,0.8510735264051829,0.0766114351386739,-0.2244065139831473,0.4024725638651312,-1.3122247563657057,-2.394670949305504,0.3494443979506467
181,1.403732439210866,-0.9134020144561662,0.8510735264051829,0.08615686175770092,-0.21685627523738785,0.3742195657380191,-1.2743517211331816,-2.3485705576674785,0.37447159053326473
182,-0.6146520739739886,0.6828345156614057,0.8510735264051829,0.09542845645618145,-0.20875150715154708,0.34599541210018514,-1.2397251852341107,-2.3088307950631397,0.3985562474251931
183,-0.4464533645419174,-0.11528374939738024,0.8510735264051829,0.10438202680800535,-0.20009956541358018,0.31791214350410874,-1.200489659581414,-2.2629969543495427,0.42130132412864274
184,0.39454018261843865,-1.3124611469855594,0.6690033900213394,0.11297390244324877,-0.19090977698701128,0.2900845966868468,-1.1654635375027742,-2.2228461945725093,0.4424035163683392
185,1.571931148642937,0.283775383132013,0.48693325363749596,0.12116119290120198,-0.18119348912552274,0.2626298267936192,-1.1248162375121196,-2.1772835354395976,0.4611874488918575
186,-0.2782546551098462,-0.9134020144561662,0.3048631172536524,0.12890204749980325,-0.17096410109272403,0.23566649747172386,-1.0893909736745255,-2.1367107493857596,0.4769621200509439
187,-0.6146520739739886,-0.9134020144561664,0.12279298086980898,0.1361559153869985,-0.1602370780376016,0.20931424389413555,-1.0472601366180603,-2.0914257798688003,0.48839398876248696
188,0.730937601482581,-0.5143428819267735,0.12279298086980898,0.14288380414790489,-0.14902994677014528,0.1836930141954251,-1.0114220798512938,-2.0504258106621283,0.4937596105262749
189,-0.4464533645419174,-0.9134020144561662,-0.05927715551403444,0.1490485356249045,-0.1373622736443344,0.15892239506438993,-0.9677081452094038,-2.005426239508124,0.4898477332192007
190,-0.4464533645419174,1.081893648190799,-0.24134729189787787,0.15461499772006662,-0.1252556253487415,0.13512092732987402,-0.9314256178021001,-1.9639989039034211,0.47153491601746594
191,-0.6146520739739886,-0.11528374939738024,-0.24134729189787787,0.15955039082032343,-0.11273351404705845,0.1124054173175311,-0.8859937396424609,-1.9192929626757311,0.42861047165250066
192,0.730937601482581,2.279071045778978,-0.24134729189787787,0.163824467182879,-0.0998213288014391,0.09089024956444372,-0.8492111297895205,-1.8774421975431415,0.34074894655363586
193,-0.6146520739739886,-1.3124611469855594,-0.24134729189787787,0.167409761176744,-0.08654625530509213,0.07068670616753706,-0.8018804701023574,-1.8330380445853962,0.161549322667936
194,1.0673350203467233,-0.9134020144561662,-0.05927715551403424,0.170281807757375,-0.07293718555119699,0.051902297636496314,-0.7645092211810993,-1.7907712037959058,-0.202333938017594
195,-0.6146520739739886,1.8800119132495854,0.12279298086980919,0.17241934610385243,-0.0590246183766101,0.03464010967527215,-0.7150373743873403,-1.7466765136680764,-0.7794586836377301
196,1.571931148642937,-1.3124611469855594,0.12279298086980919,0.17380450508600567,-0.04484055123539972,0.018998169897803924,-0.6769420721333932,-1.7040038886121118,-1.259778857763853
197,-0.4464533645419173,0.2837753831320127,-0.05927715551403444,0.17442296715674666,-0.030418363292844506,0.005068838160855467,-0.6250020806359798,-1.6602256451925899,-1.511373866499746
198,0.5627388920505099,0.2837753831320127,0.12279298086980898,0.17426410734635656,-0.015792689858385247,-0.007061775990837092,-0.5859787399296368,-1.617160170832139,-1.633548747738335
199,1.9083285675070796,-1.3124611469855594,-0.05927715551403444,0.17332110424127967,-0.0009992881241957822,-0.01731436533872411,-0.5311246868357965,-1.573704586628588,-1.6933384598932
200,-0.6146520739739886,-0.11528374939738024,-0.05927715551403444,0.1715910201368881,0.013925105834593221,-0.025616943036948427,-0.49086634911575394,-1.530261639666669,-1.7206701085677765
201,-0.27825465510984615,-0.11528374939738024,-0.24134729189787787,0.16907484796528777,0.02894292870853024,-0.03190532325399383,-0.4324809352132605,-1.4871341074983702,-1.7294006885841908
202,6.786091141037144,-0.9134020144561662,-0.24134729189787787,0.16577752312174743,0.044015949834806924,-0.03612356098454256,-0.3905219758853075,-1.443331304756184,-1.7266406513689025
203,0.8991363109146523,0.6828345156614057,-0.24134729189787787,0.16170789898495946,0.05910543840598977,-0.03822434767006787,-0.32773497232536575,-1.400536295543883,-1.7162879582518742
204,-0.6146520739739886,-0.5143428819267735,-0.24134729189787787,0.15687868601704674,0.07417233655945951,-0.03816935940542133,-0.2833585341311284,-1.3563932153641327,-1.7007031105427177
205,-0.6146520739739886,-0.9134020144561662,-0.24134729189787787,0.15130635616691468,0.08917743641009013,-0.0359295547243854,-0.21491719691479994,-1.313934066852369,-1.681337924550099
206,-0.6146520739739886,0.2837753831320127,-0.24134729189787787,0.14501101656628249,0.10408155867493118,-0.03148541922635499,-0.16699687923156742,-1.2694718657204411,-1.659179289970831
207,-0.6146520739739886,3.87530757589655,-0.24134729189787787,0.13801625820980404,0.11884573015637057,-0.024827154599935265,-0.0910564042235307,-1.2273504693718285,-1.6348820822252845
208,-0.6146520739739886,-0.11528374939738024,-0.22111727674411735,0.13034898579722526,0.1334313570528228,-0.015954809900361695,-0.03777796550301746,-1.1825914330635041,-1.6089274214278235
209,-0.6146520739739886,3.077189310837764,-0.19582975780191697,0.12203923441838196,0.14780039117149424,-0.004878353241714407,0.0484388552795138,-1.1408078957845054,-1.581655154328006
210,-0.6146520739739886,-1.3124611469855594,-0.1633172334476591,0.11311997784922989,0.16191548697718283,0.00838231762929239,0.11007540540141349,-1.0957750389695198,-1.553325673813814
211,-0.11005594567777499,-1.3124611469855594,-0.4234174282817213,0.10362693223372565,0.17574014891992526,0.023797427106057922,0.2108105385056713,-1.0543274693587215,-1.5241363974962963
212,-0.6146520739739886,-0.5143428819267735,-0.4234174282817213,0.09359835795343331,0.18923887001299497,0.0413274367612633,0.2858644362057261,-1.0090443419728659,-1.4942385603722528
213,0.39454018261843865,-0.5143428819267735,-0.4234174282817213,0.0830748615817526,0.20237726347580234,0.0609232242364082,0.4075139359194864,-0.96792888123418,-1.4637586902531698
214,-0.6146520739739886,1.4809527807201917,-0.4234174282817213,0.07209919903533547,0.21512218912470815,0.08252632615932148,0.5044268600190572,-0.922419614555609,-1.4327885901182476
215,-0.4464533645419174,-1.3124611469855594,-0.4234174282817213,0.0607160804043247,0.22744187539265426,0.10606924476090125,0.6556914082350189,-0.8816306345044191,-1.4014169409286463
216,0.39454018261843865,0.6828345156614057,-0.4234174282817213,0.04897197644545871,0.2393060369873968,0.13147581726392177,0.7870468680601727,-0.8359200632984977,-1.3697005996105345
217,-0.2782546551098462,-0.5143428819267732,-0.4234174282817213,0.03691492629363558,0.2506859876236592,0.15866164645663888,0.9752467178790625,-0.7954503331654672,-1.3377069693590597
218,-0.4464533645419174,-0.5143428819267735,-0.4234174282817213,0.024594345549893606,0.2615547469174665,0.18753459016494312,1.1523131771616033,-0.7495640151545571,-1.3054710043291509
219,1.9083285675070796,0.2837753831320127,-0.4234174282817213,0.012060833568612752,0.2718871401758978,0.217995306605607,1.3691610530911436,-0.7094047043056686,-1.273047676619979
220,1.2355337297787945,2.279071045778978,-0.4234174282817213,-0.0006340214328206042,0.2816598893484652,0.24993785183864098,1.5816999491180253,-0.6633687459121701,-1.2404574362542455
221,1.0673350203467233,0.6828345156614057,-0.4234174282817213,-0.013437840752491744,0.2908516929366667,0.28325032473657935,1.790584351783777,-0.6235091998053763,-1.2077477743008656
222,-0.4464533645419174,-0.5143428819267732,-0.4234174282817213,-0.02629765786392102,0.2994432924574556,0.31781555405045914,1.9992714181550806,-0.5773498442480871,-1.1749290489411721
223,-0.2782546551098462,-0.11528374939738024,-0.4234174282817213,-0.03916012515885297,0.307417523322071,0.3535118212742402,2.1658549327988696,-0.5377771166973394,-1.1420441301439113
224,-0.11005594567777499,-0.11528374939738024,-0.24134729189787787,-0.05197172343585921,0.3147593485379301,0.39021361209044353,2.3414290827073954,-0.49152011114423366,-1.1090960202905875
225,-0.6146520739739886,3.077189310837764,1.5793540719405568,-0.06467897197553286,0.3214558740133866,0.4277923882339756,2.4637127890881514,-0.45221830478062003,-1.0761246487986151
226,-0.6146520739739886,1.480952780720192,1.3972839355567135,-0.07722863674617717,0.3274963442736129,0.46611737072011705,2.604188947693806,-0.40588811297613375,-1.0431274112683204
227,-0.27825465510984615,0.283775383132013,1.3972839355567135,-0.08956793440771421,0.3328721174569256,0.5050563247518773,2.6952918729175432,-0.3668375919337232,-1.0101422876530852
228,-0.44645336454191736,0.682834515661406,1.3972839355567135,-0.10164473014021054,0.33757661904161274,0.5444763365065065,2.8090730941073945,-0.3204565077216144,-0.9771622178223919
229,-0.6146520739739886,-0.11528374939738024,1.3972839355567135,-0.11340772779687226,0.34160527485457953,0.5842445724914954,2.880701475833077,-0.28163305163173885,-0.9442238169902705
230,-0.4464533645419174,1.480952780720192,1.3972839355567135,-0.12480665139371398,0.34495542504953125,0.624229013085542,2.9758283435938644,-0.23522031412428274,-0.9113163560860809
231,1.0673350203467233,-0.5143428819267735,1.3972839355567135,-0.13579241744601486,0.3476262214983547,0.6642991529712011,3.035470950909114,-0.1965943493958518,-0.878475433075897
232,-0.6146520739739886,0.283775383132013,1.3972839355567135,-0.14631729809792665,0.34961851141161293,0.7043266622550727,3.1176083107315797,-0.15016540080140361,-0.8456872127307937
233,-0.27825465510984615,1.081893648190799,1.3972839355567135,-0.15633507527666948,0.3509347101863792,0.7441860031102323,-3.1134571577205183,-0.11170142773615392,-0.8129864836612892
234,-0.11005594567777499,0.6828345156614057,1.3972839355567135,-0.16580118616275372,0.3515786665734201,0.7837549977610585,-3.0405710891814235,-0.0652673907968737,-0.7803567250603102
235,-0.6146520739739886,-0.11528374939738024,1.3972839355567135,-0.17467286018096762,0.3515555233070271,0.8229153445635028,-2.993303775497778,-0.026923650132894307,-0.7478320397663546
236,-0.6146520739739886,-0.5143428819267735,1.3972839355567135,-0.18290924766912944,0.3508715764386955,0.8615530798142167,-2.927201685163579,0.019508952930571602,-0.7153935481998589
237,-0.11005594567777499,-0.5143428819267735,1.3972839355567135,-0.19047154048157638,0.34953413675715167,0.899558983750018,-2.88314581632982,0.05778055745524161,-0.6830747387626138
238,-0.11005594567777499,0.6828345156614057,1.3972839355567135,-0.19732308501807538,0.3475513966638024,0.9368289299753284,-2.8221647195178843,0.10420982920942944,-0.6508546359581685
239,-0.6146520739739886,0.283775383132013,1.3972839355567135,-0.20342948846702633,0.3449323055269122,0.9732641782799679,-2.780278546148082,0.14246353765080483,-0.6187661520988019
240,-0.11005594567777499,-0.9134020144561662,1.2152137991728698,-0.20875871932798426,0.34168645594879354,1.0087716114828067,-2.723267249620146,0.18889197309425843,-0.5867864338208473
241,3.2539182429636493,-0.11528374939738024,1.2152137991728698,-0.2132812034617629,0.3378239827930249,1.0432639175525105,-2.6828681576031155,0.2271877293932565,-0.5549478346159098
242,-0.27825465510984615,-0.11528374939738024,1.2152137991728698,-0.21696991691769768,0.33335547631815166,1.076659718797223,-2.6290080546073127,0.27362178046839475,-0.5232258090679243
243,-0.6146520739739886,2.279071045778978,1.2152137991728698,-0.21980047640999512,0.3282919102302764,1.1088836503553876,-2.5896356945313164,0.3120246177360047,-0.4916521552373696
244,-0.6146520739739886,1.081893648190799,1.2152137991728698,-0.2217512274271937,0.3226445848838062,1.1398663905481203,-2.538330027640098,0.3584741356988475,-0.46020079724346075
245,-0.4464533645419174,0.283775383132013,1.2152137991728698,-0.22280332884356624,0.3164250855072424,1.1695446458840608,-2.4996661029212293,0.3970534655067403,-0.4289029711832596
246,-0.6146520739739886,-0.5143428819267735,1.3972839355567135,-0.22294083212285076,0.3096452555116424,1.1978610936689975,-2.4504700888700284,0.4435310911663743,-0.3977312132049437
247,-0.6146520739739886,-1.3124611469855594,1.3972839355567135,-0.22215075304084236,0.30231718555557574,1.2247642852916283,-2.4122898221689297,0.48235993738048627,-0.366716183519107
248,-0.6146520739739886,-0.9134020144561662,1.3972839355567135,-0.22042313412713366,0.2944532195737288,1.2502085133604517,-2.364865358067826,0.5288804335010384,-0.3358291580083164
249,-0.6146520739739886,0.283775383132013,1.3972839355567135,-0.21775109646298138,0.28606597891258806,1.2741536459838594,-2.3270071169873736,0.5680345480836597,-0.305100202572032
250,-0.6146520739739886,0.2837753831320127,1.3972839355567135,-0.21413087995290664,0.27716840494784584,1.296564931630893,-2.2810925907336213,0.6146139848569804,-0.27449945069465936
251,-0.4464533645419174,-0.11528374939738024,1.3972839355567135,-0.20956187169439353,0.26777381941536077,1.3174127781725926,-2.2434382754088937,0.6541707700145355,-0.24405635513321305
252,0.39454018261843865,1.081893648190799,1.3972839355567135,-0.20404662258514697,0.2578960006494027,1.3366725098591088,-2.1988279402600304,0.700825552789113,-0.21374002084729404
253,-0.11005594567777499,0.682834515661406,1.3972839355567135,-0.19759085277583244,0.24754927327848336,1.3543241061190034,-2.161289992968889,0.7408628512688646,-0.18357927306950972
254,0.39454018261843865,-0.5143428819267735,1.3972839355567135,-0.19020344689898278,0.23674860869740938,1.3703519261699053,-2.117819598787221,0.787608712193639,-0.1535423040737659
255,-0.6146520739739886,0.283775383132013,1.3972839355567135,-0.1818964400879449,0.2255097336979987,1.3847444235050197,-2.080332250774877,0.8282036020353709,-0.12365730642898645
256,0.39454018261843865,-0.5143428819267735,1.3972839355567135,-0.1726849956480523,0.213849244826423,1.3974938543699986,-2.037868901664762,0.8750546745419678,-0.09389168306768805
257,-0.6146520739739886,1.081893648190799,1.2152137991728698,-0.16258737497794315,0.20178472612962814,1.408595984370541,-2.0003822250736985,0.916282343331722,-0.06427300242648759
258,1.0673350203467233,-0.5143428819267732,1.3972839355567135,-0.15162490009822133,0.1893348678444936,1.4180497973493238,-1.9588171540177677,0.9632503554095049,-0.03476801391850508
259,-0.44645336454191736,-0.5143428819267735,1.2152137991728698,-0.13982190896327257,0.1765195833560153,1.4258572106305083,-1.921292998915732,1.0051830582324006,-0.005403687904659028
260,-0.6146520739739886,0.6828345156614057,1.0331436627890263,-0.12720570354546928,0.16336012153463975,1.4320228006382916,-1.8805363701751867,1.0522766450896381,0.023853727354050558
261,-0.6146520739739886,1.081893648190799,1.0331436627890263,-0.11380649044801228,0.1498791713625762,1.4365535427428016,-1.8429455716362464,1.094982750913454,0.05297781326041235
262,-0.6146520739739886,0.2837753831320127,1.0331436627890263,-0.09965731362298234,0.13610095555650562,1.439458568955482,-1.8029226991093712,1.142206912659304,0.08200265132386482
263,-0.2782546551098462,1.081893648190799,1.0331436627890263,-0.08479397882318286,0.12205130982342802,1.4407489467629497,-1.7652431382331502,1.1857500763156397,0.1109023073471302
264,1.403732439210866,-0.9134020144561664,1.0331436627890263,-0.06925496975299425,0.10775774461817866,1.4404374819477992,-1.7258916936189297,1.2331058368735344,0.13971100216401075
265,-0.4464533645419174,-0.11528374939738024,1.0331436627890263,-0.053081356331951594,0.09324948675863204,1.438538547726269,-1.6881069342773105,1.2775443545039984,0.16840319939140846
266,0.730937601482581,0.682834515661406,1.0331436627890263,-0.03631669576071351,0.0785574987314781,1.4350679419775256,-1.6493748710550706,1.3250286791896257,0.19701305229413618
267,-0.2782546551098462,1.081893648190799,1.0331436627890263,-0.01900692700704585,0.06371447375621986,1.43004277377402,-1.6114732273917332,1.3704150602841454,0.22551532056023388
268,-0.11005594567777499,2.6781301783083706,1.0331436627890263,-0.001200258980327584,0.04875480471726117,1.4234813798565311,-1.5733172834428761,1.4180210508290307,0.25394387088151005
269,1.7401298580750086,0.2837753831320127,1.0331436627890263,0.017052947741762824,0.03371452527268659,1.4154032711341418,-1.5352912638675305,1.4644018142494946,0.2822736473257457
270,0.22634147318636746,0.6828345156614057,1.0331436627890263,0.03570030610254724,0.018631222173115063,1.405829108730575,-1.4976759629985767,1.5121192115299895,0.3105380040727319
271,-0.6146520739739886,-0.9134020144561664,1.0331436627890263,0.0546875354774432,0.0035439191017018357,1.3947807085460835,-1.459522045089037,1.5595349542508887,0.3387119537614077
272,-0.4464533645419174,1.4809527807201917,1.0331436627890263,0.0739586035799957,-0.01150706621473963,1.3822810727604737,-1.4224191159285804,1.6073510119348828,0.36682811094545387
273,-0.2782546551098462,-0.5143428819267734,1.0331436627890263,0.09345587913816505,-0.026480288749296563,1.3683544461698196,-1.384137793434372,1.655836779435598,0.394861443267457
274,-0.4464533645419174,-0.9134020144561664,1.2152137991728698,0.11312029735868917,-0.041333363249412496,1.3530263947299215,-1.3475259168909108,1.7037374833909664,0.4228436036682472
275,0.39454018261843865,-1.3124611469855594,1.2152137991728698,0.13289154001454853,-0.0560231678019465,1.3363239031820524,-1.3091219401123195,1.753323342188261,0.4507494103175642
276,0.39454018261843865,0.6828345156614057,1.2152137991728698,0.1527082315187387,-0.0705060599810427,1.3182754881816603,-1.2729867177875045,1.8012948324694806,0.4786093444109797
277,-0.4464533645419174,0.283775383132013,1.3972839355567135,0.1725081518536078,-0.08473810193059053,1.298911322967459,-1.2344694346645069,1.8520064725120482,0.5063979863066583
278,-0.6146520739739886,-0.9134020144561664,1.3972839355567135,0.19222846688167347,-0.09867529126036628,1.2782633693182688,-1.1988034864051413,1.900036505510336,0.534144453739772
279,-0.11005594567777499,0.682834515661406,1.5793540719405568,0.21180597635020218,-0.11227379512246363,1.256365512356397,-1.160187229277221,1.951895723013735,0.5618230234267996
280,0.22634147318636746,-0.9134020144561663,1.5793540719405568,0.23117737964404347,-0.12549018505693837,1.2332536936776088,-1.1249903789306064,1.9999750694686529,0.5894612817092714
281,0.39454018261843865,-0.5143428819267732,1.5793540719405568,0.25027955890871034,-0.13828167023100416,1.2089660383336702,-1.0862948797562748,2.0530000633199137,0.6170331630256831
282,0.39454018261843865,-1.3124611469855594,1.5793540719405568,0.2690498786390074,-0.15060632674811764,1.1835429713722758,-1.0515744095692665,2.101123822734328,0.6445645814154375
283,-0.11005594567777499,0.2837753831320127,1.5793540719405568,0.28742650041103734,-0.16242332091184328,1.1570273199385135,-1.0128252334412906,2.1553292971242186,0.6720291197651131
284,-0.11005594567777499,0.682834515661406,1.5793540719405568,0.30534871122773893,-0.17369312474627893,1.1294643973316356,-0.9785961973637333,2.203498126160985,0.6994509063692015
285,0.22634147318636735,-0.11528374939738024,1.3972839355567135,0.3227572638632451,-0.18437772260008428,1.100902065858638,-0.9398251990927172,2.2588951799727495,0.7268031919800142
286,-0.11005594567777499,-1.3124611469855594,1.3972839355567135,0.3395947274654304,-0.19444080803484007,1.0713907758072945,-0.9061108016804843,2.307116414081281,0.7541082310131215
287,-0.6146520739739886,-0.5143428819267735,1.3972839355567135,0.3558058464170364,-0.20384797025711276,1.0409835783519996,-0.8673566128813924,2.363712201298744,0.7813389874228241
288,-0.6146520739739886,-1.3124611469855594,1.3972839355567135,0.3713379050643144,-0.21256686927436655,1.0097361106802663,-0.8341886449201843,2.412000875728919,0.8085157752688258
289,0.22634147318636735,-0.11528374939738024,1.3972839355567135,0.3861410953919647,-0.22056739909139814,0.9777065520742371,-0.7954971670985002,2.4697980577119045,0.8356113393784366
290,-0.4464533645419173,1.880011913249585,1.3972839355567135,0.40016888401179007,-0.2278218387545473,0.9449555501144176,-0.7629164521082231,2.518177844015413,0.8626440048017285
291,0.39454018261843865,-1.3124611469855594,1.3972839355567135,0.4133783739649586,-0.23430499166868501,0.911546116619431,-0.7243412961227331,2.577173831916275,0.8895863839589752
292,0.8991363109146523,0.682834515661406,1.3972839355567135,0.4257306559524588,-0.23999431396799495,0.8775434934157513,-0.6923980764446138,2.6256778616746375,0.9164547786501257
293,-0.27825465510984626,-0.9134020144561664,1.2152137991728698,0.43719114286357846,-0.2448700326157277,0.843014988551723,-0.654000876445235,2.685863831896175,0.9432217715804575
294,2.2447259863712223,-0.11528374939738024,1.0331436627890263,0.4477298809659032,-0.2489152535116808,0.8080297841251345,-0.6227550760214629,2.7345354082325875,0.9699016177749643
295,3.2539182429636493,0.682834515661406,0.8510735264051829,0.45732183090883477,-0.2521160595304686,0.7726587174578156,-0.5846056347713595,2.7958951465959725,0.9964669849858675
296,0.8991363109146523,-0.5143428819267732,0.8510735264051829,0.46594711187999266,-0.2544615982371934,0.736974037873482,-0.5541269847352543,2.8447884061369715,1.022930063701865
297,1.2355337297787945,-0.9134020144561664,0.8510735264051829,0.4735912030219864,-0.2559441589222433,0.7010491417590037,-0.516303268788166,2.9072970681707817,1.0492637283208093
298,2.0765272769391507,-0.9134020144561664,0.6690033900213395,0.480245097613833,-0.2565592384518726,0.6649582888878826,-0.4866713531207347,2.9564776344970296,1.0754780868798524
299,-0.11005594567777499,0.2837753831320127,0.6690033900213395,0.4859054072444597,-0.2563055953250354,0.6287763031781544,-0.4492594268543722,3.020100477556073,1.101546343439452
300,0.05814276375429629,-0.9134020144561664,0.486933253637496,0.49057441480687575,-0.2551852914310552,0.5925782611839567,-0.42056376058161504,3.0696461020776336,1.1274765002654894
301,-0.6146520739739886,-0.11528374939738024,0.3048631172536525,0.4942600763496178,-0.2532037213264485,0.5564391716987508,-0.383657765130645,3.134337214961585,1.1532422113420115
302,0.05814276375429629,0.283775383132013,0.3048631172536525,0.4969759725068185,-0.2503696292152395,0.5204336498666778,-0.35599797903068525,-3.0988469582910922,1.1788493405930227
303,4.094911790124005,1.480952780720192,0.3048631172536525,0.49874121031751945,-0.24669511406239986,0.484635589132569,-0.31970017071120754,-3.03314594380057,1.2042721065946302
304,-0.2782546551098462,-0.9134020144561664,0.3048631172536525,0.49958027592846027,-0.24219562330140013,0.44911783419855134,-0.2931862482434213,-2.9825857494484733,1.2295141906593545
305,-0.6146520739739886,-0.5143428819267735,0.3048631172536525,0.4995228384743761,-0.23688993532715424,0.4139518579146546,-0.2576069800454967,-2.915946976247674,1.2545504839219166
306,4.599507918420219,-0.5143428819267735,0.3048631172536525,0.49860350575871765,-0.23080013043294986,0.37920744475801105,-0.2323593872310673,-2.8647109192734703,1.27938242896206
307,0.5627388920505096,0.283775383132013,0.3048631172536525,0.4968615331157373,-0.22395154933233172,0.3449523832957488,-0.19761686846733328,-2.797221583119794,1.3039856923465765
308,-0.4464533645419174,-0.5143428819267732,0.3048631172536525,0.49434048773272515,-0.21637273818446326,0.3112521698054184,-0.17376642595619315,-2.745179713834689,1.3283594126391765
309,2.917520824099507,-0.9134020144561663,0.3048631172536525,0.4910878717301102,-0.20809537909886683,0.2781697250507831,-0.1399861452642171,-2.6769431619137207,1.3524801336660213
310,1.571931148642937,0.682834515661406,0.12279298086980908,0.487154708460778,-0.19915420523260716,0.24576512607949957,-0.11767354626282624,-2.6239527438638492,1.3763446200573897
311,-0.4464533645419174,1.081893648190799,0.12279298086980908,0.4825950976247006,-0.18958689970629997,0.2140953548154234,-0.08498728866655274,-2.555089271463371,1.39993039873023
312,-0.6146520739739886,-1.3124611469855594,-0.05927715551403439,0.4774657458127706,-0.17943397762292104,0.1832140651416026,-0.06436218622023952,-2.500995460907176,1.4232317907184502
313,-0.44645336454191736,-1.3124611469855594,-0.05927715551403439,0.47182547998344304,-0.16873865037975927,0.15317137007691173,-0.03290658085147231,-2.431642708173403,1.446227420586526
314,0.5627388920505099,-0.9134020144561663,-0.05927715551403439,0.4657347518771446,-0.1575466712321705,0.12401365050700562,-0.014126137898138443,-2.3762796268638566,1.4689091007081794
315,-0.6146520739739886,-0.9134020144561664,-0.05927715551403439,0.45925514120014876,-0.14590616100456785,0.09578338672477159,0.015959379032652158,-2.3065924366492023,1.4912566806898944
316,-0.6146520739739886,-0.5143428819267732,-0.05927715551403439,0.4524488646861338,-0.13386741327219653,0.06851901377880731,0.0327326936399721,-2.2497846641490127,1.513259408177953
317,-0.11005594567777499,0.283775383132013,-0.05927715551403439,0.4453782972346678,-0.12148267921226494,0.04225480135136707,0.0613087535994039,-2.179934209304113,1.5348985028534259
318,0.39454018261843865,-0.5143428819267732,-0.05927715551403439,0.43810551040667023,-0.10880593330296473,0.017020758621312436,0.07591053086074918,-2.121498722191538,1.556160606683272
319,-0.4464533645419174,-0.5143428819267732,-0.05927715551403439,0.43069183260896227,-0.09589262182870906,-0.007157435668688421,0.10284196620368678,-2.051670776016133,1.577028478963984
320,-0.44645336454191736,1.8800119132495854,-0.05927715551403439,0.4231974343566408,-0.08279939662953714,-0.030258477922858275,0.11511096284704146,-1.9914194708918387,1.5974861387785622
321,-0.11005594567777499,-0.11528374939738024,-0.05927715551403439,0.4156809411482705,-0.06958383675151392,-0.05226545932991193,0.14027272053696843,-1.9218118122117405,1.617518088015541
322,-0.11005594567777499,-0.5143428819267732,-0.05927715551403439,0.40819907569998853,-0.05630416062783501,-0.07316586071025123,0.150058375867399,-1.8595548084078146,1.6371057400480222
323,-0.4464533645419174,-0.11528374939738024,-0.24134729189787787,0.4008063304612915,-0.043018931120872725,-0.09295152295827049,0.17334374753858472,-1.7903737813760905,1.6562355858292102
324,-0.2782546551098462,-0.5143428819267732,-0.24134729189787787,0.39355467045687964,-0.029786755308947956,-0.11161859354522083,0.1805167718795851,-1.7259236437887833,1.6748864961530512
325,1.2355337297787945,-0.11528374939738024,-0.24134729189787787,0.38649326561998143,-0.016665980601734184,-0.12916744962527688,0.20184836960506958,-1.657379845620736,1.693047250889085
326,3.085719533531578,-0.11528374939738024,-0.24134729189787787,0.37966825097739665,-0.0037143887893616055,-0.14560259838956446,0.20631488518725224,-1.590556736416474,1.7106942985251368
327,-0.6146520739739886,-0.5143428819267735,-0.24134729189787787,0.3731225124974196,0.009011110111615529,-0.16093255545451285,0.22565848084996437,-1.5228597400083446,1.7278190694476212
328,-0.11005594567777499,1.880011913249585,-0.24134729189787787,0.36689549640229424,0.021454782031655895,-0.17516970224034883,0.22737769378320033,-1.4534973883218698,1.7443957771905196
329,-0.4464533645419174,0.2837753831320127,-0.24134729189787787,0.361023040312115,0.03356236861190089,-0.18833012346811123,0.24475835556722925,-1.3868494363947037,1.7604189324485313
330,4.094911790124005,-1.3124611469855594,-0.24134729189787787,0.35553722529011833,0.045281380094226345,-0.20043342606197234,0.24376271071737088,-1.3148017979190145,1.7758607768781864
331,-0.44645336454191736,-0.5143428819267732,-0.24134729189787787,0.3504662482552766,0.056561379119956505,-0.21150254088280318,0.25928151257183646,-1.249390533510754,1.7907194036111123
332,0.39454018261843865,1.480952780720192,-0.24134729189787787,0.34583431445235907,0.06735425356423705,-0.22156350883931142,0.25569676131946983,-1.1745390191470766,1.8049654276000728
333,0.22634147318636746,-0.9134020144561662,-0.24134729189787787,0.34166155016443794,0.07761447664649268,-0.23064525302612615,0.26954496554985996,-1.110529414410962,1.8186010989123627
334,-0.4464533645419174,0.682834515661406,-0.24134729189787787,0.33796393662548296,0.08729935237644501,-0.23877933862528955,0.26360597148065257,-1.0327904891745348,1.8315958347971477
335,0.22634147318636735,1.8800119132495854,-0.24134729189787787,0.3347532666901274,0.09636924419532975,-0.24599972238009787,0.27607246251271356,-0.9703161509960119,1.8439566822860873
336,-0.27825465510984615,-0.5143428819267735,-0.24134729189787787,0.33203712594067386,0.10478778470006278,-0.2523424935094375,0.26812947175620766,-0.8896490089132012,1.8556523678628034
337,0.5627388920505099,-0.11528374939738024,-0.24134729189787787,0.3298188996394928,0.11252206464204842,-0.25784560797797074,0.2795970078603957,-0.8288031145434214,1.866695424335009
338,2.2447259863712223,-0.11528374939738024,-0.24134729189787787,0.32809780649927706,0.11954279989693956,-0.2625486180739854,0.27010746721075857,-0.7452171531657937,1.8770544556793325
339,-0.4464533645419173,-0.11528374939738024,-0.24134729189787787,0.3268689598787274,0.1258244755943881,-0.2664923992736308,0.2810348171870844,-0.6860433964502235,1.8867481885904986
340,0.8991363109146523,1.4809527807201917,-0.24134729189787787,0.3261234569430718,0.13134546682616488,-0.26971887638877184,0.2705383235876366,-0.5996052325702416,1.89574570409395
341,-0.4464533645419174,0.682834515661406,-0.24134729189787787,0.3258484966345426,0.13608813531172298,-0.27227075100691195,0.2814285894522706,-0.5420891807618756,1.9040726061064626
342,-0.4464533645419174,-1.3124611469855594,-0.24134729189787787,0.326027527768496,0.14003890136612843,-0.27419123223660463,0.27050677023737835,-0.4529288891436045,1.9116990388122612
343,-0.6146520739739886,-0.5143428819267735,-0.24134729189787787,0.32664042885540623,0.14318829070472586,-0.275523772771503,0.2818661646416709,-0.3969900993552213,1.9186580834795888
344,-0.2782546551098462,1.081893648190799,-0.05927715551403439,0.3276637211254839,0.14553095590368967,-0.2763118122806827,0.2710937890710095,-0.3053063522179589,1.92492146193976
345,-0.4464533645419174,0.283775383132013,-0.05927715551403439,0.3290708156875826,0.14706567239054247,-0.27659853011646063,0.2833883038569609,-0.25079159898797676,1.9305301805966528
346,-0.27825465510984626,1.4809527807201917,-0.05927715551403439,0.3308322949069676,0.14779530860328918,-0.2764266092857188,0.2732848684826186,-0.1568554446224453,1.9354579153356959
347,-0.6146520739739886,-0.5143428819267732,-0.05927715551403439,0.3329162271037559,0.14772676976443283,-0.27583801353130677,0.2869031957384443,-0.10353336207581289,1.9397538212015413
348,-0.11005594567777499,0.6828345156614057,-0.05927715551403439,0.3352885126785185,0.1468709148797067,-0.27487377920403583,0.277894145597714,-0.007690397507210131,1.943393700711756
349,-0.6146520739739886,-0.9134020144561664,-0.05927715551403439,0.3379132587977506,0.1452424470324434,-0.2735738233868713,0.29312329654000724,0.0447522241263526,1.9464347927736307
350,-0.11005594567777499,1.081893648190799,-0.05927715551403439,0.3407531788070993,0.1428597775005123,-0.27197676948797994,0.28551687530304926,0.14208143382733346,1.9488549405314148
351,-0.11005594567777499,0.283775383132013,-0.05927715551403439,0.34377001158223236,0.13974486445316497,-0.27011979126757374,0.3025330698652518,0.19404142774360442,1.9507190685313147
352,0.22634147318636746,2.279071045778978,-0.05927715551403439,0.3469249550990108,0.13592302702584327,-0.268038476012058,0.29651413631217394,0.29236272492293663,1.952006682559874
353,-0.4464533645419174,-0.5143428819267735,-0.05927715551403439,0.35017910764996546,0.13142273566923077,-0.2657667073192155,0.31538756376081145,0.344320172064196,1.952789645882453
354,4.76770662785229,1.081893648190799,-0.05927715551403439,0.3534939094192727,0.12627538007585648,-0.2633365677104378,0.3110256794550507,0.4430690363769011,1.953048455260139
355,0.05814276375429629,-0.11528374939738024,-0.05927715551403439,0.35683157669160365,0.1205150167269135,-0.2607782610406897,0.33173516759950183,0.49558455218542385,1.9528608410101134
356,-0.4464533645419174,-0.11528374939738024,-0.05927715551403439,0.36015552106543686,0.11417809893862485,-0.25812005443426345,0.3290021054785423,0.5941312239831027,1.9522073621839913
357,-0.27825465510984615,-0.9134020144561662,-0.05927715551403439,0.36343074680863235,0.10730319294129176,-0.2553882392346979,0.3514549916292074,0.6478406090428935,1.9511702859499092
358,0.22634147318636746,-0.11528374939738024,-0.24134729189787787,0.3666242205717234,0.09993068384617268,-0.25260711022164983,0.35024656150759076,0.7454970666278844,1.949729122113416
359,0.05814276375429618,1.081893648190799,-0.24134729189787787,0.36970520836980614,0.09210247531354274,-0.24979896212273678,0.3742996714052529,0.8011028739773065,1.947969188399654
360,0.05814276375429618,-0.5143428819267732,-0.24134729189787787,0.3726455747362948,0.08386168640839287,-0.24698410225327405,0.3744577777375977,0.8971316862153351,1.9458677526791999
361,8.636276944789927,-1.3124611469855594,-0.24134729189787787,0.3754200385533924,0.07525234873642092,-0.24418087797771815,0.3999367791273425,0.9553912344948192,1.9435116645309165
362,0.8991363109146523,0.682834515661406,-0.24134729189787787,0.3780063799166425,0.06631910667754623,-0.24140571761666718,0.4012692613678679,1.0490165200091894,1.9408747885036086
363,-0.11005594567777499,0.283775383132013,-0.24134729189787787,0.3803855932148525,0.05710692331413864,-0.2386731834094013,0.4279851602170753,1.1107259069286375,1.9380440807251307
364,1.403732439210866,-0.11528374939738024,-0.24134729189787787,0.3825419837774827,0.04766079433316621,-0.23599603515796563,0.43028242414777945,1.2011468115904678,1.9349889782571734
365,0.730937601482581,-1.3124611469855594,-0.24134729189787787,0.38446320837926,0.0380254718234599,-0.23338530320597328,0.4580449267247065,1.2671204557660907,1.9317953226582858
366,0.39454018261843865,-0.11528374939738024,-0.24134729189787787,0.3861402624049336,0.028245199639412424,-0.2308503694370535,0.4610931112190639,1.353527636895699,1.9284273216921473
367,0.05814276375429629,-0.11528374939738024,-0.24134729189787787,0.38756741795377664,0.018363461783077746,-0.22839905501319258,0.4897209089424095,1.4245729037170816,1.924968767227681
368,1.2355337297787945,0.6828345156614057,-0.24134729189787787,0.3887421178806553,0.008422744869117302,-0.22603771361205105,0.49331165684973016,1.5061685101244346,1.9213781117068514
369,-0.44645336454191736,-0.9134020144561662,-0.24134729189787787,0.389664831153997,-0.0015356847937821596,-0.22377132896459773,0.522639935978836,1.5830551562185877,1.917736491801319
370,0.05814276375429629,1.480952780720192,-0.24134729189787787,0.3903388751202137,-0.011471989405283302,-0.22160361553998442,0.5265771794876933,1.6590766686687304,1.9139963711144357
371,-0.6146520739739886,0.283775383132013,-0.24134729189787787,0.3907702103279401,-0.021347953234573405,-0.21953712127338781,0.5564629221531537,1.7425012881958604,1.910235958722886
372,-0.11005594567777499,0.283775383132013,-0.24134729189787787,0.3909672134495696,-0.031127161532918706,-0.21757333128444606,0.5605673067829012,1.8122493434231648,1.9064017704994547
373,-0.4464533645419173,0.283775383132013,-0.24134729189787787,0.39094043345586355,-0.040775164479271854,-0.21571277158880037,0.5908930390920257,1.9027957861702027,1.902569117067516
374,3.085719533531578,-0.9134020144561662,-0.24134729189787787,0.39070233555133493,-0.050259625344337734,-0.21395511186298044,0.595004625444028,1.96566560424792,1.8986788374895498
375,-0.11005594567777499,-0.5143428819267735,-0.24134729189787787,0.3902670366628653,-0.05955045153492226,-0.21229926638332225,0.625681241870787,2.0637633346123336,1.8948036175398668
376,-0.44645336454191736,-0.9134020144561664,-0.24134729189787787,0.38965003583435637,-0.06861990686350701,-0.2107434923226369,0.6296610536930318,2.119278498293011,1.8908790589072728
377,0.05814276375429618,-0.11528374939738024,-0.24134729189787787,0.3888679429256915,-0.07744270344005844,-0.20928548465383195,0.6606302816601498,2.2251619731605157,1.8869756690040718
378,0.22634147318636746,0.6828345156614057,-0.24134729189787787,0.38793820933503975,-0.08599607199609882,-0.2079224669774819,0.6643611255131987,2.2730081705737044,1.8830243527908965
379,-0.6146520739739886,-0.9134020144561664,-0.24134729189787787,0.38687886459892606,-0.09425981003448874,-0.20665127766032088,0.6955980667268162,2.3866814374108287,1.879093982387994
380,0.730937601482581,-1.3124611469855594,-0.24134729189787787,0.38570826245857126,-0.10221630769397932,-0.2054684507436612,0.6989848304311408,2.426736704330179,1.8751113431140616
381,-0.27825465510984615,0.682834515661406,-0.24134729189787787,0.3844448394618545,-0.10985055152723028,-0.2043702911546887,0.7305009175142358,2.547948415163781,1.871144237239721
382,-0.6146520739739886,-0.5143428819267735,-0.24134729189787787,0.3831068886047476,-0.1171501066606746,-0.203352943829337,0.7334704109478628,2.58030576613365,1.8671158875062868
383,0.05814276375429629,-0.5143428819267735,-0.24134729189787787,0.381712349971818,-0.12410507818448757,-0.20241245643286804,0.7653172030494277,2.7085402557470717,1.8630935449697856
384,0.05814276375429618,-1.3124611469855594,-0.24134729189787787,0.380278619766723,-0.1307080530498413,-0.20154483544327279,0.767817575265497,2.7335185463632063,1.8589973617333952
385,-0.11005594567777499,1.880011913249585,-0.24134729189787787,0.37882237846838007,-0.13695402412027705,-0.20074609544304745,0.8000920716659397,2.8680080732849595,1.8548944438402102
386,2.412924695803293,0.283775383132013,-0.24134729189787787,0.3773594381431116,-0.1428402983512604,-0.20001230154667837,0.8020918335551511,2.886147708691258,1.8507022668291693
387,-0.6146520739739886,-0.11528374939738024,-0.24134729189787787,0.37590460835450007,-0.14836639131005813,-0.19933960497419828,0.8349444498164094,3.0259094291477826,1.8464880164073092
388,1.571931148642937,-1.3124611469855594,-0.24134729189787787,0.37447157983816054,-0.15353391019023926,-0.19872427186534602,0.8364311352039356,3.0379513009690133,1.8421667672801256
389,0.05814276375429629,-0.5143428819267732,-0.24134729189787787,0.3730728252260035,-0.15834642709104435,-0.19816270551409249,0.8700783545568089,-3.1013347617760596,1.8378057395101133
390,0.8991363109146523,-0.9134020144561662,-0.24134729189787787,0.3717195164944933,-0.1628093439728919,-0.1976514622894947,0.8710568320467861,-3.0944861958443535,1.8333177560456937
391,-0.11005594567777499,-0.9134020144561662,-0.24134729189787787,0.3704214592603115,-0.16692975075667196,-0.19718726159592953,0.9058022274342175,-2.947646175682761,1.828769614178189
392,0.22634147318636746,2.279071045778978,-0.24134729189787787,0.36918704441459155,-0.17071627854362065,-0.19676699031366363,0.9062926049562655,-2.944972115101787,1.8240719129092025
393,0.05814276375429618,-0.11528374939738024,-0.24134729189787787,0.3680232178181161,-0.1741789505953972,-0.19638770224936408,0.9425635708031544,-2.7963326268386326,1.8192898853412875
394,0.39454018261843865,1.081893648190799,-0.24134729189787787,0.36693546883559475,-0.17732903411447673,-0.19604661321547995,0.9425985912971706,-2.796755887839186,1.8143318389440564
395,-0.4464533645419174,-0.11528374939738024,-0.24134729189787787,0.36592783836209763,-0.18017889569377976,-0.19574109244736482,0.9810148344449932,-2.647248294719819,1.8092590197780503
396,0.5627388920505099,2.279071045778978,-0.05927715551403439,0.3650029467424537,-0.18274186256407288,-0.19546865115657208,0.9806367103815197,-2.6496893088611815,1.8039773501271918
397,-0.27825465510984615,-0.9134020144561662,-0.05927715551403439,0.3641620416644968,-0.18503209072317733,-0.19522692910133033,1.0221495945662484,-2.4998087951805137,1.7985389093918107
398,-0.27825465510984615,-0.5143428819267732,-0.05927715551403439,0.36340506574098463,-0.1870644399126089,-0.1950136801120257,1.0214063660029344,-2.5032347875637937,1.792847306388269
399,0.05814276375429618,-0.9134020144561662,-0.05927715551403439,0.3627307430801259,-0.18885435434048262,-0.1948267575143222,1.0676190930240428,-2.35262808072135,1.7869332940028064
400,-0.4464533645419174,0.283775383132013,-0.05927715551403439,0.36213668366439317,-0.19041774724399615,-0.1946641003321946,1.0665608395791026,-2.356089256726213,1.780699023554027
401,1.403732439210866,-1.3124611469855594,-0.05927715551403439,0.3616195037951304,-0.19177088707274595,-0.1945237210406937,1.120612567265923,-2.2025429192465635,1.7741197414764838
402,-0.11005594567777499,-0.11528374939738024,-0.05927715551403439,0.3611749602621094,-0.19293028323535216,-0.19440369549988373,1.1192885346704344,-2.2051900215287716,1.7671003331650752
403,0.39454018261843865,1.081893648190799,-0.05927715551403439,0.36079809539831004,-0.193912569736395,-0.19430215555577063,1.1892001883650316,-2.0410047059511793,1.7594261404200673
404,-0.4464533645419174,-0.9134020144561664,-0.05927715551403439,0.3604833898991498,-0.19473438540695562,-0.1942172846477,1.1876625371059664,-2.042081530564677,1.7510282644760768
405,0.39454018261843865,-0.9134020144561662,-0.05927715551403439,0.3602249201762459,-0.1954122496588273,-0.19414731661555212,1.3123270194487442,-1.8282506615475953,1.740225925288199
