trial_index,pfc_mag_standardized,dms_mag_standardized,prpd_standardized,pfc_mag_filtered,dms_mag_filtered,prpd_filtered,pfc_phase,dms_phase,prpd_phase
1,-0.03769517453049912,-1.1310203828543406,-0.7330903107944146,-0.0010969023245871396,-1.0823419929805957,-0.743654056765361,-1.5809987965026093,2.6574058848239406,2.0905419730806876
2,-0.6954759700877109,-1.1310203828543406,-0.7330903107944146,-0.03918124479547303,-1.0488453267093547,-0.6634911205158527,2.037934636957478,3.091879928980464,2.532915483034778
3,-0.413569914848906,0.5034562780821596,-0.7330903107944146,-0.0763575087107556,-1.01439591788662,-0.5835928029379956,2.3083612114384477,3.1275624462011464,2.5218318493838376
4,0.808022991185916,0.5034562780821596,-0.7330903107944146,-0.11250350411637468,-0.9791263194812637,-0.5042057552100413,2.2467398692844456,-2.96418502346555,2.895167253977279
5,-0.7894446551673127,0.5034562780821596,0.23161304824107648,-0.1475010909685678,-0.9431691313487313,-0.42557208372129823,2.3964533668316026,-2.927614377816885,2.90489054627082
6,-0.7894446551673127,0.50345627808216,0.23161304824107648,-0.18123679299009982,-0.9066553998097846,-0.34792758642715965,2.4141180377984557,-2.797420639089817,-2.952231942845756
7,-1.0713507104061177,1.32069460855041,0.23161304824107648,-0.21360236621130962,-0.869713110222826,-0.27150006711979247,2.5294715527773417,-2.760700417245476,-2.869448826332439
8,-0.6954759700877109,-1.1310203828543406,0.23161304824107648,-0.24449531634649352,-0.8324658010931759,-0.1965077485013878,2.563842564238879,-2.6591716066027367,-2.3784615948049317
9,-0.8834133402469144,1.32069460855041,0.5531808345862401,-0.2738193603868194,-0.7950313219557479,-0.12315780353596655,2.6620020700820235,-2.622559137380859,-2.158041444051615
10,0.43214825086750913,-0.3137820523860904,0.713964727758822,-0.3014848298766574,-0.7575207509799825,-0.05164502251940635,2.7026727684739176,-2.537988932065601,-1.7654304110251722
11,0.2442108807083059,-0.3137820523860904,0.8104350636623712,-0.32740901576496395,-0.7200374825053585,0.017849369031856507,2.790202865770928,-2.5016081515177575,-1.4992535004751437
12,-0.3196012297693043,0.5034562780821596,0.8747486209314039,-0.3515164566216277,-0.6826764897035251,0.08515872911401111,2.8338781132374202,-2.4284230759620047,-1.2953816393918538
13,-0.6954759700877109,-1.1310203828543406,0.92068687612357,-0.37373917273173374,-0.6455237632107487,0.1501318448605597,2.9140531728924604,-2.3923379619141367,-1.0785257979706617
14,0.05627351054910247,0.50345627808216,0.92068687612357,-0.3940168481468163,-0.6086559228546311,0.21263359847164798,2.95935946480893,-2.327424244747116,-0.9751263087897357
15,-1.0713507104061177,-0.3137820523860904,0.92068687612357,-0.41229696187462556,-0.5721399965395249,0.27254545020619586,3.03407591930184,-2.2916612356941797,-0.8079473636120148
16,-1.0713507104061177,-1.1310203828543406,0.713964727758822,-0.42853486878176406,-0.5360333578722263,0.3297657385764425,3.0803428243340694,-2.233081871409953,-0.7455777625441626
17,-0.8834133402469144,-0.3137820523860903,0.713964727758822,-0.4426938307931129,-0.5003838120641396,0.38420980114531816,-3.1323740667435733,-2.197638523197752,-0.6124106615784891
18,-0.7894446551673127,-0.3137820523860904,0.713964727758822,-0.4547449996718921,-0.4652298180646541,0.4358099223092863,-3.0855088027973423,-2.144087173032325,-0.5676104472527197
19,-0.977382025326516,-1.1310203828543406,0.713964727758822,-0.46466735406787857,-0.4306008339413555,0.4845151170083893,-3.0184601654076,-2.1089364241412847,-0.4572551949622077
20,-0.7894446551673127,-0.3137820523860903,0.5210240559517239,-0.47244759542754616,-0.39651777223802087,0.5302907613757047,-2.9712059033205476,-2.0594724535912055,-0.4207274707504562
21,0.43214825086750913,-1.1310203828543406,0.5210240559517239,-0.47808000937512246,-0.3629935522016091,0.5731180829518215,-2.9069796616992507,-2.024565516673958,-0.3262946836862366
22,0.6200856210267126,0.5034562780821596,0.5210240559517239,-0.4815663009075364,-0.33003373624801996,0.6129935242904377,-2.85946262526115,-1.9784731349910412,-0.29404106328313623
23,-0.8834133402469144,-0.3137820523860904,0.5746186870092511,-0.48291541274355204,-0.297637238775662,0.6499279945606699,-2.797609552161576,-1.9437421844834337,-0.2112504521750561
24,-0.22563254468970256,-0.3137820523860903,0.5746186870092511,-0.48214333596158576,-0.26579709614293007,0.6839460241079006,-2.7499075894060434,-1.9004506426798549,-0.18141488925942537
25,1.1838977315043226,0.50345627808216,0.5746186870092511,-0.4792729206992336,-0.23450128686919824,0.7150848369480759,-2.6900783967022215,-1.8658118329381108,-0.10750188500129491
26,0.15024219562870406,0.50345627808216,0.5746186870092511,-0.47433369280496973,-0.20373359073041988,0.7433933559699012,-2.642239940242021,-1.8248483611596504,-0.07917142721997023
27,-0.8834133402469144,-1.1310203828543406,0.5746186870092511,-0.4673616803119274,-0.17347447452201098,0.7689311552961211,-2.584155804121863,-1.7902054263529432,-0.012274950240238685
28,-0.13166385961010085,-1.1310203828543406,0.5746186870092511,-0.45839925125543773,-0.14370199104470968,0.7917673738317313,-2.536211075141924,-1.7511669765257851,0.015017646869412057
29,0.05627351054910247,-0.3137820523860904,0.5746186870092511,-0.4474949617575526,-0.1143926767601682,0.8119796034938687,-2.4796449183106675,-1.7164154303841594,0.07619924069156597
30,-0.5075385999285076,-0.3137820523860904,0.617494391855273,-0.4347034111096187,-0.08552243333475883,0.8296527649700429,-2.4316129852532513,-1.6789517238072196,0.10269902272872675
31,-1.0713507104061177,-0.3137820523860904,0.617494391855273,-0.42008509917919246,-0.057067379369224694,0.8448779830990164,-2.376377149808518,-1.6439834314897157,0.1591079294133553
32,-1.0713507104061177,-1.1310203828543406,0.617494391855273,-0.40370628064399433,-0.029004660498133137,0.8577514731372861,-2.328270541371699,-1.6077868800920734,0.18494529889567393
33,-0.4135699148489059,-0.3137820523860903,0.617494391855273,-0.3856388102404462,-0.001313207945863478,0.8683734482954528,-2.274208333686732,-1.5724946228458037,0.237285178802808
34,-0.413569914848906,-0.3137820523860903,0.617494391855273,-0.36595997369102584,0.0260255626228692,0.8768470580239066,-2.2260360745564314,-1.5372943513756498,0.2625307273768881
35,-0.7894446551673127,0.50345627808216,0.8104350636623712,-0.34475230023836595,0.05302711823140914,0.8832773655999124,-2.1730157107393833,-1.5015760277264916,0.31134263245725174
36,1.1838977315043226,0.5034562780821596,0.617494391855273,-0.3221033542059231,0.07970324598932983,0.8877703726278046,-2.124785300732531,-1.4671342466235313,0.33603647904617073
37,-0.7894446551673127,-0.3137820523860904,0.617494391855273,-0.29810550408009595,0.10606156352969429,0.8904320971482665,-2.0726954230056203,-1.4308964611796327,0.38174818713605857
38,-0.3196012297693043,0.5034562780821596,0.617494391855273,-0.27285566791108584,0.13210510468008524,0.8913677111919722,-2.024414149034957,-1.3970061081186331,0.40591630133656537
39,-0.8834133402469142,-0.3137820523860904,0.617494391855273,-0.24645503337731697,0.15783198282513466,0.8906807427695546,-1.9731604652906198,-1.3601670398916905,0.44887532599688296
40,0.05627351054910247,-0.3137820523860904,0.617494391855273,-0.21900875014076135,0.18323513493927646,0.8884723463808943,-1.924836320581135,-1.3266500594318398,0.47253886067817624
41,-0.7894446551673127,-0.3137820523860904,0.617494391855273,-0.19062559185031502,0.20830214949529346,0.8848406451142897,-1.8743390561783435,-1.2891415931468282,0.5130350675765305
42,-0.5075385999285076,-0.3137820523860904,0.617494391855273,-0.16141758561764716,0.2330151810977298,0.8798801463237883,-1.8259813753698286,-1.255847453592533,0.5362157396884124
43,-0.13166385961010096,0.50345627808216,0.617494391855273,-0.1314996077339612,0.25735095366876387,0.8736812317703573,-1.7761732490144369,-1.2176165457236485,0.5744971143157369
44,-0.6954759700877109,-0.3137820523860904,0.8104350636623712,-0.10098894551748748,0.28128085248132434,0.8663297220191187,-1.7277930653685054,-1.1844206889436757,0.5972202352406815
45,-0.8834133402469144,-0.3137820523860904,0.8104350636623712,-0.07000482640795028,0.30477110367900223,0.8579065138328841,-1.6786175648798323,-1.1454299295642545,0.63350399725414
46,-0.6015072850081093,0.5034562780821596,0.8104350636623712,-0.03866791679905544,0.32778303846448686,0.8484872883628166,-1.6302276943498217,-1.1122319545356216,0.6558000365552654
47,-0.695475970087711,-0.3137820523860904,0.8104350636623712,-0.007099794761536139,0.350273437851813,0.8381422872070841,-1.5816375157859914,-1.0724593447511985,0.6902805079391778
48,2.217553267379941,-0.3137820523860904,0.8104350636623712,0.02457759711268114,0.37219495257070984,0.8269361529385948,-1.5332523979130837,-1.0391808549269086,0.7121857011873576
49,0.15024219562870406,-0.3137820523860904,0.8104350636623712,0.05624251032987282,0.3934965913026954,0.8149278304522611,-1.4852079938234586,-0.9986188911102812,0.7450398556269103
50,0.5261169359471107,2.13793293901866,0.8104350636623712,0.08777395080468796,0.4141242688788392,0.8021705253635828,-1.436843382091189,-0.9652010229965368,0.7665961586251895
51,2.405490637539145,0.5034562780821596,0.8104350636623712,0.11905223145606399,0.4340214044359547,0.7887117156423844,-1.3893116931742657,-0.9238552128085765,0.7979874722622112
52,-0.6015072850081093,0.50345627808216,0.617494391855273,0.14995950979865416,0.4531295583396733,0.7745932126659063,-1.3409844069720187,-0.8902559155120493,0.8192420416438233
53,-0.03769517453049912,-0.3137820523860904,0.617494391855273,0.18038030636952276,0.4713890966616409,0.7598512679014946,-1.2939379706293843,-0.8481428890501317,0.8493230690752734
54,-0.6954759700877108,0.50345627808216,0.617494391855273,0.21020200310372386,0.48873987305003136,0.7445167214188,-1.245665947531425,-0.8143340961989662,0.870327384502408
55,0.15024219562870406,0.5034562780821596,0.617494391855273,0.23931532324929233,0.505121918895393,0.728615188296277,-1.1990825164411607,-0.7714795310417466,0.8992413654672471
56,0.6200856210267126,-0.3137820523860904,0.617494391855273,0.2676147952663897,0.5204761328853754,0.7121672786840182,-1.150885240376744,-0.737444398183733,0.9200500838997779
57,0.7140543061063144,2.13793293901866,0.617494391855273,0.29499920244464534,0.5347449604488178,0.6951888468630222,-1.1047478500663748,-0.6938809325718411,0.9479318232286686
58,0.2442108807083059,0.5034562780821596,0.617494391855273,0.32137201875297894,0.5478730528524914,0.6776912641939463,-1.0566470483498094,-0.659611221177077,0.9686014617724269
59,0.8080229911859157,1.32069460855041,0.8104350636623712,0.34664183079712896,0.5598078954454847,0.6596817104473122,-1.0109443779204637,-0.6153764232289904,0.9955777025692698
60,-1.0713507104061177,1.32069460855041,0.8104350636623712,0.3707227459820953,0.5705003951802387,0.6411634777001445,-0.9629648807496568,-0.5808700643775073,1.016165268832928
61,-0.03769517453049937,4.5896479304234115,0.8104350636623712,0.3935347875434075,0.5799054192324595,0.6221362808420504,-0.9176918353799886,-0.5360045474662741,1.0423547709488559
62,0.9019916762655176,0.5034562780821596,0.8104350636623712,0.4150042772218345,0.5879822793410149,0.6025965688505308,-0.8698625847612106,-0.5012635169012924,1.062916474353192
63,0.24421088070830566,-1.1310203828543406,0.8104350636623712,0.43506420552716635,0.5946951606753592,0.5825378314188184,-0.8250210822094811,-0.4558094227811403,1.0884299926461267
64,0.9959603613451194,-1.1310203828543406,0.6174943918552728,0.45365458805794123,0.600013499437517,0.5619508962029944,-0.7773762652813035,-0.4208382007837427,1.109020160182856
65,1.371835101663526,-1.1310203828543406,0.6174943918552728,0.47072280510239306,0.6039123181972109,0.5408242127864102,-0.7329761671438064,-0.3748383750193399,1.1339604765289333
66,-0.977382025326516,-0.3137820523860903,0.6174943918552728,0.4862239214266142,0.6063725295190125,0.5191441203101085,-0.6855564216861907,-0.3396432779156353,1.1546307572141858
67,-0.22563254468970256,-1.1310203828543406,0.6174943918552728,0.5001209836918691,0.6073812158205271,0.496895096475908,-0.6416165740570082,-0.29314131854273184,1.1790928606415758
68,-0.22563254468970256,2.9551712694869106,0.6174943918552728,0.512385293564047,0.6069318880595314,0.47405998624740076,-0.5944702715677237,-0.25773066205311695,1.1998917516434724
69,-0.8834133402469145,3.7724095999551603,0.6174943918552728,0.5229966542345171,0.6050247201718268,0.4506202091013781,-0.5510196654649908,-0.21077158450787561,1.2239632065748927
70,1.371835101663526,-1.1310203828543406,0.6174943918552728,0.5319435861780256,0.601666752362833,0.42655594421204285,-0.5042042543876386,-0.17515624059585522,1.2449358964137018
71,1.5597724718227297,-0.3137820523860904,0.42455372004817465,0.5392235049487586,0.5968720559230054,0.40184629354731577,-0.46128320939118755,-0.12778730133240526,1.2686974057402889
72,0.526116935947111,-0.3137820523860904,0.617494391855273,0.5448428508542498,0.5906618548227069,0.37646942352642426,-0.4148664423719456,-0.0919812867403538,1.2898859093844537
73,-0.03769517453049912,1.32069460855041,0.4245537200481749,0.5488171586822773,0.5830646022680273,0.3504026865909148,-0.37252758070666525,-0.04425280638877149,1.3134120569340624
74,2.3115219524595427,-0.3137820523860903,0.4245537200481749,0.5511710557154776,0.5741160111116063,0.3236227247309873,-0.3265884032611716,-0.008273922840500743,1.3348555990116373
75,2.3115219524595427,1.32069460855041,0.6174943918552728,0.5519381774292424,0.5638590355733101,0.29610555767205826,-0.2848972533459026,0.039759775877164644,1.3582157326390525
76,2.593428007698348,0.5034562780821596,0.4245537200481749,0.5511609919219673,0.552343799925751,0.26782665908522546,-0.2395262870379715,0.07588916857171361,1.3799513147360196
77,0.2442108807083059,1.32069460855041,0.23161304824107648,0.5488905267238927,0.5396274688351261,0.23876102488202722,-0.19856153991614545,0.12416871995298476,1.4032105102915464
78,1.653741156902331,0.5034562780821596,0.23161304824107648,0.545185995880255,0.5257740540213577,0.20888323841451772,-0.15386126467925923,0.16042090260399514,1.425273582256804
79,0.05627351054910247,1.32069460855041,0.03867237643397832,0.5401143305912205,0.5108541526111343,0.17816753816408765,-0.11371487102426564,0.20888088079882322,1.4484936123622794
80,-0.6015072850081092,0.5034562780821596,0.03867237643397832,0.5337496216482152,0.49494461382871774,0.14658789410986744,-0.06979977583049374,0.24522205355138554,1.470918753172503
81,-0.22563254468970256,2.9551712694869106,-0.15426829537311984,0.5261724851610048,0.47812813231374185,0.1141180992829023,-0.030577209431846764,0.29379002695842227,1.4941589685071823
82,-0.5075385999285076,-0.3137820523860904,-0.15426829537311984,0.5174693641765564,0.4604927683360805,0.08073188299990078,0.012425778876923744,0.3301796615996799,1.5169804693064095
83,2.029615897220738,1.32069460855041,-0.15426829537311984,0.5077317778459007,0.44213139769352333,0.04640305195673393,0.05060487955773671,0.3787752442352507,1.5402984922986296
84,-0.413569914848906,-0.3137820523860904,-0.347208967180218,0.4970555274631926,0.42314109714656317,0.011105664786681521,0.092555649575765,0.4151653716627293,1.5635507383437313
85,2.3115219524595427,-1.1310203828543406,-0.347208967180218,0.4855398662679697,0.40362247424730463,-0.02518575509545607,0.12955661898834064,0.4636990465806081,1.5870028849056712
86,-0.8834133402469144,0.5034562780821596,-0.5401496389873164,0.473286638586063,0.3836789523497524,-0.062495964485126135,0.17030114590419887,0.5000331642454464,1.6107204613667245
87,0.808022991185916,0.50345627808216,-0.5401496389873164,0.46039939398394886,0.3634160217854667,-0.10084870043518673,0.20597365976491064,0.5484044826777887,1.6343618415704593
88,1.653741156902331,0.50345627808216,-0.3472089671802182,0.44698248298521465,0.34294046684821927,-0.14026633386565718,0.24534378315331745,0.5846156451790102,1.6585793290134705
89,3.3451774883351617,0.50345627808216,-0.3472089671802182,0.43314014182117483,0.32235957638007795,-0.18076947671653038,0.27952192287523464,0.6327103895609614,1.6824636190620184
90,0.2442108807083059,0.5034562780821596,-0.3472089671802182,0.41897557482280184,0.30178034453962976,-0.2223765441642565,0.3173360446706262,0.668718122047286,1.7072150876087118
91,-0.9773820253265159,1.32069460855041,-0.5401496389873164,0.4045900453940592,0.2813086681911486,-0.26510327482570584,0.34983941787027945,0.7164041349803822,1.7313940078784058
92,-0.8834133402469142,0.50345627808216,-0.5401496389873164,0.39008199028634194,0.2610485480332758,-0.30896221299786736,0.385904403651996,0.7521098344427258,1.7567122622869076
93,0.05627351054910247,0.50345627808216,-0.5401496389873164,0.37554617546401475,0.24110130183859665,-0.35396215786500795,0.4165404875671449,0.7992310891107449,1.7812348347638454
94,-0.8834133402469144,-1.1310203828543406,-0.7330903107944146,0.36107291298432126,0.2215647999044974,-0.40010758540607794,0.4506547752187059,0.8345112077952933,1.8071504934218976
95,-0.22563254468970256,-0.3137820523860904,-0.7330903107944146,0.3467473564855506,0.2025327346191407,-0.4473980495796315,0.4792223653114418,0.880879136798923,1.8320621680394493
96,-0.8834133402469142,-1.1310203828543406,-0.7330903107944146,0.3326488893602722,0.18409393706547605,-0.4958275702890166,0.5111801352663293,0.9155745724404887,1.8586026618469162
97,-0.4135699148489059,-1.1310203828543406,-0.7330903107944146,0.31885061580799445,0.1663317530308463,-0.5453840166354148,0.5374738829917919,0.9609546221710072,1.8839443932290427
98,0.5261169359471107,-1.1310203828543406,-0.7330903107944146,0.30541896113674416,0.1493234884921477,-0.5960484950259349,0.5670704569499994,0.994853233683963,1.9111329588341093
99,-1.0713507104061177,1.32069460855041,-0.5401496389873164,0.29241338394541067,0.13313993101960253,-0.6477947527415762,0.5908868997396296,1.0389429601513651,1.9369403039251054
100,-0.13166385961010096,-0.3137820523860905,-0.5401496389873164,0.279886199359816,0.1178449493168409,-0.7005886084629542,0.6179259130789935,1.0717497014962545,1.9647950388450781
101,-0.413569914848906,1.32069460855041,-0.5401496389873164,0.2678825094859199,0.10349516932605216,-0.7543874218647101,0.6390717210844283,1.1141420814900895,1.9910973430944698
102,-0.22563254468970256,-0.3137820523860904,-0.5401496389873164,0.2564402345083628,0.09013972305052662,-0.8091396146033747,0.6633748438149443,1.1454267669989262,2.019630390927362
103,-0.13166385961010085,0.50345627808216,-0.5401496389873164,0.2455902351103016,0.07782006586686506,-0.8647842547844921,0.6816782068248292,1.1855471540351088,2.046450132033437
104,-0.22563254468970256,-0.3137820523860903,-0.5401496389873164,0.23535651412234276,0.06656985903049874,-0.9212507163442413,0.7030983215007742,1.2146498946982995,2.075667064856776
105,1.935647212141136,-1.1310203828543406,-0.5401496389873164,0.2257564827734738,0.05641491533442451,-0.9784584238057898,0.7184245362029786,1.251642911680239,2.103019416012729
106,2.593428007698348,0.5034562780821596,-0.5401496389873164,0.21680127498036675,0.047373206669213526,-1.036316691632416,0.7368633576149982,1.2774930570339271,2.132918866421043
107,-0.977382025326516,0.5034562780821596,-0.5401496389873164,0.20849609244216888,0.039454932146660474,-1.0947246659170802,0.7491356880573977,1.3100062647301776,2.1608115189966646
108,3.063271433096357,-0.3137820523860904,-0.7330903107944146,0.20084056467333064,0.03266264462367566,-1.1535713744246359,0.7645665732763628,1.3307488913756627,2.19138508729668
109,-0.13166385961010096,0.50345627808216,-0.9260309826015127,0.19382911147579476,0.02699143258433452,-1.2127358890611997,0.7737928012968511,1.356484593544192,2.219818343969001
110,-0.413569914848906,0.5034562780821596,-0.9260309826015127,0.18745129965202018,0.022429154079626538,-1.2720876027707904,0.7862881789065324,1.3686365752671965,2.2510507771719444
111,-0.6015072850081092,-1.1310203828543406,-0.9260309826015127,0.18169218977666113,0.018956719850735736,-1.331486620806656,0.7925910748909598,1.3833302337456175,2.280017898527059
112,2.7813653778575516,0.50345627808216,-1.118971654408611,0.1765326717693997,0.01654842348034739,-1.3907842644323494,0.8023509777313247,1.3796512816274078,2.3118875104393224
113,-0.6015072850081093,-1.1310203828543406,-1.118971654408611,0.17194978948844858,0.015172316979886453,-1.4498236833971376,0.8059972909879429,1.3744702642891853,2.341375272054009
114,0.33817956578790753,-0.3137820523860904,-1.3119123262157093,0.16791705513183708,0.014790630236532744,-1.508440571932341,0.8133718576350366,1.3378745557893301,2.373854550551893
115,-0.22563254468970256,0.50345627808216,-1.5048529980228074,0.16440475502989144,0.015360232013907524,-1.5664639814903338,0.8147909681476662,1.2921085140777477,2.403843949864482
116,-0.31960122976930416,0.5034562780821596,-1.6977936698299056,0.1613802497243065,0.01683312891362305,-1.6237172220456844,0.820287416797901,1.176890923709536,2.436900286499938
117,0.15024219562870406,-1.1310203828543406,-1.6977936698299056,0.15880827219682142,0.019156997410474007,-1.6800188426072133,0.8200694557075069,1.0403600563101418,2.467367334160511
118,-0.13166385961010096,-1.1310203828543406,-1.6977936698299056,0.1566512280551827,0.02227574330729521,-1.7351836807602716,0.8243346506245034,0.7433268121749211,2.500963810318522
119,0.43214825086750935,0.50345627808216,-1.890734341637004,0.15486950062312876,0.026130082601612873,-1.7890239706022968,0.8232004410400134,0.48245676650220437,2.53188034133993
120,-0.3196012297693043,1.32069460855041,-2.0836750134441018,0.1534217628075126,0.03065813705022845,-1.841350498266837,0.8269752981627547,0.08735013698930023,2.565976506661031
121,-0.3196012297693043,0.5034562780821596,-2.0836750134441018,0.15226529672202443,0.03579603640705106,-1.8919737942382695,0.8257180457957588,-0.08052118270042308,2.5973109502968477
122,-0.22563254468970256,-0.3137820523860904,-1.890734341637004,0.15135632134899665,0.04147851837285389,-1.9407053518202098,0.8297692830518797,-0.2940049836550103,2.631863536456762
123,2.4994593226187463,0.50345627808216,-2.0836750134441018,0.1506503277781898,0.04763951780930356,-1.987358861466961,0.8291782286394158,-0.33890944945601453,2.6635815954334103
124,-0.5075385999285076,0.50345627808216,-2.0836750134441018,0.1501024207601025,0.0542127385092922,-2.031751451157279,0.8342220400679291,-0.43267664020077984,2.6985451234417686
125,-0.03769517453049912,-0.3137820523860904,-2.0836750134441018,0.14966766502114953,0.061132202685503914,-2.073704923423979,0.8350057265088809,-0.4276394130844624,2.7306103301411113
126,-1.0713507104061177,-1.1310203828543406,-2.0836750134441018,0.14930143553299158,0.06833277470039824,-2.113046979948597,0.8416414987893365,-0.4691331633350617,2.7659375876825645
127,-0.03769517453049925,0.50345627808216,-2.2766156852512003,0.14895977215222034,0.07575065636980802,-2.149612424803002,0.8443683488304967,-0.443884066383809,2.7983117245269606
128,-0.8834133402469142,-1.1310203828543406,-2.2766156852512003,0.14859973940596571,0.08332385127512952,-2.183244337521729,0.8530361867740113,-0.46039238693349877,2.833954110227984
129,-0.31960122976930416,1.32069460855041,-2.2766156852512003,0.14817979097573739,0.09099259470656365,-2.213795207266416,0.8581026449330186,-0.42598146662623726,2.866597500510757
130,0.15024219562870406,2.1379329390186608,-2.2766156852512003,0.147660136039319,0.09869974449059568,-2.2411280194573022,0.8690691271767214,-0.4290928338723757,2.902505247652978
131,-0.7894446551673127,0.5034562780821596,-2.2766156852512003,0.14700310185944226,0.10639112703805047,-2.265117286434471,0.8766958215861477,-0.3902157342493861,2.93537693400513
132,4.190895654051577,1.32069460855041,-2.469556357058299,0.14617348445341002,0.11401583361860522,-2.2856500139403146,0.8900640382710718,-0.38550834595887185,2.971499232882924
133,-0.22563254468970256,-0.3137820523860903,-2.469556357058299,0.14513887744943904,0.12152646459362842,-2.302626595429245,0.9003135837881302,-0.3444343975743484,3.004557063945974
134,-1.0713507104061177,-1.1310203828543406,-2.469556357058299,0.1438699691801218,0.12887932336040706,-2.3159616264249157,0.9160492628114082,-0.334901844947596,3.0408421039224103
135,-0.7894446551673127,-1.1310203828543406,-2.469556357058299,0.14234080003167668,0.13603456544447998,-2.3255846314421724,0.9288567282372605,-0.2928486437252655,3.074042751081019
136,0.6200856210267126,-1.1310203828543406,-2.469556357058299,0.14052897480973575,0.14295631000108194,-2.33144069642801,0.9468216346113117,-0.28024384269422475,3.110437704440811
137,0.9959603613451192,-0.3137820523860904,-2.469556357058299,0.1384158262735276,0.14961272023255887,-2.3334910002225846,0.962029098554399,-0.2379236960762329,-3.13944867661575
138,2.2175532673799414,0.50345627808216,-2.469556357058299,0.1359865254459444,0.1559760562288045,-2.3317132391221036,0.9820144113432115,-0.22334854221622527,-3.102997707834444
139,1.371835101663526,0.5034562780821596,-2.469556357058299,0.1332301335322698,0.16202269973848676,-2.3261019391908273,0.9994033247640166,-0.18121052100285528,-3.0696463068962174
140,-0.31960122976930416,1.32069460855041,-2.469556357058299,0.1301395913289648,0.16773314693085256,-2.3166686515128863,1.021158677602407,-0.16539939438350224,-3.033194359855841
141,-0.13166385961010085,2.13793293901866,-2.469556357058299,0.12671164531946086,0.17309196346085134,-2.3034420261093027,1.040477071077464,-0.12374515288470743,-2.9998376180701967
142,-0.03769517453049912,0.5034562780821596,-2.6624970288653964,0.12294671389967453,0.17808769657592083,-2.286467760791274,1.0637338690821283,-0.10721059908038366,-2.9634409283607055
143,-0.6015072850081092,0.50345627808216,-2.6624970288653964,0.11884870045201427,0.1827127415055271,-2.2658084218168617,1.0847176593161076,-0.06625237968273757,-2.9301273482315504
144,0.1502421956287043,-1.1310203828543406,-2.6624970288653964,0.11442476128252478,0.18696316329169468,-2.241543133946548,1.1092065173887136,-0.0493636944675483,-2.893843368448689
145,-0.695475970087711,-1.1310203828543406,-2.6624970288653964,0.10968503604570368,0.19083847920958852,-2.2137671384615167,1.1315949181839189,-0.00925433589118395,-2.8606228031065775
146,0.05627351054910247,-0.3137820523860903,-2.6624970288653964,0.10464234702149887,0.19434140937431169,-2.182591218978885,1.157057604000785,0.0077180208725033325,-2.824510148242063
147,-1.0713507104061177,0.5034562780821596,-2.6624970288653964,0.09931187202780539,0.19747760308027706,-2.148140996440655,1.180603365553043,0.04686887540218129,-2.7914336963736117
148,4.284864339131178,0.50345627808216,-2.6624970288653964,0.09371079407994051,0.2002553462618509,-2.110556096391898,1.2068004046662086,0.06372702969631135,-2.755551989476449
149,0.2442108807083059,-1.1310203828543406,-2.6624970288653964,0.08785792955157024,0.20268525266681936,-2.0699891935485177,1.2312763749928872,0.10184407473438514,-2.7226717818536184
150,-0.6015072850081092,2.1379329390186608,-2.6624970288653964,0.08177333653555899,0.2047799392967618,-2.026604940677601,1.2579920216525207,0.11844721019712096,-2.687081384663855
151,0.526116935947111,2.9551712694869106,-2.469556357058299,0.07547790720544253,0.2065536858211654,-1.9805787909815007,1.2831958230565692,0.15548537138052054,-2.654450253315853
152,-0.413569914848906,-1.1310203828543406,-2.2766156852512003,0.06899295154296577,0.20802207798895062,-1.9320957254777713,1.310242041645546,0.17174126537986412,-2.6192118799368425
153,0.43214825086750913,-0.3137820523860904,-2.0836750134441018,0.06233978284937501,0.20920163687559185,-1.881348899222308,1.3360002023448228,0.20768484019425598,-2.586882916374334
154,-0.413569914848906,0.50345627808216,-1.8907343416370037,0.055539316826299104,0.2101094390207965,-1.828538222461753,1.3632204496491316,0.2235458237127388,-2.5520571460538553
155,-0.7894446551673127,0.50345627808216,-1.6977936698299056,0.04861169612181909,0.2107627356515437,-1.7738688947061627,1.389392257049016,0.25840916668584285,-2.5200831753116204
156,-0.6015072850081092,-1.1310203828543406,-1.5048529980228074,0.04157595182619528,0.21117858071355614,-1.7175499111117187,1.4166648582360986,0.27386993013278305,-2.4857299011627796
157,-0.8834133402469142,0.5034562780821596,-1.3119123262157093,0.03444971252292743,0.21137347743526538,-1.659792561374265,1.4431454893636126,0.3076977916759841,-2.4541629169839467
158,-0.8834133402469142,-1.1310203828543406,-1.1189716544086108,0.027248969838390275,0.21136305253646226,-1.6008089415404243,1.4703860216037075,0.3227928772576456,-2.4203407811521247
159,-0.695475970087711,1.32069460855041,-0.9260309826015127,0.019987906893896252,0.21116176624695895,-1.5408104987487838,1.4971083376963268,0.3556590635364572,-2.3892313953543645
160,0.9019916762655176,-0.3137820523860903,-0.7330903107944146,0.012678792904325338,0.21078266492289235,-1.4800066279262558,1.5242704058995789,0.37045880370861045,-2.3559972629091797
161,-0.695475970087711,-1.1310203828543406,-0.7330903107944146,0.005331943882645591,0.21023718155899082,-1.4186033378937422,1.551204882488535,0.4024625834301398,-2.32539421879349
162,0.9959603613451194,-1.1310203828543406,-0.7330903107944146,-0.00204425333965199,0.20953498829638603,-1.35680200221209,1.5782789096120506,0.4170670143731978,-2.292802734967752
163,-0.6954759700877109,-0.3137820523860904,-0.7330903107944146,-0.009443258218051823,0.2086839038137896,-1.2947982075199116,1.6054315399644208,0.4483272602482426,-2.2627525226150613
164,-0.7894446551673127,-0.3137820523860904,-0.7330903107944146,-0.01686023969547056,0.2076898564217735,-1.2327807092656058,1.6324416236881714,0.4628581120423587,-2.2308557812707916
165,-0.6015072850081095,-0.3137820523860904,-0.7330903107944146,-0.024291890464065553,0.20655690045180158,-1.1709305018481362,1.659850001508204,0.49350565597805746,-2.2014023714409445
166,-0.31960122976930444,1.32069460855041,-0.7330903107944146,-0.03173619756547173,0.20528727986378326,-1.1094200074395208,1.6868490987199092,0.5080971562274192,-2.1702496985945983
167,-0.13166385961010096,0.5034562780821596,-0.7330903107944146,-0.03919217578253375,0.20388152994055034,-1.0484123852589065,1.7145769083414972,0.5382665196138626,-2.141434387725875
168,0.15024219562870406,1.32069460855041,-0.7330903107944146,-0.046659572179981554,0.20233860620112132,-0.9880609608298038,1.7416405273149058,0.5530564788747135,-2.1110722226148826
169,2.3115219524595427,2.13793293901866,-0.7330903107944146,-0.05413855205867836,0.20065602959345946,-0.9285087727810983,1.7697706332227208,0.5828785909963026,-2.0829335648289957
170,0.15024219562870406,-0.3137820523860904,-0.7330903107944146,-0.06162937762768296,0.19883003869143615,-0.8698882330474026,1.796989363777307,0.5980012893318265,-2.0534054094430902
171,-0.695475970087711,-1.1310203828543406,-0.7330903107944146,-0.06913209018302169,0.19685574270221945,-0.8123208948830533,1.8256160617514616,0.6275983248460646,-2.0259792037280375
172,0.15024219562870406,0.5034562780821596,-0.7330903107944146,-0.07664620444011218,0.1947272726766571,-0.7559173219237576,1.8530877689846383,0.6431798119294986,-1.9973256063176954
173,0.6200856210267126,1.32069460855041,-0.9260309826015127,-0.08417042086075786,0.1924379310094572,-0.7007770506104262,1.8823091928819329,0.6726621476653674,-1.970644902601582
174,-0.3196012297693043,1.32069460855041,-0.7330903107944146,-0.09170235967879828,0.1899803403023135,-0.6469886376466943,1.9101318683580457,0.6888174554029678,-1.9429034365209947
175,-0.13166385961010096,-1.1310203828543406,-0.7330903107944146,-0.09923831924424777,0.18734659274478704,-0.5946297838329837,1.940043368403898,0.7182819599096175,-1.916998520217124
176,-0.8834133402469144,-0.3137820523860904,-0.5401496389873164,-0.1067730607028515,0.18452840183984165,-0.5437675256235633,1.9683091673298605,0.7351133692340435,-1.890203716021298
177,0.526116935947111,0.5034562780821596,-0.5401496389873164,-0.11429962057067859,0.1815172597578613,-0.49445848601490117,1.9989979194277088,0.7646422769621479,-1.8651020288511537
178,0.15024219562870406,-1.1310203828543406,-0.5401496389873164,-0.12180915268551569,0.17830460461396264,-0.44674917673103004,2.027788434278201,0.7822379514276429,-1.8392852191993736
179,-0.6015072850081092,-0.3137820523860904,-0.5401496389873164,-0.1292908013597785,0.17488200162979803,-0.40067634398133534,2.0593292097347238,0.8118976881709811,-1.8150111793960049
180,-0.7894446551673127,-0.3137820523860903,-0.5401496389873164,-0.13673160789703026,0.17124134071269276,-0.3562673503020553,2.0887118249949235,0.8303300399917642,-1.7902002242665427
181,-0.6015072850081092,1.32069460855041,-0.5401496389873164,-0.1441164527464655,0.16737505103004438,-0.313540585236392,2.1211637327071946,0.8601695148298371,-1.7667749161186574
182,1.371835101663526,-0.3137820523860904,-0.5401496389873164,-0.15142803584836412,0.16327633107758277,-0.2725058979636327,2.1511888609603544,0.8794930232732637,-1.7429937787985172
183,0.7140543061063144,-0.3137820523860905,-0.5401496389873164,-0.15864689848052616,0.15893939110458835,-0.2331650455166393,2.184592877906517,0.9095414029705983,-1.7204344788423585
184,-0.5075385999285076,-0.3137820523860904,-0.5401496389873164,-0.1657514905720985,0.15435970403890187,-0.1955121509451614,2.215291911319575,0.929790111787586,-1.697702617748821
185,0.8080229911859157,-1.1310203828543406,-0.3472089671802181,-0.1727182869985253,0.14953426090457506,-0.15953416668242132,2.2496690914163273,0.9600544342693301,-1.6760221199511283
186,0.2442108807083059,0.50345627808216,-0.3472089671802181,-0.179521954601492,0.14446182620537396,-0.12521133942413198,2.2810530592807194,0.9812394745347301,-1.6543536624540216
187,-0.6015072850081092,-0.3137820523860904,-0.15426829537311995,-0.18613556935958056,0.13914318730559008,-0.09251767395663457,2.316403538587111,1.011702372840683,-1.633559374088559
188,0.9019916762655176,2.13793293901866,0.03867237643397832,-0.19253088100925356,0.13358138979504214,-0.06142139444928739,2.3484626676656846,1.0338097112919173,-1.6129620599686048
189,-0.7894446551673127,-0.3137820523860904,0.03867237643397832,-0.198678620660546,0.1277819490920839,-0.03188540261443195,2.3847656474042473,1.0644274701976693,-1.5930548726617766
190,-0.413569914848906,0.50345627808216,0.03867237643397832,-0.2045488455347626,0.12175302803119481,-0.003867732717983737,2.4174698982127953,1.0874162015644848,-1.5735287995741714
191,-0.22563254468970256,-0.3137820523860904,0.03867237643397832,-0.21011131391793678,0.11550557115044757,0.022677996357823756,2.4546845368633,1.1181175756038013,-1.5545017915499941
192,-0.5075385999285076,2.13793293901866,0.03867237643397832,-0.2153358828972678,0.1090533881756759,0.047802131882340504,2.487984906022224,1.1419192080663683,-1.5360380491939323
193,-0.31960122976930416,1.32069460855041,0.03867237643397832,-0.22019292151838774,0.10241318094944601,0.07155854099164782,2.5260518024408114,1.1726053482576495,-1.5178751241501374
194,0.24421088070830566,-0.3137820523860904,0.03867237643397832,-0.22465373253667717,0.09560450980262795,0.09400416769731698,2.55988199132665,1.1971242419251036,-1.5004544442499275
195,0.05627351054910247,-1.1310203828543406,0.23161304824107648,-0.22869097658565732,0.08864969780726467,0.11519859368229395,2.5987248239543326,1.2276697021900982,-1.483129041205759
196,-0.9773820253265161,0.50345627808216,0.23161304824107648,-0.23227909299161936,0.08157367441323779,0.1352036034448441,2.633002853565707,1.252784469807644,-1.4667206101838353
197,-0.22563254468970256,1.32069460855041,0.23161304824107648,-0.2353947114638199,0.07440376239953778,0.15408275440716085,2.6725298313078096,1.2830389830731515,-1.4501946337297251
198,1.5597724718227297,0.50345627808216,0.23161304824107648,-0.2380170486620921,0.06716941297889173,0.17190095274630585,2.7071593793914777,1.3086044004613884,-1.4347552286084089
199,-0.6015072850081093,0.50345627808216,0.23161304824107648,-0.24012828345136072,0.05990189407143484,0.1887240359827559,2.747264414922012,1.3383949092678757,-1.4189783631390036
200,-0.6015072850081092,0.50345627808216,0.23161304824107648,-0.24171390429358214,0.052633937676299244,0.204618363735393,2.782135914812673,1.3642438105990127,-1.4044519810068774
201,-0.5075385999285076,-1.1310203828543406,0.23161304824107648,-0.24276302128406096,0.045399354307280836,0.2196504184346954,2.822699667894322,1.3933763786796947,-1.389361554788426
202,-0.695475970087711,-1.1310203828543406,0.23161304824107648,-0.24326863410102564,0.03823262474865051,0.23388641811742228,2.8576914232029105,1.4193212499643624,-1.3756796916859435
203,-0.977382025326516,-0.3137820523860904,0.23161304824107648,-0.2432278465313835,0.031168480767505106,0.24739194368768264,2.8985825518609913,1.4475826299396672,-1.361201226279602
204,-0.977382025326516,-0.3137820523860904,0.23161304824107648,-0.24264201877948768,0.02424148614258925,0.2602315832216916,2.933562244966736,1.4734165311984104,-1.3482839103578461
205,-0.7894446551673127,-1.1310203828543406,0.23161304824107648,-0.24151685027250597,0.01748562746378742,0.27246859602048945,2.9746391933297898,1.5005749372460253,-1.334332427202248
206,-0.8834133402469142,0.50345627808216,0.23161304824107648,-0.23986238782016323,0.01093392140991877,0.28416459917987735,3.0094660026822826,1.5260711877873763,-1.322090031617278
207,-0.22563254468970256,1.32069460855041,0.23161304824107648,-0.23769295654784134,0.004618042537882526,0.2953792794529863,3.0505793991187784,1.5518758952121083,-1.3085721012746738
208,-0.5075385999285076,-0.3137820523860904,0.23161304824107648,-0.2350270137114382,-0.001432026391987938,0.3061701331311277,3.0851066871273574,1.5767863169815717,-1.2969078654944741
209,-0.5075385999285076,0.5034562780821596,0.23161304824107648,-0.23188692794684537,-0.007188320387731383,0.31659223656549923,3.1261022484854375,1.6009663438672501,-1.2837242861938767
210,-0.9773820253265161,-1.1310203828543406,0.03867237643397832,-0.2282986884509215,-0.012625192802003807,0.32669804979502337,-3.123004598105122,1.6250185474450567,-1.2725373715788022
211,0.05627351054910247,-1.1310203828543406,0.03867237643397832,-0.22429155008277507,-0.017719587505651353,0.33653725551330366,-3.0822827286822,1.6472813021762602,-1.2595862645626403
212,-0.8834133402469142,-1.1310203828543406,0.03867237643397832,-0.2198976217057304,-0.022451278809150082,0.3461566352369108,-3.048801457435523,1.6701758818104655,-1.2487750755933316
213,0.1502421956287043,1.32069460855041,0.03867237643397832,-0.21515140646564032,-0.02680307590969053,0.3555999839380918,-3.008506865337096,1.6902067963054435,-1.2359551004805045
214,0.2442108807083059,-0.3137820523860904,0.03867237643397832,-0.21008930401873674,-0.030760990739885873,0.3649080635331789,-2.975765997957658,1.7116152224469094,-1.2254205345294684
215,0.1502421956287043,-1.1310203828543406,0.23161304824107648,-0.2047490856942086,-0.03431437061308311,0.37411859452363383,-2.936045523618407,1.7290793865612477,-1.2126338801687793
216,-0.8834133402469145,0.50345627808216,0.23161304824107648,-0.19916935393434973,-0.03745599878393177,0.383266283885096,-2.9041782189008223,1.748643670021415,-1.2022821542997502
217,0.1502421956287043,1.32069460855041,0.42455372004817465,-0.1933889970506244,-0.04018216675145252,0.3923828861257354,-2.865166766501779,1.7631912784253696,-1.1894369814011982
218,-0.6015072850081092,1.32069460855041,0.42455372004817465,-0.18744664972511674,-0.04249272235285645,0.4014972934264397,-2.8342904024112086,1.7805277358912175,-1.1791817515051741
219,-0.22563254468970256,0.5034562780821596,0.42455372004817465,-0.18138016932844858,-0.0443910973346751,0.4106356500466707,-2.7961049306729806,1.7918066436681088,-1.166193864965341
220,0.33817956578790753,-1.1310203828543406,0.42455372004817465,-0.17522613825229633,-0.045884316356411395,0.4198214857772282,-2.7663144839498557,1.8065177594427153,-1.155957488575725
221,0.2442108807083059,-0.3137820523860904,0.4031158676251636,-0.16901940283568193,-0.04698298628270148,0.42907586309870555,-2.729047258514525,1.8141978258699918,-1.1427511653378206
222,0.2442108807083059,-1.1310203828543406,0.6174943918552728,-0.1627926596719706,-0.04770126155223814,0.43841753275214823,-2.700408087189803,1.825897594859002,-1.1324651120977798
223,2.3115219524595427,-0.3137820523860904,0.6174943918552728,-0.15657609971120878,-0.04805677996851043,0.44786309255006107,-2.664119822687366,1.8297117625667738,-1.1189731472805247
224,0.24421088070830566,-1.1310203828543406,0.6174943918552728,-0.15039711927998356,-0.048070563897132754,0.4574271444450697,-2.6366607648489366,1.838069710936771,-1.108577679740105
225,-0.22563254468970256,-0.3137820523860904,0.6174943918552728,-0.14428010466608962,-0.047766883928511764,0.4671224452036408,-2.6013748159897303,1.8378743645900397,-1.0947408081552323
226,-0.7894446551673127,1.32069460855041,0.6174943918552728,-0.13824629334396807,-0.0471730846888765,0.47696004655555807,-2.575082848027934,1.8426805206994774,-1.0841841306581281
227,-0.03769517453049937,0.5034562780821596,0.6174943918552728,-0.13231371113054563,-0.04631937493929536,0.48694942136524366,-2.54078163922206,1.8385319932547606,-1.0699500375360635
228,-0.31960122976930416,-1.1310203828543406,0.6174943918552728,-0.12649718191041318,-0.045238585645474394,0.49709857310362704,-2.5155990945584357,1.8397788337104437,-1.0591871485397322
229,1.935647212141136,-0.3137820523860904,0.6174943918552728,-0.12080840566176572,-0.043965899806420974,0.5074141266184798,-2.48222358561015,1.832013567768053,-1.0445093002028325
230,-0.5075385999285076,-0.3137820523860904,0.6174943918552728,-0.11525610060362936,-0.04253855695534081,0.5179013988812962,-2.458048656772106,1.8299803684088698,-1.033500775913912
231,-0.03769517453049912,1.32069460855041,0.6174943918552728,-0.10984620503212245,-0.040995534637887854,0.5285644490256272,-2.4255016404356944,1.8192738768163292,-1.0183372748499275
232,1.371835101663526,-0.3137820523860904,0.6174943918552728,-0.10458213310555028,-0.0393772094409211,0.5394061075845865,-2.40219315713092,1.8145854295847512,-1.0070481688285517
233,-0.13166385961010096,-0.3137820523860904,0.6174943918552728,-0.09946507680541875,-0.037725000598197306,0.5504279853833133,-2.3703473873046663,1.8019558447813049,-0.9913607875163136
234,-0.31960122976930416,-0.3137820523860903,0.6174943918552728,-0.09449434418358557,-0.036080998966856445,0.5616304630447764,-2.3477346954344,1.795579877302993,-0.979759774656628
235,-0.8834133402469144,-1.1310203828543406,0.6174943918552728,-0.08966772203962117,-0.03448758341668154,0.5730126625236688,-2.3164460756006955,1.782308130073426,-0.9635132670245566
236,-0.6015072850081093,1.32069460855041,0.6174943918552728,-0.08498184955687188,-0.03298702630268184,0.5845724024925036,-2.29434358931355,1.7754674318029884,-0.9515721039479226
237,0.2442108807083059,-0.3137820523860903,0.6174943918552728,-0.08043258874081788,-0.03162109017117101,0.5963061397656122,-2.2634681148036724,1.7629357335107465,-0.9347338406720753
238,-0.695475970087711,-0.3137820523860904,0.6174943918552728,-0.07601537810008877,-0.030430618723522086,0.6082088992597773,-2.241692548016669,1.7569450661852464,-0.9224271637982097
239,-0.695475970087711,-1.1310203828543406,0.6174943918552728,-0.07172555744760047,-0.029455125568908707,0.6202741952539439,-2.211104359333789,1.746436437530609,-0.9049670919461348
240,-0.8834133402469142,1.32069460855041,0.6174943918552728,-0.06755865327285379,-0.02873238432648675,0.6324939469240622,-2.1894916957329795,1.7425129834140214,-0.8922725325778978
241,-0.7894446551673127,-0.3137820523860904,0.6174943918552728,-0.06351061569315554,-0.02829802375538448,0.6448583912919001,-2.159099188457474,1.7350382173043921,-0.8741634237970495
242,-0.695475970087711,-0.3137820523860904,0.6174943918552728,-0.05957799989994057,-0.028185132045867495,0.6573559968378713,-2.1375184212055784,1.734148439004781,-0.8610619881593639
243,-0.31960122976930416,-1.1310203828543406,0.6174943918552728,-0.055758087519367366,-0.028423874753409923,0.6699733810868774,-2.107275638496459,1.7303523805796366,-0.8422799137961394
244,-0.5075385999285076,0.50345627808216,0.6174943918552728,-0.05204894619496693,-0.029041130890489545,0.6826952354821909,-2.0856367442633403,1.7331359883048512,-0.8287565555732229
245,-0.7894446551673127,-0.3137820523860904,0.6174943918552728,-0.04844942854901507,-0.03006015193331001,0.695504260814881,-2.0555479831540353,1.7332939868376516,-0.8092815118146022
246,0.05627351054910247,0.5034562780821596,0.6174943918552728,-0.044959114206350986,-0.031500249338402286,0.7083811163746625,-2.03380253520775,1.740066594640723,-0.7953258147871121
247,0.9959603613451194,-1.1310203828543406,0.6174943918552728,-0.04157820073567603,-0.03337651718054045,0.721304385831786,-2.003919268495543,1.7441456861662556,-0.775142415262411
248,-0.13166385961010096,1.32069460855041,0.6174943918552728,-0.03830735112117464,-0.03569959712199522,0.7342505626482674,-1.982053270583152,1.7549536983540832,-0.7607493027830827
249,-0.13166385961010096,2.1379329390186608,0.6174943918552728,-0.035147506375866985,-0.038475493005256226,0.7471940575499907,-1.9524635490266606,1.7627008574805625,-0.7398474584385282
250,-0.413569914848906,-1.1310203828543406,0.6174943918552728,-0.03209967187169936,-0.041705441911336655,0.7601072302687404,-1.9304828671753527,1.7773963989606385,-0.7250178527062168
251,-1.0713507104061177,0.50345627808216,0.6174943918552728,-0.029164685295250597,-0.045385847112804203,0.7729604473848157,-1.9012938435838806,1.788424384071112,-0.7033933670554589
252,-0.31960122976930444,1.32069460855041,0.6174943918552728,-0.026342973781913616,-0.04950827580679566,0.7857221676664828,-1.8792026360673368,1.8067371691001162,-0.6881347321176153
253,0.15024219562870406,-0.3137820523860904,0.6174943918552728,-0.02363430842235965,-0.054059521583740486,0.7983590558121282,-1.8505165305300908,1.8205931163525375,-0.6657897518738061
254,-0.03769517453049937,-1.1310203828543406,0.6174943918552728,-0.021037565923198956,-0.05902172908679654,0.8108361249547498,-1.8282885855652515,1.842188167202424,-0.6501164677068205
255,3.25120880325556,1.32069460855041,0.6174943918552728,-0.0185505090225536,-0.06437257634001738,0.8231169076866148,-1.8001724439105065,1.8584014109515703,-0.6270597422477135
256,0.808022991185916,-1.1310203828543406,0.6174943918552728,-0.016169598217210222,-0.07008550875429172,0.8351636547049299,-1.777716245381466,1.8829200193568212,-0.6109932713690402
257,-1.0713507104061177,-0.3137820523860904,0.6174943918552728,-0.013889846387810467,-0.07613001807868171,0.8469375594677698,-1.7501680500760608,1.9010314239416615,-0.5872401882301005
258,-0.7894446551673127,-0.3137820523860904,0.8104350636623712,-0.011704724753932826,-0.08247195949382558,0.8583990064872516,-1.7272894750624739,1.9281170631970492,-0.5708090106193104
259,3.7210522286535683,-1.1310203828543406,0.8104350636623712,-0.009606124506796291,-0.08907390040666074,0.8695078400977435,-1.700206463893518,1.9476941040979934,-0.5463813889107223
260,-0.6015072850081093,-0.3137820523860904,1.0033757354694695,-0.00758437529407339,-0.09589549534182613,0.8802236497903929,-1.6765757764443536,1.977006520695069,-0.5296206980272018
261,-0.3196012297693043,-0.3137820523860903,1.0033757354694695,-0.005628319745350248,-0.10289388274399383,0.890506067616969,-1.6497322496395426,1.9976483225154151,-0.5045463420794312
262,-0.6954759700877108,0.50345627808216,1.0033757354694695,-0.0037254411548644254,-0.11002410133973747,0.9003150728483642,-1.624862712664072,2.0288690956170194,-0.4874975213901104
263,-0.31960122976930416,0.50345627808216,1.0033757354694695,-0.0018620389378417842,-0.11723952549962302,0.909611299073358,-1.5979041912346037,2.050204882045036,-0.4618095697086184
264,-0.413569914848906,0.5034562780821596,1.0033757354694695,-2.3444855564276612e-05,-0.12449232015354847,0.918356339197385,-1.5711492034511996,2.083037293313486,-0.44451950697862874
265,-0.03769517453049912,-0.3137820523860904,1.0033757354694695,0.0018057268040968834,-0.1317339157322261,0.9265130442398604,-1.543607817355722,2.1047209757503857,-0.41825564838053436
266,2.7813653778575516,0.50345627808216,1.0033757354694695,0.0036413005027898376,-0.13891550234836694,0.9340458123198255,-1.514180994950473,2.1388866022279664,-0.40077597434918266
267,-0.6015072850081092,-0.3137820523860904,1.0033757354694695,0.005499236314525794,-0.1459885405595571,0.9409208646968894,-1.4855126568414256,2.1605896601620516,-0.37397761882863007
268,0.24421088070830566,0.50345627808216,1.0033757354694695,0.007395306496103031,-0.1529052842350418,0.9471065061771702,-1.4525314496025925,2.195823584414973,-0.3563639569184588
269,-0.5075385999285076,-0.3137820523860904,1.0033757354694695,0.009344757528184817,-0.15961930957128836,0.9525733676014821,-1.4221709234256423,2.217227684981785,-0.3290754355187528
270,-0.6015072850081092,-0.3137820523860904,1.0033757354694695,0.011361965811881744,-0.16608604308351815,0.9572946285080338,-1.3847205959048914,2.2532734803574126,-0.3113867272419598
271,-0.413569914848906,-1.1310203828543406,1.0033757354694695,0.013460096890640406,-0.17226328035982444,0.9612462184072668,-1.3521459334994939,2.274063537826864,-0.28365456992903093
272,-0.7894446551673127,-0.3137820523860904,1.0033757354694695,0.015650778186262135,-0.1781116866954209,0.9644069954251511,-1.309355930276773,2.3106685468782624,-0.2659525155329918
273,0.05627351054910247,-0.3137820523860904,1.0033757354694695,0.017943794007123818,-0.1835952707876357,0.9667589013663428,-1.2741492621766306,2.330526430300121,-0.23782483316271744
274,-0.13166385961010071,0.5034562780821596,1.0033757354694695,0.02034680962478087,-0.18868182356540017,0.9682870925233528,-1.2252707074050204,2.3674374607966584,-0.22017346739986873
275,-0.413569914848906,-1.1310203828543406,1.0033757354694695,0.022865129092945576,-0.19334331549479214,0.9689800458155763,-1.1871626225844856,2.386036301638649,-0.19169944721248267
276,-0.22563254468970256,-1.1310203828543406,1.0033757354694695,0.025501489629544644,-0.19755624668190142,0.9688296400861119,-1.1316379500616236,2.4229956943340216,-0.17416485715516078
277,1.935647212141136,1.32069460855041,1.0033757354694695,0.028255893979114332,-0.20130194463524154,0.9678312126182451,-1.090528811714881,2.4399947885565023,-0.14539437073773606
278,-0.31960122976930416,-1.1310203828543406,1.0033757354694695,0.031125481260090345,-0.20456680508280248,0.9659835911608486,-1.0280499161584715,2.476736962576574,-0.12804455564438486
279,-0.6954759700877109,-0.3137820523860904,1.0033757354694695,0.03410443660980789,-0.20734247197299893,0.9632891019763574,-0.9840087322556893,2.4917775860778217,-0.09902787307514894
280,-0.22563254468970256,-0.3137820523860904,1.0033757354694695,0.03718394064853431,-0.20962595338021395,0.9597535546500532,-0.9145631859986145,2.528026448275369,-0.08193274444223707
281,-0.22563254468970256,-1.1310203828543406,1.0033757354694695,0.04035216082251479,-0.2114196703203225,0.9553862046288025,-0.8678089008525035,2.5407292650372506,-0.0527203473042975
282,-0.7894446551673127,-1.1310203828543406,1.0033757354694695,0.043594286993098044,-0.2127314358766839,0.9501996946948071,-0.7917119955454895,2.576197141791833,-0.03595186931325663
283,-0.8834133402469142,-0.3137820523860904,1.0033757354694695,0.04689261276220347,-0.21357436301518193,0.9442099768289828,-0.7425822858591232,2.5861622828184623,-0.0065943572353626715
284,-0.695475970087711,-0.3137820523860904,0.8104350636623712,0.05022666228466324,-0.21396670115461422,0.937436216179669,-0.6604872650822174,2.620551295190289,0.009773167613867598
285,-0.03769517453049925,-0.3137820523860905,0.8104350636623712,0.053573360020435015,-0.21393160372295103,0.9299006791061932,-0.6093982568451223,2.627362564399987,0.03922507928028907
286,3.7210522286535683,-0.3137820523860904,0.8104350636623712,0.056907238186311895,-0.2134968310192727,0.9216286074515739,-0.522273587647403,2.6603695875781947,0.05511457076209754
287,0.05627351054910247,0.50345627808216,0.8104350636623712,0.060200674307621965,-0.21269439417791244,0.9126480812263541,-0.4696737944465413,2.6636047320766316,0.08460996612190365
288,0.05627351054910247,-0.3137820523860904,0.8104350636623712,0.06342415068049738,-0.211560146745194,0.9029898717138388,-0.37873982140282103,2.69493151723682,0.09994097015362695
289,-0.6015072850081093,-0.3137820523860904,0.8104350636623712,0.06654652960327936,-0.2101333304426964,0.8926872866849132,-0.3250637365661701,2.6941812624069925,0.1294285811564872
290,-0.6015072850081092,-0.3137820523860904,0.8104350636623712,0.06953534185079052,-0.20845608125812512,0.8817760090327779,-0.23169220367609078,2.7235519166838107,0.14411653662033974
291,-0.4135699148489059,-1.1310203828543406,0.8104350636623712,0.07235708871365291,-0.2065729013816165,0.8702939297727591,-0.17732126203872864,2.7184510183005557,0.17354457497372994
292,-0.9773820253265161,-1.1310203828543406,0.8104350636623712,0.07497755855105162,-0.20453010219121626,0.8582809760256223,-0.08291432770389258,2.745639149692786,0.18749999085654792
293,2.217553267379941,0.50345627808216,0.8104350636623712,0.07736215748821781,-0.20237522393040772,0.8457789343205987,-0.028151565465789917,2.7359119525846056,0.21681603969508448
294,0.24421088070830566,-1.1310203828543406,0.8104350636623712,0.07947625181376318,-0.20015643902468738,0.8328312693192382,0.06597606722442352,2.760778408230708,0.22994364815480678
295,-0.7894446551673127,-1.1310203828543406,0.8104350636623712,0.08128551808791383,-0.19792194780825376,0.8194829378757074,0.12091589393734727,2.7462980610602896,0.25909470655431466
296,-0.5075385999285076,-1.1310203828543406,0.8104350636623712,0.08275629679684647,-0.19571937727842778,0.8057801982155445,0.21362965472876774,2.768836553193975,0.2712926701637208
297,-0.6954759700877109,3.7724095999551603,0.8104350636623712,0.0838559462062542,-0.19359519526808663,0.791770413935283,0.26861646758298474,2.7496905196277144,0.3002254587783421
298,3.063271433096357,0.5034562780821596,0.8104350636623712,0.08455319351660036,-0.1915941540977654,0.7775018525016744,0.35901575373252476,2.7700727717695655,0.3113847242972428
299,0.05627351054910247,0.5034562780821596,0.6174943918552728,0.0848184798458754,-0.1897587783567879,0.763023477959957,0.4139910227332063,2.7466187247493323,0.3400463782285332
300,-0.31960122976930416,-0.3137820523860904,0.6174943918552728,0.08462429501461534,-0.18812890952761432,0.7483847376243954,0.5014225534339277,2.7652249481280826,0.3500502878841628
301,-0.977382025326516,-1.1310203828543406,0.8104350636623712,0.08394549896988515,-0.18674131584757978,0.7336353425603903,0.5563816296144,2.738114528270691,0.37838958533688505
302,-0.3196012297693043,1.32069460855041,0.8104350636623712,0.08275962867363094,-0.18562937120009015,0.7188250416083751,0.640420764534662,2.755533053443092,0.38711388365488325
303,-0.13166385961010071,1.32069460855041,0.8104350636623712,0.08104719062409671,-0.18482280383814742,0.7040033885659652,0.6953949046724093,2.725682443780573,0.4150831909742662
304,-0.6015072850081093,-1.1310203828543406,0.8104350636623712,0.07879193869352619,-0.18434751426905105,0.6892195020743055,0.7758073092713748,2.7426677458300044,0.4223966069951957
305,-0.5075385999285076,1.32069460855041,0.8104350636623712,0.07598113507803043,-0.18422546023015612,0.6745218178849739,0.8308477545684857,2.7111672180147695,0.4499547610705862
306,0.7140543061063142,-1.1310203828543406,0.8104350636623712,0.07260578989630648,-0.18447460447489097,0.6599578335349963,0.9075432312440197,2.7285588341664457,0.45572038732631676
307,2.3115219524595427,-0.3137820523860904,0.8104350636623712,0.06866087294652717,-0.18510891853501354,0.645573845960961,0.9627087699943813,2.696536306697386,0.4828367524791077
308,0.24421088070830566,-0.3137820523860904,0.8104350636623712,0.06414548980052599,-0.18613843366882749,0.6314146831766627,1.0356964351882083,2.715157911345883,0.48691444389325234
309,-0.695475970087711,-1.1310203828543406,0.8104350636623712,0.05906301454906063,-0.18756932930091014,0.6175234317989166,1.0910453029191214,2.6836326253593246,0.5135743423188776
310,0.9019916762655176,-1.1310203828543406,0.8104350636623712,0.053421173446419376,-0.18940404939139172,0.6039411629293207,1.1603955540237036,2.7042000908699757,0.5158243065669315
311,-0.6954759700877109,0.5034562780821596,0.6174943918552728,0.04723207647361147,-0.19164143818810714,0.5907066596817702,1.2159816361254758,2.6739665763573504,0.5420359284670432
312,1.371835101663526,-1.1310203828543406,0.6174943918552728,0.040512195963263845,-0.19427688850376237,0.577856150462603,1.2817966607837459,2.69702876173191,0.5423235691590281
313,-0.03769517453049912,-1.1310203828543406,0.42455372004817465,0.03328229243921019,-0.19730249766112173,0.5654230528926332,1.3376689953636662,2.6685954237243155,0.5681263126408618
314,0.33817956578790753,-0.3137820523860904,0.23161304824107648,0.025567288398207173,-0.20070722815911704,0.553437733889062,1.4000610389314967,2.6945159200031985,0.5663282003549074
315,0.33817956578790753,1.32069460855041,0.23161304824107648,0.017396091628125318,-0.20447707186078412,0.5419272917649178,1.4562654414868128,2.6680987329371266,0.5918021723004548
316,-0.22563254468970256,-1.1310203828543406,0.23161304824107648,0.008801370915671923,-0.20859521817136092,0.530915366141534,1.5153412495193657,2.697071601560356,0.5878127643261024
317,-0.977382025326516,-1.1310203828543406,0.23161304824107648,-0.000180711713354648,-0.21304222790028715,0.5204219809581079,1.571923379008674,2.672626026761051,0.6130889395077985
318,-0.6015072850081092,1.32069460855041,0.23161304824107648,-0.009510807218020707,-0.21779621486747724,0.5104634249649848,1.6277731399818745,2.704711177362596,0.6068274005048471
319,-0.413569914848906,-1.1310203828543406,0.23161304824107648,-0.019146719227393073,-0.22283303718029815,0.5010521729620346,1.6847826114466107,2.6819804109044925,0.6320977713286352
320,2.029615897220738,0.50345627808216,0.23161304824107648,-0.02904377326069638,-0.22812650009434776,0.4921968498482412,1.7374716954701535,2.717144986177634,0.6235140242570855
321,0.9959603613451194,-1.1310203828543406,0.23161304824107648,-0.039155213234046526,-0.23364857242163867,0.4839022383693914,1.7949670982245076,2.6957067673136654,0.6490410478622334
322,0.05627351054910247,2.13793293901866,0.42455372004817465,-0.04943262399043526,-0.23936961821688862,0.4761693303146359,1.8445292107268565,2.733863654476904,0.6381200385198117
323,-0.6954759700877109,-0.3137820523860904,0.42455372004817465,-0.05982637770028838,-0.24525864492741473,0.46899541984345977,1.9025845727928923,2.713164849232168,0.6642448584761106
324,-0.6015072850081092,-0.3137820523860904,0.42455372004817465,-0.07028609943294709,-0.25128356822281694,0.4623742366852084,1.9490155707973695,2.7542044856507886,0.6510079920032171
325,-0.5075385999285076,-1.1310203828543406,0.42455372004817465,-0.08076114462314876,-0.25741149202181624,0.4562961162328079,2.0077295695606536,2.7335783839054595,0.6781573735223837
326,-0.5075385999285076,0.50345627808216,0.42455372004817465,-0.09120108009521397,-0.26360900010884536,0.45074820309402636,2.050981238873841,2.7773936829789845,0.6626602563621633
327,0.43214825086750935,-1.1310203828543406,0.42455372004817465,-0.10155616098979064,-0.2698424541778409,0.4457146844193889,2.1104906706434017,2.7560577142520026,0.6913530302115888
328,-0.4135699148489059,-1.1310203828543406,0.42455372004817465,-0.11177779751852913,-0.2760782927495694,0.44117704920184553,2.1504630780254104,2.802563768466829,0.6736790746484288
329,0.05627351054910247,-1.1310203828543406,0.42455372004817465,-0.121819006969212,-0.282283325932224,0.4371143696718028,2.210962674113081,2.7795947501669915,0.7045342175300734
330,-0.695475970087711,-0.3137820523860903,0.42455372004817465,-0.1316348472791054,-0.28842502214206917,0.4335036008670348,2.247493282322408,2.82874532095703,0.6847843431635531
331,0.6200856210267126,0.50345627808216,0.42455372004817465,-0.1411828288452749,-0.2944717847129407,0.4303198944347867,2.3092660894374784,2.8030256009844403,0.7185347559824214
332,-0.7894446551673127,-0.3137820523860904,0.42455372004817465,-0.15042330140110363,-0.30039321850983436,0.42753692272093796,2.3421135075414625,2.8548282812928845,0.6968143143957076
333,0.5261169359471107,1.32069460855041,0.42455372004817465,-0.1593198129611046,-0.30616038830950754,0.4251272092163634,2.405580174624937,2.824948781086501,0.7343331634607516
334,-0.9773820253265161,-1.1310203828543406,0.42455372004817465,-0.16783943795387848,-0.3117460709900067,0.4230624614616492,2.4343992352332036,2.8794808132816407,0.7107382312175575
335,1.2778664165839246,-0.3137820523860904,0.42455372004817465,-0.17595307164733362,-0.3171250024263716,0.4213139025562639,2.5002026240203037,2.8435728421641477,0.7530891267106264
336,-0.8834133402469142,-0.3137820523860904,0.42455372004817465,-0.18363568784146436,-0.3222741181277046,0.41985259747539794,2.5245047008077854,2.9009999092517678,0.727695462703292
337,-0.5075385999285076,0.5034562780821596,0.42455372004817465,-0.19086655652696272,-0.32717278502675196,0.41864977046537705,2.593664426262723,2.856437663292155,0.7762258269681601
338,-0.695475970087711,-0.3137820523860904,0.42455372004817465,-0.19762941777000798,-0.3318030209322227,0.41767710986531115,2.6127509487284137,2.9170374967013246,0.749085460589625
339,-0.22563254468970256,-1.1310203828543406,0.42455372004817465,-0.2039126077967451,-0.33614969764504543,0.41690705678710677,2.686967891758855,2.859883582040897,0.8055997936973441
340,-0.8834133402469142,0.50345627808216,0.42455372004817465,-0.2097091335927963,-0.34020072308397753,0.4163130741768929,2.6998111941761813,2.9240720131063296,0.7767537177750031
341,1.371835101663526,-0.3137820523860904,0.42455372004817465,-0.21501669336605223,-0.34394719699217546,0.41586989287716936,2.782130202284331,2.8479629720771396,0.8438462970210152
342,-0.41356991484890576,-1.1310203828543406,0.42455372004817465,-0.21983764142669146,-0.3473835342515998,0.4155537314095791,2.7871402781164307,2.9163016257979466,0.8133707970615072
343,-0.6015072850081095,0.50345627808216,0.6174943918552728,-0.2241788967141013,-0.35050754953150715,0.4153424863055202,2.8836056431639827,2.809978395587252,0.8951201033778696
344,-0.8834133402469142,-1.1310203828543406,0.6174943918552728,-0.22805179399817466,-0.3533204967621708,0.4152158899479444,2.878116343363229,2.883061646178503,0.8632500455602199
345,-0.13166385961010071,-1.1310203828543406,0.6174943918552728,-0.2314718761117483,-0.3558270567981739,0.41515563311731446,3.0028487831433335,2.7241667985681373,0.9669118806599516
346,-0.13166385961010071,-1.1310203828543406,0.6174943918552728,-0.23445862531844214,-0.35803526681219994,0.4151454498487285,2.981778161001442,2.8018879442977904,0.9343672560517958
347,-0.6015072850081092,-0.3137820523860903,0.6174943918552728,-0.23703513249523203,-0.35995638567676835,0.4151711628509349,-3.10427423563798,2.538569037456163,1.0758765189379542
348,-0.03769517453049912,-0.3137820523860904,0.6174943918552728,-0.23922770377302646,-0.3616046910428881,0.4152206885652492,3.1302529700258983,2.61605395610475,1.0448585920015083
349,-0.9773820253265161,-1.1310203828543406,0.6174943918552728,-0.24106540505889362,-0.3629972057910466,0.41528400186147296,-2.6139787683100986,2.094255625264017,1.28262097178686
