trial_index,pfc_mag_org,dms_mag_org, pfc_mag_standardized,dms_mag_standardized,prpd_standardized,pfc_mag_filtered,dms_mag_filtered,pfc_phase,dms_phase
1,0.0,2.0,-0.522669084349703,-0.45056988701365275,0.0,-0.47675862098256766,-0.43967136509045057,2.6658575882130426,1.8608490112570852
2,0.0,0.0,-0.522669084349703,-1.2451709685451193,-1.0,-0.4430135407270071,-0.46950750494250193,-2.992936664806444,2.006372127169787
3,0.0,0.0,-0.522669084349703,-1.2451709685451193,-0.5,-0.40895584364604914,-0.49796940294078107,-2.927143824296856,2.028652880366053
4,0.0,0.0,-0.522669084349703,-1.2451709685451193,-0.5,-0.3746606110988639,-0.524920178261873,-2.6504983416547905,2.124810293059122
5,0.0,0.0,-0.522669084349703,-1.2451709685451193,-0.6666666666666666,-0.34020622551800606,-0.5502316316154946,-2.57880286321134,2.150189047187763
6,0.0,0.0,-0.522669084349703,-1.2451709685451193,-0.75,-0.30567417554106213,-0.5737854350903461,-2.3973258615815207,2.2337121758197647
7,0.6666666666666666,0.0,0.08288279978360982,-1.2451709685451193,-0.75,-0.271148824589756,-0.5954742272198896,-2.3231028567219876,2.2610085282477312
8,0.0,0.0,-0.522669084349703,-1.2451709685451193,-0.8,-0.2367171411111898,-0.6152025976236837,-2.185778995099744,2.33871635116497
9,0.0,0.0,-0.522669084349703,-1.2451709685451193,-0.8,-0.20246838910702245,-0.6328879480316021,-2.110151649187237,2.367352142870959
10,0.0,0.0,-0.522669084349703,-1.2451709685451193,-0.8,-0.16849377787515618,-0.6484612188780607,-1.9981098628422869,2.441640503535701
11,0.0,0.0,-0.522669084349703,-1.2451709685451193,-0.8,-0.13488607019195015,-0.6618674729568369,-1.9215793986519691,2.4712662669946366
12,0.0,0.0,-0.522669084349703,-1.2451709685451193,-0.8333333333333334,-0.10173914870487748,-0.673066329861087,-1.8257360377320624,2.5432127084949316
13,0.0,0.0,-0.522669084349703,-1.2451709685451193,-0.8333333333333334,-0.0691475412023013,-0.682032247104914,-1.7485749709061027,2.5735891051684026
14,0.0,1.3333333333333333,-0.522669084349703,-0.7154369141908083,-0.7142857142857143,-0.03720590661079472,-0.6887546459324153,-1.6638459363434057,2.643740974872102
15,0.0,0.0,-0.522669084349703,-1.2451709685451193,-0.7142857142857143,-0.006008484931177059,-0.6932378818312742,-1.5862286503098206,2.6746889533034923
16,0.6666666666666666,0.0,0.08288279978360982,-1.2451709685451193,-0.75,0.024351484197981506,-0.6955010615932997,-1.5094719574040583,2.7433394074767006
17,0.6666666666666666,0.0,0.08288279978360982,-1.2451709685451193,-0.75,0.05378236809507381,-0.6955777103532093,-1.4315268266164443,2.7747155197648494
18,0.0,0.0,-0.522669084349703,-1.2451709685451193,-0.75,0.08219476516169592,-0.6935152934996516,-1.360658275996612,2.842020437488307
19,0.0,0.0,-0.522669084349703,-1.2451709685451193,-0.7777777777777778,0.10950213779273958,-0.6893745999016581,-1.2824909498507837,2.8737032046178097
20,1.3333333333333333,0.0,0.6884346839169226,-1.2451709685451193,-0.6777777777777778,0.13562144446258673,-0.6832289946395959,-1.2160518149335662,2.9397374758881427
21,1.3333333333333333,0.0,0.6884346839169226,-1.2451709685451193,-0.7000000000000001,0.1604737605496451,-0.6751635513214259,-1.1377562550880949,2.9716192365598637
22,2.0,0.0,1.2939865680502356,-1.2451709685451193,-0.6,0.18398487665674532,-0.665274076015078,-1.0746810927918184,3.036406494109105
23,0.0,0.6666666666666666,-0.522669084349703,-0.9803039413679638,-0.6,0.20608586286090233,-0.6536660367958038,-0.9963448224555341,3.068388191515367
24,6.0,2.0,4.927297872850113,-0.45056988701365275,-0.6,0.22671358796340813,-0.6404534148602615,-0.9358274290312313,3.1319176157725908
25,0.0,2.0,-0.522669084349703,-0.45056988701365275,-0.7000000000000001,0.2458111845233296,-0.6257574949792419,-0.8575338897706182,-3.119280122577752
26,2.0,2.666666666666667,1.2939865680502356,-0.18570285983649712,-0.7000000000000001,0.26332845325731724,-0.6097056145024125,-0.7989454745227824,-3.05704390498648
27,0.0,2.0,-0.522669084349703,-0.45056988701365275,-0.7000000000000001,0.2792222042393468,-0.5924298909193383,-0.7207750457000648,-3.0251423670486037
28,0.0,3.333333333333333,-0.522669084349703,0.07916416734065815,-0.7000000000000001,0.2934565365133613,-0.5740659480209205,-0.6636122285248696,-2.9642534569738572
29,0.6666666666666666,12.0,0.08288279978360982,3.52243552064368,-0.7000000000000001,0.3060030608655193,-0.5547516600762957,-0.585642844957274,-2.932530289919178
30,0.0,0.0,-0.522669084349703,-1.2451709685451193,-0.8,0.31684107168505843,-0.5346259320628279,-0.529493743203618,-2.873058359138875
31,0.0,1.333333333333334,-0.522669084349703,-0.715436914190808,-0.8,0.32595767325495373,-0.5138275314375081,-0.45180153381904736,-2.841609096754244
32,0.0,4.0,-0.522669084349703,0.3440311945178138,-0.8,0.33334786418050605,-0.4924939831438987,-0.39632320666621706,-2.7836381412379776
33,1.3333333333333333,0.666666666666667,0.6884346839169226,-0.9803039413679636,-0.8,0.3390145815435174,-0.4707605355407564,-0.31898312690306513,-2.7525646242078925
34,0.0,2.0,-0.522669084349703,-0.45056988701365275,-0.8,0.3429687040353863,-0.448759202087316,-0.26388619513324624,-2.696193091269274
35,4.0,4.0,3.1106422204501745,0.3440311945178138,-0.9,0.3452290110813382,-0.42661788225379116,-0.18697242630238903,-2.665606956093814
36,1.3333333333333335,0.6666666666666661,0.6884346839169229,-0.9803039413679641,-0.8,0.3458220933696662,-0.4044595646058352,-0.1320101895466747,-2.6109488314013394
37,2.0,3.333333333333334,1.2939865680502356,0.07916416734065851,-0.8,0.34478220990254405,-0.3824016147181968,-0.055596089942609915,-2.5809754032295
38,1.3333333333333333,7.333333333333333,0.6884346839169226,1.668366330403591,-0.8,0.34215108806260774,-0.36055515022495294,-0.0005564744634755,-2.528162070736429
39,0.6666666666666666,3.333333333333333,0.08288279978360982,0.07916416734065815,-0.7000000000000001,0.33797766588851164,-0.3390245047145336,0.07528594494382038,-2.498944837171131
40,1.3333333333333335,3.333333333333333,0.6884346839169229,0.07916416734065815,-0.7000000000000001,0.33231777875882457,-0.3179067809908738,0.1305864793808757,-2.4481277143351914
41,0.0,0.666666666666667,-0.522669084349703,-0.9803039413679636,-0.6,0.3252337950411369,-0.2972914921655063,0.20578732247253978,-2.4198336330263426
42,0.6666666666666666,0.6666666666666667,0.08288279978360982,-0.9803039413679638,-0.6,0.3167942066014339,-0.27726028647326784,0.26150826979612074,-2.371187596738538
43,0.0,1.3333333333333335,-0.522669084349703,-0.7154369141908082,-0.6,0.30707318044325116,-0.25788674964678315,0.3360004733297012,-2.3440133745059506
44,2.0,2.0,1.2939865680502356,-0.45056988701365275,-0.6,0.2961500773126041,-0.23923627800369143,0.3922803808167584,-2.297740775871221
45,0.6666666666666666,2.6666666666666665,0.08288279978360982,-0.1857028598364973,-0.6,0.2841089421190208,-0.22136601610490847,0.4660002497356698,-2.2719199845278903
46,0.6666666666666666,0.6666666666666665,0.08288279978360982,-0.9803039413679638,-0.6,0.2710379699749431,-0.20432485426442898,0.5229587117368776,-2.2282547908965804
47,0.0,6.666666666666667,-0.522669084349703,1.403499303226436,-0.7000000000000001,0.25702895104312373,-0.1881534826048292,0.5958463189408587,-2.204065525381376
48,0.0,0.6666666666666665,-0.522669084349703,-0.9803039413679638,-0.7000000000000001,0.24217669720030754,-0.1728844993602277,0.6535851929188289,-2.1632770238928
49,2.6666666666666665,4.0,1.899538452183548,0.3440311945178138,-0.7000000000000001,0.2265784532358928,-0.15854257158829543,0.725584756323254,-2.141049740207226
50,2.0,3.333333333333333,1.2939865680502356,0.07916416734065815,-0.8,0.21033329455887534,-0.14514464634012966,0.7841888815094173,-2.1034450559161484
51,1.3333333333333333,6.666666666666666,0.6884346839169226,1.4034993032264356,-0.8,0.19354151269017053,-0.13270020979832373,0.8552492297960608,-2.0835698903410327
52,0.0,2.666666666666667,-0.522669084349703,-0.18570285983649712,-0.9,0.1763039901516336,-0.12121159109809909,0.914786919797625,-2.049494002399441
53,1.3333333333333333,2.0,0.6884346839169226,-0.45056988701365275,-0.9,0.15872156802304038,-0.11067430639924263,0.9848622136147801,-2.032425979523942
54,0.6666666666666666,1.333333333333333,0.08288279978360982,-0.7154369141908083,-0.9,0.14089441156500696,-0.10107743720135111,1.0453857855752515,-2.002256781282991
55,0.0,3.333333333333333,-0.522669084349703,0.07916416734065815,-0.9,0.12292138082263464,-0.0924040353563096,1.1144365741117581,-1.9885155940981154
56,0.0,0.0,-0.522669084349703,-1.2451709685451193,-0.9,0.10489941373213389,-0.08463154647274361,1.1759829707073892,-1.9626496485528855
57,1.3333333333333333,0.6666666666666661,0.6884346839169226,-0.9803039413679641,-0.9,0.08692292920286676,-0.07773224370930923,1.243977456950346,-1.952807806237372
58,1.3333333333333333,0.6666666666666661,0.6884346839169226,-0.9803039413679641,-0.9,0.06908325713333627,-0.07167366509072785,1.3065688692322048,-1.9316298659392737
59,0.0,2.0,-0.522669084349703,-0.45056988701365275,-0.8,0.051468101593004016,-0.06641904925901117,1.3734842342549571,-1.9262792060595744
60,0.0,6.0,-0.522669084349703,1.1386322760492804,-0.7000000000000001,0.03416104295593588,-0.061927766912389756,1.4371286892606343,-1.910106420000381
61,0.0,4.0,-0.522669084349703,0.3440311945178138,-0.7000000000000001,0.01724108480768462,-0.0581557476733743,1.502952425981776,-1.9097898532185917
62,0.0,1.333333333333333,-0.522669084349703,-0.7154369141908083,-0.7000000000000001,0.0007822514697242113,-0.05505590393930677,1.5676443785031846,-1.8987824775616726
63,0.0,2.6666666666666665,-0.522669084349703,-0.1857028598364973,-0.7000000000000001,-0.01514675864008667,-0.05257855380839874,1.6323755963264328,-1.9038791209780226
64,0.0,3.333333333333333,-0.522669084349703,0.07916416734065815,-0.7000000000000001,-0.030482859960164213,-0.05067184473515644,1.6980964898101218,-1.8979179374546946
65,0.0,4.0,-0.522669084349703,0.3440311945178138,-0.7000000000000001,-0.045168804959729573,-0.049282179055720014,1.76174703551181,-1.908481863962567
66,0.0,4.0,-0.522669084349703,0.3440311945178138,-0.7000000000000001,-0.05915334727939762,-0.04835464244564414,1.8284657034550604,-1.9070329188029085
67,1.3333333333333333,2.666666666666667,0.6884346839169226,-0.18570285983649712,-0.7000000000000001,-0.07239134436137,-0.04783343643524724,1.8910609280319293,-1.9226147309305412
68,0.0,6.666666666666666,-0.522669084349703,1.4034993032264356,-0.7000000000000001,-0.0848438027010685,-0.04766231581877584,1.9587337679138084,-1.9246331214527588
69,2.6666666666666665,2.6666666666666665,1.899538452183548,-0.1857028598364973,-0.8,-0.09647787004070482,-0.04778503102344331,2.020312886925086,-1.9441552228732906
70,0.0,0.666666666666667,-0.522669084349703,-0.9803039413679636,-0.8,-0.10726677926231527,-0.04814577436830855,2.088883892397786,-1.9481028617059573
71,0.0,3.333333333333333,-0.522669084349703,0.07916416734065815,-0.8,-0.1171897482251395,-0.04868962784067476,2.1495000683922174,-1.9698831167544815
72,0.6666666666666666,3.333333333333333,0.08288279978360982,0.07916416734065815,-0.8,-0.12623183852495634,-0.04936300897586939,2.2189009968982707,-1.973913631890391
73,0.0,3.333333333333333,-0.522669084349703,0.07916416734065815,-0.8,-0.1343837747861655,-0.05011411109737236,2.278621425791485,-1.995890995970322
74,0.0,2.6666666666666665,-0.522669084349703,-0.1857028598364973,-0.8,-0.14164172532797864,-0.05089333446967156,2.348772439286097,-1.998171064068469
75,0.0,6.0,-0.522669084349703,1.1386322760492804,-0.8,-0.1480070450610494,-0.05165370525744691,2.4076786401828616,-2.0182769705208274
76,0.0,4.0,-0.522669084349703,0.3440311945178138,-0.7000000000000001,-0.1534859820224807,-0.05235127913238463,2.4784895548915524,-2.0173200010902
77,0.0,0.0,-0.522669084349703,-1.2451709685451193,-0.7000000000000001,-0.1580893498311324,-0.052945525816758744,2.536677799609926,-2.033843207119774
78,0.0,3.333333333333333,-0.522669084349703,0.07916416734065815,-0.6,-0.16183216946103957,-0.053399689888552856,2.608049841177306,-2.0287178129493997
79,0.6666666666666666,3.333333333333333,0.08288279978360982,0.07916416734065815,-0.5,-0.1647332849829845,-0.053681122198683595,2.6656314813118445,-2.0405206131738427
80,0.6666666666666666,5.333333333333333,0.08288279978360982,0.8737652488721247,-0.6,-0.16681495914873057,-0.053761575826595756,2.737459327644995,-2.0308792374476243
81,0.0,1.3333333333333335,-0.522669084349703,-0.7154369141908082,-0.5,-0.16810245568317225,-0.05361746065208016,2.7945607166335544,-2.0374252433455795
82,2.0,1.3333333333333335,1.2939865680502356,-0.7154369141908082,-0.4,-0.1686236157006768,-0.053230050752969944,2.86673459700846,-2.0233972483152742
83,0.0,1.3333333333333333,-0.522669084349703,-0.7154369141908083,-0.30000000000000004,-0.16840843567581393,-0.05258563862915709,2.9234963515046255,-2.024647108705423
84,0.0,0.6666666666666666,-0.522669084349703,-0.9803039413679638,-0.19999999999999998,-0.16748865390346399,-0.051675630182930934,2.9959040663149987,-2.006680502583545
85,1.3333333333333333,2.0,0.6884346839169226,-0.45056988701365275,-0.1,-0.16589735151554055,-0.05049657513499709,3.052479559545485,-2.0029400116181435
86,0.0,3.3333333333333335,-0.522669084349703,0.07916416734065833,-0.19999999999999998,-0.1636685731849694,-0.049050129246220216,3.125008432291525,-1.9816566423676623
87,0.0,2.0,-0.522669084349703,-0.45056988701365275,-0.19999999999999998,-0.1608369719541002,-0.047342946883567855,-3.1016237608495896,-1.973437259130725
88,0.6666666666666666,0.666666666666667,0.08288279978360982,-0.9803039413679636,-0.19999999999999998,-0.15743748222704454,-0.045386504512392706,-3.029084941133584,-1.9495291885558386
89,2.0,1.3333333333333335,1.2939865680502356,-0.7154369141908082,-0.19999999999999998,-0.15350502476556732,-0.04319685730980041,-2.972382795443181,-1.9374460547696875
90,0.6666666666666666,1.3333333333333335,0.08288279978360982,-0.7154369141908082,-0.1,-0.14907424739457764,-0.04079433247748711,-2.8999419014976553,-1.9116146974896806
91,0.0,1.3333333333333335,-0.522669084349703,-0.7154369141908082,-0.1,-0.14417930469856158,-0.038203164456124906,-2.8429156005215077,-1.896324127825651
92,1.3333333333333333,4.0,0.6884346839169226,0.3440311945178138,-0.1,-0.13885367890858002,-0.035451079316452944,-2.7706755381103374,-1.869252893320379
93,0.0,2.6666666666666665,-0.522669084349703,-0.1857028598364973,-0.1,-0.13313004264327843,-0.03256883786584159,-2.7131509751174363,-1.851421894718027
94,0.0,4.0,-0.522669084349703,0.3440311945178138,-0.1,-0.1270401627972249,-0.02958974897390658,-2.6412083773088084,-1.8237721734256895
95,2.0,7.333333333333334,1.2939865680502356,1.6683663304035918,-0.1,-0.12061484401026644,-0.026549165866830524,-2.583017948302028,-1.8040720687184797
96,0.6666666666666666,7.333333333333334,0.08288279978360982,1.6683663304035918,0.0,-0.11388390968693804,-0.023483978408295254,-2.5114621145741682,-1.7764960442794049
97,0.0,3.333333333333333,-0.522669084349703,0.07916416734065815,0.1,-0.10687621811550756,-0.020432113452699893,-2.452450681687685,-1.7556158051314392
98,1.3333333333333333,2.0,0.6884346839169226,-0.45056988701365275,0.1,-0.09961971050375105,-0.017432053081338498,-2.381362740827897,-1.7287841765584342
99,0.0,2.666666666666667,-0.522669084349703,-0.18570285983649712,0.1,-0.0921414866791338,-0.014522377335232626,-2.3213938173899775,-1.7074635988497628
100,0.0,3.333333333333333,-0.522669084349703,0.07916416734065815,0.0,-0.08446790317206519,-0.011741335087814083,-2.2508461184698367,-1.6821105065040294
101,0.6666666666666666,8.0,0.08288279978360982,1.933233357580747,-0.1,-0.07662468775610003,-0.009126444965980305,-2.189807873341802,-1.6611982158524494
102,0.0,0.666666666666667,-0.522669084349703,-0.9803039413679636,-0.1,-0.06863706434286795,-0.00671412761929855,-2.1198634531631178,-1.6381900890391397
103,0.0,6.0,-0.522669084349703,1.1386322760492804,-0.1,-0.06052988238947074,-0.00453937015922823,-2.0576739453976174,-1.6187383917916178
104,0.0,0.0,-0.522669084349703,-1.2451709685451193,-0.1,-0.05232774558080903,-0.0026354225332067493,-1.9883858701591213,-1.5991807885003795
105,0.6666666666666666,5.333333333333333,0.08288279978360982,0.8737652488721247,-0.1,-0.04405513539905302,-0.0010335241994400902,-1.9249969689283766,-1.5826025856596948
106,0.0,0.666666666666667,-0.522669084349703,-0.9803039413679636,-0.1,-0.035736526245959126,0.00023734158955213467,-1.8564074991520991,-1.568012359833203
107,2.6666666666666665,1.333333333333333,1.899538452183548,-0.7154369141908083,0.0,-0.027396489915960526,0.0011506689565624502,-1.791807180263516,-1.5563494808635248
108,0.0,3.333333333333333,-0.522669084349703,0.07916416734065815,0.0,-0.019059788078083277,0.0016826288260418378,-1.7239469595022636,-1.5489416631584063
109,0.0,6.666666666666666,-0.522669084349703,1.4034993032264356,0.09999999999999998,-0.010751451586580007,0.0018122486493960706,-1.6581600124375606,-1.5453370873223096
110,0.0,2.666666666666667,-0.522669084349703,-0.18570285983649712,0.2,-0.0024968448202803686,0.001521573460707457,-1.5910477283500724,-1.5485081154590954
111,0.6666666666666666,0.6666666666666665,0.08288279978360982,-0.9803039413679638,0.2,0.005678287582322415,0.0007958086278965329,-1.524135164711934,-1.558039578475493
112,1.3333333333333333,2.6666666666666665,0.6884346839169226,-0.1857028598364973,0.3,0.013747794468618483,-0.00037655521396551457,-1.4577780826638707,-1.5771386450761546
113,0.6666666666666666,0.6666666666666665,0.08288279978360982,-0.9803039413679638,0.3,0.02168511478618741,-0.0020036340771149353,-1.389835442012775,-1.6081732435370757
114,0.6666666666666666,2.666666666666667,0.08288279978360982,-0.18570285983649712,0.39999999999999997,0.029463298894851112,-0.004090058513955865,-1.3242308961526574,-1.6514009666355902
115,0.6666666666666666,3.333333333333333,0.08288279978360982,0.07916416734065815,0.49999999999999994,0.037055056402813306,-0.006636897711828524,-1.2553855952573159,-1.7169417184465505
116,0.0,4.666666666666667,-0.522669084349703,0.6088982216949694,0.6000000000000001,0.04443283286563503,-0.009641601676077919,-1.1905235012198536,-1.7945695032276616
117,0.0,0.666666666666667,-0.522669084349703,-0.9803039413679636,0.6000000000000001,0.05156891822141224,-0.013097964909617676,-1.1209316198616674,-1.9090665268624056
118,0.0,4.666666666666667,-0.522669084349703,0.6088982216949694,0.6000000000000001,0.058435589941394625,-0.016996115904505074,-1.0567980938663335,-2.0240042347350036
119,0.0,4.0,-0.522669084349703,0.3440311945178138,0.7,0.0650052933273181,-0.021322537052269632,-0.9866409627908692,-2.183417218621778
120,0.0,6.0,-0.522669084349703,1.1386322760492804,0.7,0.07125086016895117,-0.0260601195458423,-0.9232228066095887,-2.310514256303644
121,0.0,2.6666666666666665,-0.522669084349703,-0.1857028598364973,0.6000000000000001,0.07714576525585873,-0.031188257551162106,-0.8527034779161287,-2.4712784909375545
122,0.6666666666666666,2.6666666666666665,0.08288279978360982,-0.1857028598364973,0.6000000000000001,0.08266441826795794,-0.03668298510967914,-0.789992988307171,-2.5689783404407462
123,0.0,8.666666666666666,-0.522669084349703,2.198100384757902,0.6000000000000001,0.08778248656852496,-0.042517157844982,-0.7193325373105706,-2.6887326834819336
124,0.0,8.0,-0.522669084349703,1.933233357580747,0.6000000000000001,0.09247724255927586,-0.04866067989707803,-0.657332085160369,-2.7436831305755267
125,1.3333333333333333,5.333333333333333,0.6884346839169226,0.8737652488721247,0.6000000000000001,0.09672792762320444,-0.05508077457679147,-0.5867657621138215,-2.817691383489463
126,0.0,1.333333333333333,-0.522669084349703,-0.7154369141908083,0.6000000000000001,0.10051612326161469,-0.06174229440461683,-0.5254917362789049,-2.8398497114909795
127,1.3333333333333333,1.333333333333333,0.6884346839169226,-0.7154369141908083,0.7,0.10382611882864752,-0.06860806226352056,-0.45526506028166036,-2.8801347519370184
128,0.0,0.0,-0.522669084349703,-1.2451709685451193,0.7,0.10664526439811735,-0.07563923142776774,-0.3947508812097791,-2.8813957045589156
129,0.6666666666666666,1.333333333333333,0.08288279978360982,-0.7154369141908083,0.7,0.10896429682373639,-0.08279564984539102,-0.3251157216236118,-2.8993104866065313
130,0.0,0.666666666666667,-0.522669084349703,-0.9803039413679636,0.7,0.11077762680084975,-0.09003621398833456,-0.2654136385489745,-2.8876959802255833
131,1.3333333333333333,1.333333333333333,0.6884346839169226,-0.7154369141908083,0.8,0.11208357441466306,-0.09731919936177955,-0.196624154921988,-2.8908581718209803
132,0.0,1.333333333333333,-0.522669084349703,-0.7154369141908083,0.8,0.11288454010947609,-0.10460255742757248,-0.13780539755031368,-2.8711947377806624
133,12.0,0.666666666666667,10.37726483004993,-0.9803039413679636,0.8,0.11318709747151205,-0.11184417152877359,-0.07011334994422756,-2.8643864420861695
134,1.3333333333333335,0.0,0.6884346839169229,-1.2451709685451193,0.8,0.11300199473985767,-0.11900206711024698,-0.012265943551122118,-2.839555249561546
135,0.0,2.666666666666667,-0.522669084349703,-0.18570285983649712,0.8,0.11234405548741863,-0.1260345741320628,0.054085305352531726,-2.8257903551746466
136,0.0,2.0,-0.522669084349703,-0.45056988701365275,0.7,0.11123197656884036,-0.132900442188964,0.11086136329634369,-2.7975463865691497
137,0.0,4.0,-0.522669084349703,0.3440311945178138,0.7,0.10968803113481433,-0.13955891142921167,0.17564384342939948,-2.778768312825549
138,0.0,0.666666666666667,-0.522669084349703,-0.9803039413679636,0.6000000000000001,0.10773769199950307,-0.14596974456993345,0.23124271332935004,-2.7482056593091917
139,0.0,2.0,-0.522669084349703,-0.45056988701365275,0.49999999999999994,0.10540919357208911,-0.1520932268012945,0.29425003273257044,-2.7256995251229768
140,0.0,2.666666666666667,-0.522669084349703,-0.18570285983649712,0.39999999999999997,0.10273304999653049,-0.15789014124675071,0.3485654840117316,-2.6935121374213242
141,2.0,4.0,1.2939865680502356,0.3440311945178138,0.3,0.09974154521914992,-0.16332172834092704,0.40961707519754254,-2.668146773789992
142,0.0,5.333333333333333,-0.522669084349703,0.8737652488721247,0.3,0.09646820869404914,-0.16834963823522991,0.46254688176818115,-2.6347782915219287
143,0.0,2.666666666666667,-0.522669084349703,-0.18570285983649712,0.2,0.09294728891978705,-0.17293588583429817,0.5214909072548501,-2.6071517763130707
144,0.0,2.666666666666667,-0.522669084349703,-0.18570285983649712,0.10000000000000003,0.08921323619590693,-0.17704281780393283,0.5729409851193425,-2.5728850275167625
145,0.0,4.666666666666667,-0.522669084349703,0.6088982216949694,0.0,0.08530020554467807,-0.18063309981234246,0.6296568860095663,-2.543415296722081
146,0.0,1.333333333333333,-0.522669084349703,-0.7154369141908083,0.0,0.08124158996047157,-0.1836697308555728,0.6795457511158668,-2.508428124421261
147,0.0,2.666666666666667,-0.522669084349703,-0.18570285983649712,0.0,0.07706959267621388,-0.18611609029575166,0.7339468765747603,-2.4774114751727336
148,0.0,8.0,-0.522669084349703,1.933233357580747,0.0,0.07281484517478423,-0.18793602236622106,0.7822104723491028,-2.441812976709306
149,0.0,6.666666666666667,-0.522669084349703,1.403499303226436,-0.09999999999999998,0.06850607554976917,-0.1890939621787443,0.8342468882286245,-2.409463090119451
150,2.0,1.3333333333333335,1.2939865680502356,-0.7154369141908082,-0.09999999999999998,0.06416982971076914,-0.1895551061727618,0.8808437773863981,-2.3733179762611556
151,0.0,2.666666666666667,-0.522669084349703,-0.18570285983649712,-0.09999999999999998,0.059830246009460096,-0.1892856278554823,0.9305054443010151,-2.3397927246345924
152,0.0,4.0,-0.522669084349703,0.3440311945178138,-0.09999999999999998,0.0555088824602424,-0.18825293671367724,0.9754225220162934,-2.3031381751035904
153,0.6666666666666666,0.6666666666666665,0.08288279978360982,-0.9803039413679638,-0.2,0.05122459505278981,-0.18642597540364902,1.0227431054967142,-2.268558398497346
154,0.0,4.666666666666666,-0.522669084349703,0.6088982216949691,-0.3,0.04699346540224225,-0.18377554865807863,1.0660019430896825,-2.231415776599433
155,2.0,2.666666666666667,1.2939865680502356,-0.18570285983649712,-0.39999999999999997,0.042828775587613804,-0.18027467670944428,1.1110632485243648,-2.195878350461815
156,0.0,0.0,-0.522669084349703,-1.2451709685451193,-0.39999999999999997,0.03874102735637667,-0.17589896583331788,1.1527267489222297,-2.158261094765416
157,0.0,0.0,-0.522669084349703,-1.2451709685451193,-0.49999999999999994,0.034738002332717496,-0.1706269885274238,1.1956632819815174,-2.12184779756282
158,1.3333333333333333,4.0,0.6884346839169226,0.3440311945178138,-0.6000000000000001,0.03082485976783617,-0.16444066602039267,1.2358419500213271,-2.0837664967719296
159,1.3333333333333333,7.333333333333333,0.6884346839169226,1.668366330403591,-0.6000000000000001,0.027004268511972074,-0.15732564660541115,1.276844864668706,-2.0465498721718314
160,1.3333333333333333,2.0,0.6884346839169226,-0.45056988701365275,-0.7,0.023276569993411295,-0.14927167454233312,1.3157018331314174,-2.00801537896588
161,0.6666666666666666,2.666666666666667,0.08288279978360982,-0.18570285983649712,-0.6000000000000001,0.01963996927665498,-0.14027294499760945,1.3550213425842268,-1.9700625717676281
162,0.0,4.0,-0.522669084349703,0.3440311945178138,-0.6000000000000001,0.01609075215797388,-0.13032843993712637,1.392775088424765,-1.93108790493495
163,0.0,0.0,-0.522669084349703,-1.2451709685451193,-0.6000000000000001,0.012623527615996666,-0.11944223847656696,1.430720209781023,-1.8924632712176868
164,0.0,2.0,-0.522669084349703,-0.45056988701365275,-0.6000000000000001,0.009231496048383171,-0.10762379399112802,1.4676436549674878,-1.8530648474176998
165,0.0,4.0,-0.522669084349703,0.3440311945178138,-0.6000000000000001,0.005906743932155236,-0.09488816991639021,1.5045778034782789,-1.81383178379983
166,0.0,1.3333333333333335,-0.522669084349703,-0.7154369141908082,-0.6000000000000001,0.002640564727535841,-0.08125622661989106,1.540992081615917,-1.7740301596897508
167,0.0,4.0,-0.522669084349703,0.3440311945178138,-0.6000000000000001,-0.0005761956626494121,-0.06675475262973124,1.5773228059361526,-1.734252278917639
168,0.0,0.0,-0.522669084349703,-1.2451709685451193,-0.7,-0.0037527723627419967,-0.05141653441116035,1.6135842764825405,-1.694072432972289
169,0.0,3.3333333333333335,-0.522669084349703,0.07916416734065833,-0.7,-0.006898099268182051,-0.03528035956832848,1.6497464093532097,-1.6538141717323547
170,0.0,0.0,-0.522669084349703,-1.2451709685451193,-0.7,-0.010020418265633942,-0.018390949020547203,1.6862271242618787,-1.613285389663693
171,0.0,1.333333333333333,-0.522669084349703,-0.7154369141908083,-0.7,-0.01312688897697651,-0.0007988147036553195,1.7226605935884545,-1.5726121446248513
172,3.3333333333333335,2.0,2.5050903363168615,-0.45056988701365275,-0.7,-0.016223209867400862,0.01743995914408529,1.7597245128875065,-1.5317675492333584
173,0.6666666666666666,0.6666666666666667,0.08288279978360982,-0.9803039413679638,-0.7,-0.01931326303827518,0.03626401104390231,1.7968499999730803,-1.4907453735336258
174,2.0,1.3333333333333335,1.2939865680502356,-0.7154369141908082,-0.8,-0.022398795575041812,0.055607071239948624,1.8348289722667004,-1.4496210885687475
175,0.0,3.3333333333333335,-0.522669084349703,0.07916416734065833,-0.8,-0.025479149345611494,0.07539839955667575,1.8730259327880034,-1.4083159591128795
176,0.0,2.6666666666666665,-0.522669084349703,-0.1857028598364973,-0.8,-0.028551048837866723,0.09556328457186489,1.9122002591903515,-1.3669499266447425
177,3.3333333333333335,4.666666666666667,2.5050903363168615,0.6088982216949694,-0.8,-0.031608454031180136,0.11602359415335535,1.9517918069580151,-1.3254266568545618
178,2.0,2.0,1.2939865680502356,-0.45056988701365275,-0.7,-0.034642483310983636,0.1366983655398928,1.9923791537023283,-1.2838572205705934
179,1.3333333333333333,6.0,0.6884346839169226,1.1386322760492804,-0.7,-0.03764140983166129,0.15750442202111323,2.033626300751541,-1.242178193905396
180,0.0,12.666666666666666,-0.522669084349703,3.7873025478208353,-0.6000000000000001,-0.04059073249133721,0.17835700289814865,2.0757801850896076,-1.2004426624505822
181,0.0,4.666666666666666,-0.522669084349703,0.6088982216949691,-0.6000000000000001,-0.04347331940956642,0.19917039389702454,2.1188855550993657,-1.1586666470200986
182,0.0,1.3333333333333335,-0.522669084349703,-0.7154369141908082,-0.6000000000000001,-0.04626961846552199,0.21985854708781077,2.162702713166679,-1.1168001142999715
183,0.0,2.666666666666667,-0.522669084349703,-0.18570285983649712,-0.6000000000000001,-0.04895792742304054,0.24033568285602086,2.207822389285957,-1.0749814473660706
184,2.6666666666666665,2.0,1.899538452183548,-0.45056988701365275,-0.6000000000000001,-0.051514715866454244,0.2605168704414644,2.2533569623647702,-1.033016125539163
185,0.0,0.6666666666666665,-0.522669084349703,-0.9803039413679638,-0.6000000000000001,-0.05391499188702982,0.2803185860837362,2.3006178890183846,-0.9912044454373292
186,0.0,8.666666666666666,-0.522669084349703,2.198100384757902,-0.6000000000000001,-0.05613270704886014,0.299659248004504,2.34789953773169,-0.9491695394995027
187,1.3333333333333333,3.333333333333333,0.6884346839169226,0.07916416734065815,-0.6000000000000001,-0.05814119293160778,0.318459726061554,2.3974200201579765,-0.9074099291318463
188,0.0,8.666666666666666,-0.522669084349703,2.198100384757902,-0.7,-0.05991362173853134,0.3366438223847967,2.446474221889408,-0.8653317920586133
189,0.0,2.666666666666667,-0.522669084349703,-0.18570285983649712,-0.7,-0.061423482774645384,0.3541387188473677,2.4983869698724215,-0.8236650526830288
190,0.0,6.0,-0.522669084349703,1.1386322760492804,-0.8,-0.06264506637677568,0.37087538823584765,2.5492578135267765,-0.7815674142987014
191,0.0,1.333333333333334,-0.522669084349703,-0.715436914190808,-0.7,-0.06355394708196706,0.3867889679486956,2.6037368651656534,-0.7400303884254068
192,0.0,4.666666666666666,-0.522669084349703,0.6088982216949691,-0.7,-0.06412745848746063,0.401819097011557,2.656514292964751,-0.6979346801366201
193,1.3333333333333333,0.6666666666666661,0.6884346839169226,-0.9803039413679641,-0.7,-0.06434515340192909,0.41591021838657005,2.7138088608453277,-0.6565606860766428
194,2.0,0.0,1.2939865680502356,-1.2451709685451193,-0.6000000000000001,-0.06418924422220879,0.42901184864733,2.768664369032623,-0.614486488320182
195,0.0,6.0,-0.522669084349703,1.1386322760492804,-0.6000000000000001,-0.06364501940820079,0.4410788160580937,2.829145513276845,-0.5733058085642893
196,0.0,4.0,-0.522669084349703,0.3440311945178138,-0.6000000000000001,-0.06270123191189651,0.45207146605526033,2.886384419726566,-0.5312712640369872
197,0.0,8.0,-0.522669084349703,1.933233357580747,-0.6000000000000001,-0.06135045446258716,0.4619558305745161,2.9506163626556976,-0.49031145162112266
198,1.3333333333333333,9.333333333333334,0.6884346839169226,2.4629674119350584,-0.6000000000000001,-0.059589395523241315,0.4707037556257854,3.0107633866140735,-0.44833337551765284
199,0.0,1.333333333333333,-0.522669084349703,-0.7154369141908083,-0.6000000000000001,-0.05741916935027673,0.47829298105453466,3.0796232051435832,-0.40761913828704066
200,0.0,5.333333333333334,-0.522669084349703,0.873765248872125,-0.6000000000000001,-0.05484551391191035,0.4847071678456856,-3.1396095652358333,-0.3657126806343184
201,0.0,4.0,-0.522669084349703,0.3440311945178138,-0.7,-0.05187895089851859,0.48993587085032575,-3.0647158488535995,-0.3252653346942879
202,0.0,10.0,-0.522669084349703,2.7278344391122133,-0.7,-0.048534882501102466,0.49397445713294524,-2.995393215151387,-0.28344332062440625
203,0.0,4.0,-0.522669084349703,0.3440311945178138,-0.7,-0.04483362034346687,0.4968239715792213,-2.9121148269193142,-0.24328002150124414
204,0.0,5.333333333333334,-0.522669084349703,0.873765248872125,-0.8,-0.04080034314053492,0.4984909525277912,-2.834584633547031,-0.2015521959862831
205,0.0,2.666666666666667,-0.522669084349703,-0.18570285983649712,-0.7,-0.03646498118691491,0.4989872018283669,-2.7387735999631477,-0.16168514786685004
206,0.0,6.0,-0.522669084349703,1.1386322760492804,-0.7,-0.03186202744034296,0.49832951578107343,-2.6475909458634295,-0.12005750207491152
207,0.0,0.666666666666667,-0.522669084349703,-0.9803039413679636,-0.6000000000000001,-0.027030276654846395,0.49653938503739997,-2.5314574876023537,-0.08049331729986962
208,1.3333333333333333,6.0,0.6884346839169226,1.1386322760492804,-0.49999999999999994,-0.022012495706123576,0.4936426722045337,-2.4154717619021135,-0.03896767328312231
209,0.0,2.0,-0.522669084349703,-0.45056988701365275,-0.39999999999999997,-0.016855029837430868,0.4896692756912998,-2.263626974851825,0.00029296260063434106
210,0.0,5.333333333333334,-0.522669084349703,0.873765248872125,-0.39999999999999997,-0.011607350821741746,0.4846527875913692,-2.0992052231835787,0.04171900138254981
211,0.6666666666666666,0.666666666666667,0.08288279978360982,-0.9803039413679636,-0.3,-0.006321553843748658,0.4786301523997424,-1.8830602657589113,0.08068132042991064
212,0.0,6.0,-0.522669084349703,1.1386322760492804,-0.2,-0.0010518104380102188,0.4716413322885461,-1.6290677170664036,0.12201406984582534
213,2.0,4.0,1.2939865680502356,0.3440311945178138,-0.2,0.004146214587858671,0.4637289835572708,-1.3264639122469681,0.16068892993567524
214,0.0,0.666666666666667,-0.522669084349703,-0.9803039413679636,-0.09999999999999998,0.009215973646565614,0.45493814771344304,-0.9863499335668194,0.20193805559540468
215,1.3333333333333333,5.333333333333334,0.6884346839169226,0.873765248872125,-0.09999999999999998,0.014100665295724837,0.44531595953465464,-0.6816136946317657,0.24034145976349425
216,0.6666666666666666,5.333333333333334,0.08288279978360982,0.873765248872125,0.0,0.018743872796532557,0.4349113734408706,-0.38627154001774067,0.2815192281162583
217,0.0,4.666666666666666,-0.522669084349703,0.6088982216949691,0.0,0.02309020417281405,0.4237749084788274,-0.17551304962885209,0.31967175389653396
218,0.0,2.0,-0.522669084349703,-0.45056988701365275,0.0,0.027085926399455833,0.41195841135213856,0.028176376708326224,0.3607921928451394
219,2.6666666666666665,7.333333333333333,1.899538452183548,1.668366330403591,-0.09999999999999998,0.030679586835699206,0.3995148365754661,0.16882380262017838,0.39871842414201575
220,0.0,2.0,-0.522669084349703,-0.45056988701365275,0.0,0.03382261509603295,0.3864980429659552,0.3146023223666711,0.4397964593362037
221,0.6666666666666666,2.0,0.08288279978360982,-0.45056988701365275,0.0,0.03646989852989619,0.37296260592863983,0.419514170969291,0.47752446848150776
222,0.0,6.0,-0.522669084349703,1.1386322760492804,-0.09999999999999998,0.0385803248472781,0.35896364507646794,0.5337014796195962,0.5185750277803676
223,0.0,2.0,-0.522669084349703,-0.45056988701365275,0.0,0.040117286131821805,0.34455666652052497,0.6204258846731199,0.5561358789782951
224,0.6666666666666666,4.0,0.08288279978360982,0.3440311945178138,0.0,0.041049138875600154,0.3297974186081466,0.716546158595992,0.5971729017716156
225,0.0,2.0,-0.522669084349703,-0.45056988701365275,0.0,0.04134961428383383,0.31474175912767705,0.7933850496632223,0.6346001423444961
226,0.0,7.333333333333333,-0.522669084349703,1.668366330403591,0.0,0.040998172085853386,0.2994455312450992,0.8783624921958227,0.6756354695602479
227,6.0,0.0,4.927297872850113,-1.2451709685451193,-0.09999999999999998,0.03998028991245055,0.28396444472398846,0.9494727208867981,0.7129646574754582
228,0.0,8.0,-0.522669084349703,1.933233357580747,-0.09999999999999998,0.038287679563558275,0.26835395836964443,1.0270754007933847,0.7540068694966023
229,2.0,4.0,1.2939865680502356,0.3440311945178138,0.0,0.035918422107543306,0.25266915932936845,1.0946915474764773,0.7912752876622544
230,2.0,4.666666666666667,1.2939865680502356,0.6088982216949694,0.10000000000000003,0.032877016437287514,0.23696463501716789,1.1671069118625854,0.8323286394006366
231,0.0,2.666666666666667,-0.522669084349703,-0.18570285983649712,0.0,0.029174340159327652,0.2212943340645311,1.23250894247536,0.8695754248235922
232,0.6666666666666666,6.0,0.08288279978360982,1.1386322760492804,0.0,0.02482752604974292,0.20571141375299276,1.3010821737655054,0.9106390588821459
233,0.0,6.666666666666667,-0.522669084349703,1.403499303226436,0.10000000000000003,0.01985976067289521,0.19026807255936162,1.3650444524292162,0.9479059862004929
234,1.3333333333333335,0.666666666666667,0.6884346839169229,-0.9803039413679636,0.10000000000000003,0.014300013811160903,0.1750153675323279,1.4306460126957614,0.9889735566690797
235,0.0,3.333333333333333,-0.522669084349703,0.07916416734065815,0.2,0.008182708189735292,0.16000301737318556,1.4936604237203817,1.0263066745303622
236,0.0,5.333333333333334,-0.522669084349703,0.873765248872125,0.3,0.0015473390040420909,0.14527919334986716,1.5568803437065841,1.067366442097357
237,0.0,2.6666666666666665,-0.522669084349703,-0.1857028598364973,0.3,-0.00556194752790276,0.1308903011040065,1.619273923113638,1.104818741759284
238,0.0,2.6666666666666665,-0.522669084349703,-0.1857028598364973,0.39999999999999997,-0.013096807832148278,0.11688075673304145,1.6805300160514307,1.1458541475542172
239,2.0,2.6666666666666665,1.2939865680502356,-0.1857028598364973,0.5,-0.02100517895464709,0.10329276052786693,1.7425300617473274,1.1834894732010937
240,0.0,6.666666666666666,-0.522669084349703,1.4034993032264356,0.5,-0.029231774110498904,0.09016607171281159,1.80213093377722,1.2244802093329465
241,0.0,2.0,-0.522669084349703,-0.45056988701365275,0.5,-0.03771859006105958,0.0775377874419623,1.8639025041438313,1.2623787980519041
242,0.6666666666666666,3.3333333333333335,0.08288279978360982,0.07916416734065833,0.5,-0.046405420943506755,0.06544212925151262,1.9220857068428332,1.3033025351112688
243,0.0,1.3333333333333335,-0.522669084349703,-0.7154369141908082,0.6000000000000001,-0.05523037312683967,0.053910240413703354,1.9837540154808848,1.341568916074709
244,0.0,4.666666666666667,-0.522669084349703,0.6088982216949694,0.6000000000000001,-0.0641303757727522,0.042969998061744855,2.040710058958181,1.382404052000129
245,0.0,2.0,-0.522669084349703,-0.45056988701365275,0.6000000000000001,-0.0730416823227285,0.03264584407966963,2.1023743043332463,1.4211785011134452
246,0.0,2.0,-0.522669084349703,-0.45056988701365275,0.7,-0.08190035902975512,0.022958638391626974,2.1582622508163745,1.4619085130254348
247,0.0,8.0,-0.522669084349703,1.933233357580747,0.7,-0.09064275781176354,0.013925537714009069,2.2200042470879637,1.5013839408789613
248,0.6666666666666666,2.0,0.08288279978360982,-0.45056988701365275,0.6000000000000001,-0.0992059720822425,0.0055599024000068074,2.2749619496383184,1.5420042934393225
249,2.0,2.0,1.2939865680502356,-0.45056988701365275,0.6000000000000001,-0.10752827564412434,-0.002128766007167304,2.3368513508047,1.5824517400279055
250,0.0,1.333333333333333,-0.522669084349703,-0.7154369141908083,0.6000000000000001,-0.11554954584833861,-0.009134853345031148,2.3910021256496186,1.6229811208473517
251,0.0,0.666666666666667,-0.522669084349703,-0.9803039413679636,0.6000000000000001,-0.12321167257559672,-0.015456623622594276,2.4530993678951125,1.6647894012198028
252,0.6666666666666666,1.333333333333333,0.08288279978360982,-0.7154369141908083,0.6000000000000001,-0.1304589540993158,-0.021096168048578598,2.506556367895822,1.705288414192296
253,2.0,3.333333333333333,1.2939865680502356,0.07916416734065815,0.5,-0.13723848003999703,-0.026059309412037903,2.5689142415044266,1.7490275686536765
254,0.0,2.0,-0.522669084349703,-0.45056988701365275,0.39999999999999997,-0.143500500988111,-0.03035546093929902,2.6217835532605887,1.7896303709027803
255,0.0,0.666666666666667,-0.522669084349703,-0.9803039413679636,0.3,-0.14919878384617483,-0.033997440982812446,2.684448104091803,1.8361566020633193
256,1.3333333333333333,6.0,0.6884346839169226,1.1386322760492804,0.3,-0.15429095111298105,-0.0370012468129736,2.736831266219454,1.8771263038120558
257,0.0,4.0,-0.522669084349703,0.3440311945178138,0.3,-0.15873880131419837,-0.03938579223203239,2.799842453698873,1.927763479072714
258,0.0,4.0,-0.522669084349703,0.3440311945178138,0.3,-0.16250860701877576,-0.041172614668306906,2.8518388588609795,1.96959479185059
259,0.0,2.0,-0.522669084349703,-0.45056988701365275,0.39999999999999997,-0.16557138649714734,-0.042385557603637436,2.9152312484604783,2.0264662962856566
260,0.0,6.666666666666667,-0.522669084349703,1.403499303226436,0.39999999999999997,-0.16790314500202683,-0.04305043352257376,2.9669407324294697,2.0700891305535603
261,0.0,1.333333333333333,-0.522669084349703,-0.7154369141908083,0.39999999999999997,-0.1694850819798371,-0.043194671412428345,3.030744325563334,2.136763619328894
262,1.3333333333333333,0.666666666666667,0.6884346839169226,-0.9803039413679636,0.39999999999999997,-0.17030376131145178,-0.04284695167391009,3.0822700557958074,2.1839777273955487
263,0.0,2.666666666666667,-0.522669084349703,-0.18570285983649712,0.39999999999999997,-0.17035124267820909,-0.04203683038060689,-3.1366741227063946,2.2668095388653833
264,0.0,2.666666666666667,-0.522669084349703,-0.18570285983649712,0.5,-0.16962517292087154,-0.04079435443564885,-3.0852224753151365,2.3212851909339007
265,0.0,2.666666666666667,-0.522669084349703,-0.18570285983649712,0.6000000000000001,-0.16812883657386002,-0.03914966961353005,-3.0205203336418265,2.4323453212619426
266,0.6666666666666666,2.6666666666666665,0.08288279978360982,-0.1857028598364973,0.7,-0.1658711648264004,-0.037132624566826554,-2.9690231125304405,2.502070334230738
267,0.6666666666666667,1.333333333333333,0.08288279978360992,-0.7154369141908083,0.7,-0.16286670239859824,-0.034772375041553345,-2.903838638903676,2.665363337864536
268,0.0,2.0,-0.522669084349703,-0.45056988701365275,0.7,-0.1591355323018685,-0.03209699346450195,-2.8521622147815244,2.7683190070085537
269,0.0,0.666666666666667,-0.522669084349703,-0.9803039413679636,0.7,-0.15470315887292624,-0.02913308992537742,-2.7864756242213153,3.0267153676337966
270,0.6666666666666666,5.333333333333334,0.08288279978360982,0.873765248872125,0.7,-0.14960034965577163,-0.02590545169906476,-2.734467635659124,-3.088007599815157
271,0.0,7.333333333333333,-0.522669084349703,1.668366330403591,0.7,-0.14386293686007345,-0.02243670986937474,-2.6682600878305127,-2.717183953298977
272,2.0,1.333333333333334,1.2939865680502356,-0.715436914190808,0.6000000000000001,-0.13753157945029182,-0.018747042832540244,-2.6157435586725297,-2.4901844112460445
273,0.0,6.666666666666667,-0.522669084349703,1.403499303226436,0.6000000000000001,-0.13065148725301262,-0.01485392669127548,-2.5489965396654855,-2.1519377736326804
274,0.0,6.666666666666666,-0.522669084349703,1.4034993032264356,0.6000000000000001,-0.12327210842802801,-0.010771941440903479,-2.4957623759266885,-1.9607556895542249
275,0.0,6.0,-0.522669084349703,1.1386322760492804,0.6000000000000001,-0.11544678110849013,-0.006512639760828502,-2.4284569473553943,-1.7592415519547049
276,0.0,2.0,-0.522669084349703,-0.45056988701365275,0.6000000000000001,-0.10723234938878304,-0.002084482589824679,-2.3742540532346648,-1.6267356228231362
277,0.0,0.666666666666667,-0.522669084349703,-0.9803039413679636,0.7,-0.09868874375462293,0.00250715738172285,-2.306369680021491,-1.514935743690305
278,0.0,1.333333333333334,-0.522669084349703,-0.715436914190808,0.7,-0.08987852675254439,0.007259926156547907,-2.250891430706127,-1.4189301112410904
279,0.0,8.666666666666666,-0.522669084349703,2.198100384757902,0.7,-0.08086640593607934,0.012174356584877272,-2.1824038735203026,-1.3520617480457258
280,2.0,5.333333333333333,1.2939865680502356,0.8737652488721247,0.7,-0.07171871754541573,0.017253678360882554,-2.125269189033334,-1.2765459655592961
281,0.0,0.0,-0.522669084349703,-1.2451709685451193,0.7,-0.0625028856762767,0.022503573678879812,-2.0561469398996235,-1.2328046580836545
282,0.0,4.0,-0.522669084349703,0.3440311945178138,0.7,-0.05328686252194904,0.027931882766828686,-1.9968736874032804,-1.169262166631983
283,1.3333333333333333,5.333333333333333,0.6884346839169226,0.8737652488721247,0.7,-0.04413855541312262,0.033548264873664926,-1.9270723940931531,-1.1382515211917899
284,0.0,6.0,-0.522669084349703,1.1386322760492804,0.8,-0.03512524608479712,0.03936382166092317,-1.8650398357618312,-1.0820361513587382
285,0.0,2.0,-0.522669084349703,-0.45056988701365275,0.8,-0.02631300735316687,0.045390690821689963,-1.7944937069913462,-1.0583930364536909
286,0.0,1.333333333333333,-0.522669084349703,-0.7154369141908083,0.7,-0.017766122405504164,0.051641618647174974,-1.728888794516085,-1.0067726655073297
287,0.0,0.666666666666667,-0.522669084349703,-0.9803039413679636,0.6000000000000001,-0.009546512225835127,0.058129521511583446,-1.6574969351013504,-0.9874852544549506
288,2.0,1.333333333333333,1.2939865680502356,-0.7154369141908083,0.5,-0.0017131774152257455,0.06486704714661726,-1.5872363570341823,-0.938735404355474
289,1.3333333333333335,1.333333333333334,0.6884346839169229,-0.715436914190808,0.39999999999999997,0.005678338266548824,0.07186614619813791,-1.5148403902167291,-0.9219891826265652
290,0.6666666666666666,2.0,0.08288279978360982,-0.45056988701365275,0.39999999999999997,0.01257645450587722,0.07913766275586742,-1.4384565613318383,-0.87496210322589
291,0.6666666666666666,5.333333333333333,0.08288279978360982,0.8737652488721247,0.29999999999999993,0.018934023207144535,0.08669094993606165,-1.36480351918516,-0.8596073969019961
292,0.0,2.666666666666667,-0.522669084349703,-0.18570285983649712,0.29999999999999993,0.024708752605387168,0.09453351397326387,-1.2802789203178713,-0.8135134085980346
293,2.6666666666666665,5.333333333333333,1.899538452183548,0.8737652488721247,0.19999999999999996,0.029863581338863226,0.1026706882942582,-1.2049594545054987,-0.7987993702115527
294,0.0,1.333333333333334,-0.522669084349703,-0.715436914190808,0.29999999999999993,0.034366998170468316,0.11110533807361717,-1.109493415004727,-0.7530866755327121
295,0.0,4.666666666666667,-0.522669084349703,0.6088982216949694,0.19999999999999996,0.03819330379343034,0.11983759571335463,-1.031838879056029,-0.7385172650007079
296,0.0,6.0,-0.522669084349703,1.1386322760492804,0.09999999999999998,0.04132281195819113,0.12886462806904053,-0.9215490163937394,-0.6928003176016843
297,4.0,2.666666666666666,3.1106422204501745,-0.18570285983649748,0.0,0.04374198791566233,0.13818043666529456,-0.8404642019175227,-0.6780503522240375
298,0.6666666666666666,4.0,0.08288279978360982,0.3440311945178138,0.0,0.045443522563317705,0.1477756926476945,-0.7101125046697494,-0.6320640707691307
299,0.0,1.333333333333334,-0.522669084349703,-0.715436914190808,-0.09999999999999998,0.04642634111693235,0.15763760899494975,-0.623829624221098,-0.6169271395230208
300,0.0,0.0,-0.522669084349703,-1.2451709685451193,-0.09999999999999998,0.04669554645077823,0.16774985334057552,-0.4669611759147606,-0.5704959987341995
301,0.6666666666666666,5.333333333333334,0.08288279978360982,0.873765248872125,-0.20000000000000007,0.04626229927127453,0.17809250499720666,-0.3727887030626575,-0.5548505000955474
302,0.6666666666666666,4.666666666666666,0.08288279978360982,0.6088982216949691,-0.20000000000000007,0.04514363875341973,0.1886420590102392,-0.18342304467998086,-0.5078667613258842
303,1.3333333333333335,1.333333333333334,0.6884346839169229,-0.715436914190808,-0.20000000000000007,0.04336224745088149,0.19937147857867238,-0.07789607078611632,-0.49165277409803687
304,2.0,3.333333333333334,1.2939865680502356,0.07916416734065851,-0.20000000000000007,0.04094616377718605,0.21025029579185406,0.14420836520522387,-0.444060493082763
305,0.0,4.0,-0.522669084349703,0.3440311945178138,-0.30000000000000004,0.03792844518630151,0.22124475984885864,0.26376710026311934,-0.4272633377722269
306,0.0,6.666666666666666,-0.522669084349703,1.4034993032264356,-0.30000000000000004,0.03434678587685657,0.2323180315030398,0.5048266626447367,-0.3790462057596664
307,0.6666666666666666,1.333333333333334,0.08288279978360982,-0.715436914190808,-0.20000000000000007,0.030243094131676373,0.24343042207812662,0.6370225115125282,-0.36168446408614724
308,0.0,0.0,-0.522669084349703,-1.2451709685451193,-0.30000000000000004,0.025663035474424563,0.25453967520909665,0.8688114538515483,-0.31285649467738674
309,0.6666666666666666,5.333333333333334,0.08288279978360982,0.873765248872125,-0.30000000000000004,0.02065554803620176,0.2656012895583466,1.007049309181205,-0.2949732996371998
310,0.0,8.666666666666668,-0.522669084349703,2.198100384757903,-0.20000000000000007,0.015272335937472568,0.2765688806111586,1.203867308330961,-0.24557180534979925
311,2.0,2.0,1.2939865680502356,-0.45056988701365275,-0.09999999999999998,0.009567345599828869,0.28739457893119214,1.3407990971699977,-0.22722866042958756
312,0.6666666666666666,3.333333333333334,0.08288279978360982,0.07916416734065851,-0.09999999999999998,0.003596229135947652,0.29802946165892924,1.4943123189122112,-0.17730908877282156
313,0.0,1.333333333333334,-0.522669084349703,-0.715436914190808,-0.09999999999999998,-0.0025842013644616995,0.30842401438671224,1.626007514642324,-0.15858164723554702
314,0.0,0.0,-0.522669084349703,-1.2451709685451193,-0.09999999999999998,-0.008916524561355367,0.31852862141202887,1.7413272057977032,-0.10821391532510691
315,2.0,6.0,1.2939865680502356,1.1386322760492804,-0.09999999999999998,-0.01534326090106104,0.3282940824728287,1.8670411583880542,-0.08918932605879204
316,0.0,4.666666666666666,-0.522669084349703,0.6088982216949691,-0.09999999999999998,-0.02180741886229403,0.33767215277287277,1.9530530612841512,-0.0384553761323118
317,0.0,2.666666666666666,-0.522669084349703,-0.18570285983649748,-0.20000000000000007,-0.028253031267341855,0.3466161010084061,2.0734901316051118,-0.01923080908462104
318,0.0,0.6666666666666661,-0.522669084349703,-0.9803039413679641,-0.20000000000000007,-0.03462567649045739,0.3550812783189657,2.137951418582793,0.03177704961130048
319,0.0,4.666666666666666,-0.522669084349703,0.6088982216949691,-0.20000000000000007,-0.04087297934080473,0.3630256900888484,2.2541651871817465,0.051095231802863315
320,2.0,0.6666666666666661,1.2939865680502356,-0.9803039413679641,-0.30000000000000004,-0.04694508672965983,0.37041056177443715,2.3026873061964555,0.10227568897492609
321,0.0,12.0,-0.522669084349703,3.52243552064368,-0.4,-0.052795114076460814,0.3772008887109322,2.4156600478979264,0.12157254502942057
322,0.6666666666666666,6.666666666666666,0.08288279978360982,1.4034993032264356,-0.30000000000000004,-0.058379559222492335,0.38336595835191567,2.4520259074561883,0.1728167221513572
323,0.6666666666666666,1.333333333333334,0.08288279978360982,-0.715436914190808,-0.30000000000000004,-0.0636586808196147,0.3888798327046209,2.562566832360816,0.1919694400708433
324,0.0,2.666666666666666,-0.522669084349703,-0.18570285983649748,-0.30000000000000004,-0.06859683778692616,0.39372177973345746,2.58924025864025,0.24316268477284486
325,0.0,7.333333333333334,-0.522669084349703,1.6683663304035918,-0.30000000000000004,-0.07316278598303101,0.39787664475553053,2.697993912782969,0.26204158139280237
326,0.0,2.0,-0.522669084349703,-0.45056988701365275,-0.30000000000000004,-0.07732992812794827,0.40133515480708815,2.7165220823483756,0.3130657579359982
327,1.3333333333333333,6.666666666666666,0.6884346839169226,1.4034993032264356,-0.30000000000000004,-0.0810765133614799,0.4040941497143206,2.8240055074901345,0.33153557045133975
328,0.0,3.333333333333334,-0.522669084349703,0.07916416734065851,-0.30000000000000004,-0.08438578357000452,0.40615673367008687,2.8352864264365625,0.38227190792836696
329,0.0,6.666666666666666,-0.522669084349703,1.4034993032264356,-0.20000000000000007,-0.08724606443473737,0.4075323413325589,2.94192931756304,0.40019345773435183
330,0.0,3.333333333333334,-0.522669084349703,0.07916416734065851,-0.09999999999999998,-0.08965079971844017,0.40823671304067444,2.9463735832290645,0.4505262452763601
331,0.0,8.666666666666666,-0.522669084349703,2.198100384757902,-0.09999999999999998,-0.09159852769109533,0.4082917745810579,3.052555988221279,0.4677587755398396
332,0.0,12.0,-0.522669084349703,3.52243552064368,-0.09999999999999998,-0.09309279920941306,0.407725418084379,3.05017160355182,0.5175803650149182
333,1.3333333333333333,1.333333333333334,0.6884346839169226,-0.715436914190808,-0.09999999999999998,-0.09414203802081961,0.4065711824148461,-3.126924452184535,0.5339848975562882
334,1.3333333333333333,4.666666666666666,0.6884346839169226,0.6088982216949691,-0.19999999999999996,-0.09475934511053301,0.40486783430782863,-3.136507258466161,0.5832024893269097
335,0.0,8.666666666666668,-0.522669084349703,2.198100384757903,-0.19999999999999996,-0.0949622498169384,0.40265885537078183,-3.0301158137633077,0.5986464325586225
336,0.0,0.0,-0.522669084349703,-1.2451709685451193,-0.19999999999999996,-0.09477241055580198,0.39999184382230235,-3.0476758545112124,0.647191025747919
337,0.0,7.333333333333334,-0.522669084349703,1.6683663304035918,-0.19999999999999996,-0.09421526740308092,0.39691784252520274,-2.94050708095085,0.6615540132976435
338,0.0,7.333333333333334,-0.522669084349703,1.6683663304035918,-0.19999999999999996,-0.09331964819306136,0.393490606506792,-2.9673300738578527,0.7093918280366044
339,0.0,0.6666666666666661,-0.522669084349703,-0.9803039413679641,-0.19999999999999996,-0.0921173298970912,0.389765824329048,-2.8587542427354964,0.7225725791428416
340,0.0,2.666666666666666,-0.522669084349703,-0.18570285983649748,-0.19999999999999996,-0.09064255795998255,0.3858003087842835,-2.896829484527637,0.7697194782100985
341,0.0,6.0,-0.522669084349703,1.1386322760492804,-0.30000000000000004,-0.08893152763634633,0.38165117345332916,-2.785943971115972,0.7816433968157348
342,0.0,2.0,-0.522669084349703,-0.45056988701365275,-0.19999999999999996,-0.08702183287114644,0.3773750122355541,-2.8383344427399977,0.8281833550822255
343,0.0,2.666666666666666,-0.522669084349703,-0.18570285983649748,-0.30000000000000004,-0.08495188979163713,0.37302709870780043,-2.7237644635465132,0.838810400557611
344,2.0,0.6666666666666661,1.2939865680502356,-0.9803039413679641,-0.30000000000000004,-0.08276034338072591,0.3686606213530392,-2.7953190625445496,0.8849201339215419
345,0.0,1.333333333333334,-0.522669084349703,-0.715436914190808,-0.30000000000000004,-0.08048546723501016,0.36432596959785646,-2.674862497951696,0.8942522503262653
346,0.0,2.666666666666666,-0.522669084349703,-0.18570285983649748,-0.30000000000000004,-0.07816456714887565,0.36007008394788936,-2.7736704368697005,0.9402367372080734
347,0.0,6.0,-0.522669084349703,1.1386322760492804,-0.30000000000000004,-0.07583339940901217,0.35593588103070084,-2.643625518781231,0.9483239529794433
348,0.0,3.333333333333334,-0.522669084349703,0.07916416734065851,-0.30000000000000004,-0.0735256144831033,0.35196176141211005,-2.7842365091270107,0.9946741970079287
349,0.0,4.0,-0.522669084349703,0.3440311945178138,-0.30000000000000004,-0.07127223694493716,0.34818120551866244,-2.6380504653763204,1.0016184856258865
350,1.333333333333333,3.333333333333334,0.6884346839169224,0.07916416734065851,-0.4,-0.06910119333038332,0.34462246153742576,-2.8492680111223523,1.049120801876013
351,0.6666666666666667,2.0,0.08288279978360992,-0.45056988701365275,-0.4,-0.06703690085526318,0.34130832867181815,-2.674766995548774,1.0550769995152334
352,5.333333333333333,1.333333333333334,4.3217459887168,-0.715436914190808,-0.5,-0.06509993088648539,0.33825603891694367,-3.019245702352303,1.1050586916434346
353,1.3333333333333333,0.6666666666666661,0.6884346839169226,-0.9803039413679641,-0.5,-0.06330676093069151,0.33547723988439304,-2.794529980043402,1.1102321788074012
354,0.6666666666666666,8.0,0.08288279978360982,1.933233357580747,-0.5,-0.06166962685364537,0.33297807977719485,2.8837294017371766,1.165243768570363
355,0.6666666666666667,2.666666666666666,0.08288279978360992,-0.18570285983649748,-0.5,-0.06019648284258244,0.3307593934701966,-3.111644061659479,1.169885324312761
356,1.3333333333333333,0.6666666666666661,0.6884346839169226,-0.9803039413679641,-0.5,-0.058891071367615004,0.32881698643969404,2.2710884025841067,1.2363223509607482
357,2.0,6.0,1.2939865680502356,1.1386322760492804,-0.6,-0.05775310087590146,0.3271420117683698,2.4715937574645666,1.2407184331859922
358,1.3333333333333333,2.0,0.6884346839169226,-0.45056988701365275,-0.6,-0.056778525949064976,0.32572143465583897,1.7641833696544735,1.349637232562198
