trial_index,pfc_mag_standardized,dms_mag_standardized,prpd_standardized,pfc_mag_filtered,dms_mag_filtered,prpd_filtered,pfc_phase,dms_phase,prpd_phase
1,-0.612084874754941,5.555669148556412,-0.49441643862379603,-0.5478038919316714,5.597400004860004,-0.5095661498255651,2.4198201712909584,-0.8445783320373346,-1.9283986932330333
2,-0.41148810176941963,1.9910369740875147,-0.49441643862379603,-0.5475374670870461,5.296554100227271,-0.4564240873761772,2.6772035561090206,-0.39981519506232416,-1.949589151889179
3,-1.0132784207259835,0.8028262492645495,-0.49441643862379603,-0.5457723439760659,4.997399034688617,-0.40410944512040536,2.701614784671852,-0.3884928390829817,-1.9006088941859223
4,-0.7123832612477016,1.0404683942291424,-1.221638325424795,-0.5425022827898235,4.700830504506167,-0.35266637918478067,2.8289787544119545,-0.13490539749526761,-1.8764631018575335
5,-0.5117864882621803,1.7533948291229218,-1.0398328537245451,-0.5377313643039537,4.407723116983662,-0.30213616410127786,2.856803265246169,-0.11902734165160207,-1.8304042197527541
6,-0.9129800342332228,2.9416055539458874,-1.3670827027849946,-0.5314741626159145,4.118924010950667,-0.25255784533569325,2.953374713710662,0.0749482271398257,-1.7966577670741724
7,-1.0132784207259835,3.1792476989104803,-1.221638325424795,-0.5237558321815926,3.835246852926068,-0.20396883454475515,2.983376346219373,0.0947392975600081,-1.7525157548758803
8,-0.7123832612477016,-0.3853844755584162,-1.1177494844532234,-0.5146121060759858,3.557466277679336,-0.1564054247955996,3.0661346314398266,0.2572673200174141,-1.7147411208392613
9,-0.010294555798377049,1.7533948291229218,-1.0398328537245451,-0.5040892035615184,3.286312828150842,-0.109903207219346,3.097694904451284,0.2806851402743692,-1.671920781683203
10,-0.8126816477404621,1.9910369740875147,-0.9792310298244619,-0.4922436463493072,3.02246843840747,-0.06449737550249172,-3.1106102005079155,0.4227195371275621,-1.6318913850626882
11,-0.8126816477404621,2.2286791190521082,-0.9307495707043955,-0.47914198411696146,2.7665624928133,-0.0202229098121663,-3.077891579104366,0.449630931801428,-1.5900028871832297
12,-0.41148810176941963,0.5651841042999564,-0.9307495707043955,-0.46486043059578336,2.5191684841105677,0.02288536308212878,-3.008165656037055,0.5766196619002506,-1.5484569101843348
13,-0.9129800342332228,1.2781105391937355,-1.148916136744695,-0.44948441197810524,2.280801283509982,0.06479283167415027,-2.9745932501839083,0.606978205114926,-1.507227562420221
14,-0.31118971527665906,1.2781105391937355,-0.9307495707043955,-0.4331080299316609,2.051915027914277,0.10546527674346823,-2.9085861158920054,0.7220146279165663,-1.4645211588185747
15,-0.8126816477404621,1.5157526841583284,-0.9307495707043955,-0.4158334423206162,1.832901622523815,0.14486915157310795,-2.8744228027152205,0.755833442397985,-1.4237518271748455
16,-1.1135768072187442,-0.3853844755584162,1.2509160896986014,-0.39777016570150586,1.6240898506095942,0.18297194806893985,-2.8113269470510924,0.8608156661859709,-1.380075007894909
17,0.3908989901726654,0.8028262492645492,1.2509160896986014,-0.37903430470252947,1.4257450762033277,0.21974262627014393,-2.7768257663882823,0.8981553946790642,-1.33961552409498
18,-0.2108913287838984,0.5651841042999564,1.2509160896986014,-0.3597477145320784,1.2380695198941318,0.2551520806275035,-2.716189250337418,0.9942993651183163,-1.2950781436543823
19,-0.2108913287838984,-0.6230266205230093,1.2509160896986014,-0.3400371039216946,1.0612030824269962,0.2891736147246616,-2.681618664714363,1.0352634449056262,-1.2548116137684733
20,0.09000383069438349,1.5157526841583284,1.2509160896986014,-0.32003308631342703,0.8952246851035371,0.3217833974197446,-2.6232227251396587,1.1233594273384209,-1.2094815699011416
21,-0.7123832612477016,1.5157526841583284,1.2509160896986014,-0.29986918675257984,0.7401540903996269,0.3529608770173084,-2.588893256891159,1.1680936388993985,-1.1693133463986858
22,-1.0132784207259835,0.0898998143707699,1.2509160896986014,-0.2796808110455596,0.5959541614136143,0.3826891347783407,-2.5327006517275805,1.2486455168621169,-1.1232346610422241
23,-0.11059294229113786,-0.14774233059382313,1.2509160896986014,-0.2596041829761486,0.4625335154911726,0.4109551639522268,-2.4989996483937773,1.2973406132162373,-1.0830841757422034
24,-0.31118971527665906,1.0404683942291424,0.5236942028976023,-0.23977525533048505,0.3397495258580078,0.43775006525031485,-2.445145725573977,1.3706456851804527,-1.036285938043805
25,-0.612084874754941,1.0404683942291424,0.7054996745978522,-0.2203286012786881,0.22741162456569047,0.46306915413890065,-2.4125892355716845,1.4235427736836044,-0.9960805782481763
26,-0.9129800342332228,-1.0983109104521955,0.7054996745978522,-0.20139629388853697,0.12528485963376423,0.4869119792470333,-2.3614098372618426,1.4897385279833089,-0.9485816204739098
27,-0.7123832612477016,0.8028262492645492,0.7054996745978522,-0.18310678278817985,0.033093658950345925,0.5092822542281273,-2.330727271119928,1.547137372278969,-0.9082522174089206
28,2.69776187950616,0.3275419593353631,0.7054996745978522,-0.16558377830445448,-0.049474246452142295,0.5301877074878156,-2.282833618971277,1.6062282845627036,-0.860063838045323
29,-1.0132784207259835,1.9910369740875153,0.48733310855755246,-0.1489451547708721,-0.12276378689932205,0.5496398555564901,-2.2551162116332226,1.6684990814169482,-0.8195414854858266
30,-0.9129800342332228,-0.8606687654876024,0.7054996745978522,-0.13330188533878987,-0.18714845307335165,0.567653706887821,-2.2115489131156774,1.7203700884880633,-0.7706693497528229
31,-0.8126816477404621,-0.6230266205230094,0.7054996745978522,-0.11875701980953482,-0.24302617490067435,0.5842474036467927,-2.1885281059700947,1.7879697144547506,-0.7298833454123868
32,-1.0132784207259835,1.7533948291229218,0.37824982553740255,-0.1054047155768759,-0.2908152233103424,0.5994418096074812,-2.1510668674740425,1.8323896740658296,-0.6803291291953651
33,0.49119737666542596,2.2286791190521082,0.5236942028976023,-0.09332933160092348,-0.3309501752030162,0.6132600526269002,-2.1356732505992637,1.9058840066056348,-0.6392058997587238
34,-0.7123832612477016,-0.6230266205230094,0.5236942028976023,-0.08260459714706536,-0.3638779795195221,0.625727030312408,-2.107484201863753,1.9425004732087205,-0.5889689656969957
35,1.0929876956219897,-0.14774233059382313,0.6275830438691736,-0.07329286974174189,-0.3900541590295322,0.6368688874006644,-2.105052908560579,2.022595291826041,-0.5474318817938313
36,4.001640903912048,-0.8606687654876023,0.6275830438691736,-0.06544449885018093,-0.40993917766664784,0.646712472992132,-2.0921212996791416,2.0509205315501857,-0.49651111470242965
37,-1.0132784207259835,1.5157526841583284,0.6275830438691736,-0.05909731195245647,-0.4239949981864755,0.6552847852632391,-2.1131618661788005,2.1385049345406975,-0.45448111553287507
38,-0.5117864882621803,0.5651841042999564,0.6275830438691736,-0.05427623710322727,-0.4326818513864626,0.6626124107935524,-2.1275718191526907,2.157891847994286,-0.4028769340152397
39,-0.5117864882621803,1.9910369740875147,0.6275830438691736,-0.05099307094737951,-0.4364552359465634,0.6687209652801633,-2.194074486749528,2.2541004351415386,-0.36027387854937637
40,3.0989554254772025,0.0898998143707699,0.8457496099094735,-0.0492463956906276,-0.43576316527631026,0.6736345421349472,-2.260413057381869,2.2637055919475713,-0.30799036967728927
41,0.29060060367990487,-0.3853844755584162,0.8457496099094735,-0.04902164495096915,-0.4310436732022123,0.6773751752367838,-2.414220257696993,2.370009586998408,-0.2647350284354298
42,-0.7123832612477016,0.8028262492645492,1.063916175949773,-0.050291316365716494,-0.4227225842716559,0.6799623219948202,-2.565859007315099,2.368738766262693,-0.21178210994321506
43,0.5914957631581867,-0.3853844755584162,0.8457496099094735,-0.05301532619154555,-0.41121154844238184,0.681412373013185,-2.826265550082467,2.4870833346732164,-0.1677986990762154
44,-0.8126816477404621,-0.3853844755584162,0.6275830438691736,-0.05714149742105947,-0.39690633523387736,0.6817381951520092,-3.0184297349199785,2.4735126254902244,-0.11419418613526397
45,-0.8126816477404621,0.08989981437077006,0.6275830438691736,-0.0626061697625074,-0.3801853792002374,0.6809487156024853,3.029599324582355,2.6065305149469142,-0.06941332928456818
46,0.29060060367990487,-0.8606687654876023,0.4327914670474775,-0.06933491850281057,-0.36140856642603425,0.6790485554612846,2.915023575605922,2.5787929959865794,-0.01518477909139625
47,-0.11059294229113772,-0.14774233059382313,0.4327914670474775,-0.07724336966361746,-0.3409162504074212,0.6760377218420522,2.7891768166096234,2.730148766536861,0.030453238928497252
48,0.29060060367990487,0.08989981437077006,0.4327914670474775,-0.08623810012823828,-0.3190284850875524,0.6719113675696937,2.74977211521093,2.6857745931009087,0.08526703819582478
49,-0.5117864882621803,-1.0983109104521955,0.4327914670474775,-0.09621761265730276,-0.2960444627873184,0.6666596269547979,2.695811931285088,2.860740791625953,0.1318089285750362
50,-0.612084874754941,-0.14774233059382313,0.4327914670474775,-0.10707337631304559,-0.27224214504888905,0.660267535173406,2.6961476206491977,2.79644546124961,0.18715699993485482
51,-0.5117864882621803,0.3275419593353631,0.4327914670474775,-0.11869092290305969,-0.24787807485431979,0.6527150375585088,2.6797058458429666,3.0029051029597293,0.23463334366157448
52,0.19030221718714405,-0.147742330593823,0.2146249010071779,-0.1309509903258609,-0.2231873592970664,0.643977093792312,2.700205743899224,2.9143747175386014,0.2904523020119446
53,2.6977618795061598,0.8028262492645492,0.30552763685730266,-0.14373070454837852,-0.1983838123826901,0.6340238806329574,2.704060144115984,-3.1185679153708934,0.3388750065404078
54,-0.8126816477404621,-0.14774233059382313,0.37824982553740255,-0.15690479275764058,-0.17366024771680846,0.6228210953752958,2.7354241263952734,3.0466205284225256,0.3950897442308051
55,-0.010294555798377182,-0.8606687654876023,0.16008325949710292,-0.17034681967640047,-0.1491889100770345,0.6103303606609806,2.751088538792186,-2.9226843623182517,0.4444504217196015
56,1.0929876956219897,1.2781105391937353,0.16008325949710292,-0.1839304364677686,-0.12512203354407683,0.5965097295129383,2.78866049913497,-3.0740898378131636,0.5009757558948462
57,-0.8126816477404621,-0.6230266205230093,0.37824982553740255,-0.19753062802730031,-0.10159251264014227,0.5813142876247711,2.8116485468019734,-2.664956393035718,0.5512452656085169
58,-1.1135768072187442,-0.3853844755584162,0.37824982553740255,-0.21102494126932786,-0.0787146721678973,0.5646968480193283,2.8529026278898995,-2.8383280123831103,0.6079884712241017
59,-0.7123832612477016,-0.8606687654876024,0.37824982553740255,-0.2242946749371653,-0.056585121057548454,0.5466087312523153,2.8806518077010637,-2.297879249970375,0.6591177342568916
60,-0.8126816477404621,-0.3853844755584162,0.37824982553740255,-0.23722601069359678,-0.035283675530461384,0.5270006225226882,2.9241094387448845,-2.386285997720601,0.7159817610310287
61,-0.41148810176941963,1.0404683942291424,0.37824982553740255,-0.24971106605065274,-0.014874337718201694,0.5058234955175588,2.955050714615537,-1.7865837288498778,0.7679038001445718
62,-0.9129800342332228,-1.0983109104521955,0.37824982553740255,-0.2616488518905303,0.004593682346235625,0.4830295915872897,2.9997865196286204,-1.4419364341865417,0.8247908706079635
63,-0.8126816477404621,-0.3853844755584162,0.37824982553740255,-0.2729461200814907,0.0230849114196076,0.45857344182916604,3.0328997179033825,-1.236245276127393,0.8774238691461905
64,-0.5117864882621803,0.5651841042999564,0.37824982553740255,-0.2835180893285294,0.04057653288463757,0.4324129187789331,3.0783000938822767,-0.6749765580809967,0.934239091429419
65,-1.1135768072187442,0.5651841042999564,0.5964163915777023,-0.29328903984928917,0.057057288922012186,0.4045103036500545,3.1128870215899656,-0.813555809464087,0.9874901347968791
66,-0.8126816477404621,1.2781105391937353,0.37824982553740255,-0.3021927699158866,0.07252637098096902,0.37483335445146315,-3.1246607645933584,-0.33642446759552525,1.0441447649247428
67,-0.7123832612477016,-0.8606687654876023,0.37824982553740255,-0.3101729098524545,0.08699230380227992,0.3433563599223159,-3.089098996969041,-0.5279301481582289,1.097913870140574
68,-0.9129800342332228,-0.8606687654876023,0.37824982553740255,-0.31718309175455034,0.10047182869724348,0.31006116409128687,-3.0435344176547576,-0.1488126953108223,1.1543279347076005
69,-0.11059294229113772,0.0898998143707699,0.5964163915777023,-0.32318697596950946,0.11298879293500709,0.2749381463494785,-3.007366967668883,-0.3274872755530295,1.208511993678104
70,-0.612084874754941,1.0404683942291424,0.5964163915777023,-0.32815813806266947,0.12457305252375035,0.23798714213591862,-2.9621073600614127,-0.01923137721724263,1.2646161037779537
71,-0.7123832612477016,0.5651841042999564,0.5964163915777023,-0.3320798222993773,0.13525939464801962,0.19921828970888117,-2.9256145990775257,-0.17619637401153915,1.319112440686948
72,-1.0132784207259835,0.5651841042999564,0.8145829576180021,-0.33494456942595524,0.14508648446565142,0.15865278918894954,-2.880836972337241,0.08218907076264889,1.3748487605692743
73,-1.1135768072187442,0.5651841042999564,0.5964163915777023,-0.33675372792563446,0.1540958404093148,0.11632356126710539,-2.8442351892844355,-0.054669103841307784,1.4295581151830887
74,-1.1135768072187442,-0.3853844755584162,0.37824982553740255,-0.33751685948670834,0.16233084306425222,0.07227579470045592,-2.800075156400248,0.1674141531537454,1.484880570641412
75,-0.31118971527665906,0.5651841042999564,0.37824982553740255,-0.33725105163374947,0.16983578433474733,0.026567373863290496,-2.763531595663607,0.047591276177860395,1.539709431880427
76,-0.7123832612477016,0.08989981437077006,0.5964163915777023,-0.3359801533666423,0.17665496495903338,-0.020730820044451714,-2.720091331645162,0.24217698862659487,1.5945833137433332
77,0.19030221718714405,-0.14774233059382313,0.37824982553740255,-0.33373395273495743,0.18283184901036992,-0.0695347382499117,-2.6837333748253354,0.13663997122054522,1.6494456004655405
78,0.19030221718714405,0.3275419593353631,0.16008325949710292,-0.33054731783244135,0.18840828392694725,-0.11974712608233276,-2.641086274324781,0.3096558774698558,1.7038467285067198
79,1.7950764010713138,0.0898998143707699,-0.05808330654319668,-0.326459324128156,0.19342379413480526,-0.17125761688929364,-2.605007283528045,0.21624878929259597,1.7586648546322292
80,-0.31118971527665906,-0.6230266205230094,-0.05808330654319668,-0.32151239091854306,0.19791495562470302,-0.22394295587800514,-2.5632009995474445,0.37185505034426614,1.8125784520847477
81,-0.5117864882621803,0.3275419593353631,-0.2762498725834963,-0.3157514477092306,0.20191485792405284,-0.2776673496566253,-2.5274645408732175,0.2889595862627477,1.8672838432279875
82,1.8953747875640747,0.0898998143707699,-0.49441643862379603,-0.30922314779768856,0.20545265869910612,-0.3322829358096298,-2.486523499286659,0.43019250819483124,1.9207032458214344
83,-0.7123832612477016,0.8028262492645492,-0.49441643862379603,-0.30197514223458355,0.20855323470442183,-0.3876303659416887,-2.4511669379305685,0.3566172040022219,1.9752363840903215
84,-0.9129800342332228,-0.6230266205230093,-0.2762498725834964,-0.29405542359301695,0.21123693122580728,-0.44353949522460245,-2.411094823103593,0.48577063733029957,2.0281616681568746
85,-0.41148810176941975,0.0898998143707699,-0.2762498725834964,-0.28551174577540467,0.2135194109683523,-0.4998301714917571,-2.3761326791351793,0.42064700614462736,2.082471740931026
86,0.7920925361437078,0.0898998143707699,-0.2762498725834964,-0.2763911236419682,0.2154116025543878,-0.556313117126181,-2.336914996754772,0.5395042521667445,2.13490833151352
87,1.2935844686075109,-0.147742330593823,-0.2762498725834964,-0.26673941497152953,0.21691974793497742,-0.6127908970309017,-2.3023421891120996,0.48220069773223745,2.1889525751823866
88,0.9926893091292291,0.0898998143707699,-0.49441643862379603,-0.25660098666295184,0.2180455467071789,-0.6690589655752628,-2.2639489564674427,0.5921788890454289,2.2409099004020483
89,-0.8126816477404621,1.7533948291229218,-0.7125830046640955,-0.24601846556645082,0.2187863937201039,-0.7249067845539697,-2.229744097398756,0.5422315747341838,2.294652756696967
90,-0.7123832612477017,-0.6230266205230094,-0.9307495707043952,-0.2350325709543376,0.21913570493234197,-0.7801190030894491,-2.1921328162325926,0.6444735611551917,2.34614302559319
91,0.19030221718714405,-0.8606687654876023,-0.9307495707043952,-0.22368202136035042,0.21908332573328598,-0.8344766893818409,-2.158261736400057,0.6015317271325937,2.3995552311499
92,-1.1135768072187442,-0.14774233059382313,-1.148916136744695,-0.21200350526444742,0.21861601585848184,-0.8877586035770872,-2.1213806635933636,0.6969660645715118,2.450592389290099
93,-0.11059294229113786,-0.147742330593823,-1.148916136744695,-0.2000317038923804,0.21771800473453629,-0.9397425009444866,-2.087800016041851,0.6607496121474516,2.50365007598113
94,-0.11059294229113772,0.0898998143707699,-0.9307495707043952,-0.1877993547826453,0.21637160953786383,-0.9902064549940538,-2.0515913779352646,0.7501310313656747,2.5542489393779584
95,-0.5117864882621803,0.3275419593353631,-0.9307495707043952,-0.17533734580671617,0.21455790548935988,-1.038930190943156,-2.018251913866971,0.7203985618822772,2.606932766409022
96,-0.7123832612477016,1.5157526841583289,-0.9307495707043952,-0.1626748304205071,0.21225743501174998,-1.08569642079549,-1.982654679367066,0.8043365512238771,2.65710829528551
97,-1.1135768072187442,0.8028262492645492,-1.148916136744695,-0.1498393559116787,0.20945094039668927,-1.130292171923353,-1.9495039230609332,0.7808624967963432,2.709402609268596
98,0.9926893091292291,-0.8606687654876024,-1.148916136744695,-0.1368569975027479,0.20612010411452564,-1.1725101012630352,-1.9144559509310943,0.8598429294266648,2.7591692862710593
99,-1.0132784207259835,-0.6230266205230093,-1.148916136744695,-0.12375249267987679,0.20224828180013127,-1.2121497871098845,-1.8814401687403748,0.8424026089593851,2.8110613183652173
100,-1.0132784207259835,0.08989981437077006,-1.148916136744695,-0.11054937188325843,0.1978212142678003,-1.249018990262328,-1.8468796649541686,0.9168053604671845,2.86043262327473
101,1.1932860821147506,-0.3853844755584162,-1.3670827027849946,-0.09727008323344728,0.19282770509909103,-1.2829348760754207,-1.8139451191653122,0.905166436755125,2.911911750587548
102,0.4911973766654262,3.654531988839666,-1.3670827027849946,-0.08393611015074415,0.18726024877283254,-1.3137251888566839,-1.7798114483011058,0.9752804019863076,2.960899738307223
103,-0.9129800342332228,-0.14774233059382313,-1.3670827027849946,-0.07056808158724917,0.18111559210773553,-1.341229369952397,-1.7469050459763484,0.9691990280304204,3.011956834143069
104,-0.2108913287838984,0.08989981437077006,-1.5852492688252942,-0.057185874776096844,0.17439521100783023,-1.3652996108855304,-1.713139048516892,1.0352353321112497,3.0605718182486523
105,-1.0132784207259835,4.367458423733446,-1.5852492688252942,-0.043808709822159314,0.16710568630022632,-1.3858018330948274,-1.6802085596032728,1.0344557799570606,3.1111987030368753
106,0.5914957631581865,-0.147742330593823,-1.5852492688252942,-0.03045523501524564,0.15925896631799547,-1.4026165862266022,-1.6467525256088846,1.0965599101431454,-3.1237362686393646
107,0.5914957631581867,-0.3853844755584162,-1.5852492688252942,-0.01714360235479829,0.15087250878413244,-1.4156398575637537,-1.6137464662007692,1.1008168537046936,-3.073547277358452
108,-0.9129800342332228,-0.3853844755584162,-1.5852492688252942,-0.0038915341255874054,0.14196929999949043,-1.4247837860314252,-1.5805437853966526,1.1590800221471356,-3.0256553285717596
109,0.09000383069438349,1.0404683942291424,-1.5852492688252942,0.009283617608498135,0.1325777544155145,-1.4299772752208355,-1.5474109470229775,1.1681024547133168,-2.9759117822322416
110,-0.31118971527665906,1.7533948291229218,-1.5852492688252942,0.022364816456456323,0.12273150080488819,-1.4311665009122105,-1.514405431580763,1.2225719517188884,-2.9283741287099865
111,0.49119737666542596,0.565184104299956,-1.5852492688252942,0.0353352898893133,0.11246906223399035,-1.4283153095852341,-1.4810941106610842,1.2360875718391469,-2.879083753262772
112,-0.2108913287838984,-0.147742330593823,-1.5852492688252942,0.04817847750118975,0.10183343775838681,-1.4214055053700052,-1.4482290957433217,1.2867757511238893,-2.8318985209316283
113,-0.2108913287838984,-0.14774233059382313,-1.5852492688252942,0.06087797599644012,0.09087159579817843,-1.4104370238292339,-1.4146861548432061,1.3045150261568714,-2.7830694842569543
114,1.1932860821147506,-0.3853844755584162,-1.5852492688252942,0.07341747709856146,0.07963389198296573,-1.3954279918941361,-1.3819035268042568,1.3514069333456775,-2.736237054229893
115,2.9986570389844416,0.3275419593353631,-1.3670827027849946,0.08578069452901689,0.06817342623158419,-1.3764146742187418,-1.3480734771951344,1.373106600618797,-2.687878212759264
116,-0.8126816477404621,0.0898998143707699,-1.3670827027849946,0.09795127692599154,0.056545354103641074,-1.3534513071600665,-1.3153128845695121,1.4161664319761127,-2.6414012658277604
117,0.09000383069438349,0.5651841042999564,-1.3670827027849946,0.10991270587084498,0.04480616654835885,-1.3266098224669445,-1.2811373205070764,1.441572342405738,-2.593522404905716
118,-1.0132784207259835,0.08989981437077006,-1.3670827027849946,0.12164818215854425,0.033012951143813724,-1.295979463464719,-1.2483359461299512,1.4807489070000635,-2.5474059859573566
119,-0.41148810176941975,0.08989981437077006,-1.3670827027849946,0.1331405074301454,0.021222647474890888,-1.2616662970149848,-1.213753685296333,1.5096182962535394,-2.5000180661238707
120,-0.41148810176941975,-0.3853844755584162,-1.3670827027849946,0.14437197011178443,0.00949130950017174,-1.2237926248919577,-1.1808467829217755,1.5448498611836374,-2.4542696766952132
121,-0.010294555798377182,-0.3853844755584162,-1.148916136744695,0.15532424365712064,-0.0021266118241186904,-1.182496298590074,-1.1457946526844645,1.5769534192611274,-2.4073850907337686
122,-1.0132784207259835,0.08989981437077006,-0.9307495707043952,0.16597830241693126,-0.01357895233733114,-1.1379299420341409,-1.1127164812314987,1.6081724181383228,-2.3620148089221367
123,1.594479628085793,0.3275419593353631,-0.9307495707043952,0.17631435737469237,-0.0248164721959553,-1.0902600871339705,-1.077130171724527,1.6432965513326132,-2.3156476472085035
124,-0.2108913287838984,-1.0983109104521955,-0.9307495707043952,0.18631181124439813,-0.0357934356066575,-1.0396662274193549,-1.0438147001293994,1.670434489059236,-2.270668269967642
125,0.3908989901726654,0.0898998143707699,-1.148916136744695,0.1959492304431448,-0.046468122506018235,-0.9863397949439149,-1.0076291716518129,1.708384041470675,-2.2248345897862074
126,2.79806026599892,-0.6230266205230093,-1.148916136744695,0.2052043306080541,-0.05680326308085533,-0.9304830653058878,-0.9740102597574485,1.7313767916895026,-2.1802617889020715
127,-0.7123832612477016,1.0404683942291424,-1.148916136744695,0.2140539728515399,-0.06676638735098402,-0.8723079952922519,-0.9371596519367401,1.7719784392652724,-2.134979873446619
128,-0.7123832612477016,-0.8606687654876023,-1.148916136744695,0.22247416980364781,-0.07633008362693398,-0.8120349976629406,-0.9031708858253277,1.7907720409548404,-2.0908323389979815
129,0.7920925361437078,-1.0983109104521955,-0.9307495707043952,0.23044010320063837,-0.08547216108854187,-0.7498916581464213,-0.8655882665388209,1.8338785073553903,-2.0461229106163707
130,-0.010294555798377049,-0.3853844755584162,-0.7125830046640955,0.23792615715904036,-0.09417571274657695,-0.686111400767486,-0.8311628609884829,1.8484354016318965,-2.0024224385195164
131,-0.8126816477404621,-0.6230266205230094,-0.9307495707043952,0.24490597216058807,-0.10242907619805226,-0.6209321089490254,-0.7927801766568274,1.8939305038038563,-1.958308784427663
132,2.0959715605495957,-0.14774233059382313,-0.9307495707043952,0.2513525242314117,-0.11022569163421479,-0.5545947111614234,-0.7578511620854433,1.9042358660952377,-1.9150802716213098
133,-0.5117864882621803,-0.8606687654876024,-0.7125830046640955,0.2572382328104691,-0.11756385947180645,-0.4873417411122921,-0.7185994153516148,1.9520400998991045,-1.8715882570815454
134,1.1932860821147506,-0.3853844755584162,-0.49441643862379603,0.26253510017773846,-0.12444640303338009,-0.41941588366862353,-0.683099991539816,1.9581074911454117,-1.828859588157754
135,-0.7123832612477016,-0.6230266205230093,-0.2762498725834964,0.26721488544945227,-0.13088024444327703,-0.35105851901487484,-0.6429094704580346,2.008183514738018,-1.7860175501574889
136,-0.7123832612477017,0.8028262492645492,-0.05808330654319668,0.27124931695845395,-0.13687590442189404,-0.28250827888221636,-0.6067733823924483,2.0100587808353945,-1.7438193741890342
137,-0.31118971527665895,0.3275419593353631,0.16008325949710292,0.2746103475259631,-0.14244693900775673,-0.21399962972512424,-0.5655738406356214,2.062415999973167,-1.7016579034652706
138,-1.0132784207259835,-0.6230266205230094,0.37824982553740266,0.2772704566363599,-0.14760932799065624,-0.145761498172736,-0.5287356849569712,2.0601782938266107,-1.660023318582913
139,0.7920925361437078,0.0898998143707699,0.37824982553740266,0.27920300135534926,-0.152380830473899,-0.07801595379939642,-0.486456286388389,2.1148757711651207,-1.6185749605429547
140,-1.0132784207259835,0.5651841042999564,0.37824982553740266,0.28038261438616524,-0.15678032261812444,-0.010976963238174528,-0.4488513922537228,2.1086347211459002,-1.577539145963732
141,0.19030221718714405,0.0898998143707699,0.37824982553740266,0.28078564386410254,-0.16082713195790369,0.05515077197725368,-0.40541984482512855,2.165781810994349,-1.5368380654721465
142,-0.8126816477404621,0.08989981437077006,0.37824982553740266,0.2803906260680285,-0.16454038210065297,0.12017288346537694,-0.36698298395556095,2.15567014075217,-1.4964379024368948
143,1.4941812415930327,-0.6230266205230093,0.5964163915777023,0.2791787792703642,-0.16793836086535485,0.18390630164134822,-0.3223230064142209,2.2154244412473085,-1.4565195446060542
144,2.9986570389844416,-0.6230266205230093,0.37824982553740255,0.2771345043416863,-0.17103792390122477,0.24618011257121533,-0.2829850548021004,2.2015856176843727,-1.4167932426680632
145,-0.2108913287838984,-0.3853844755584162,0.37824982553740255,0.2742458760512527,-0.17385394508343405,0.3068363013596733,-0.23701129428632103,2.2641480282036657,-1.377693989319626
146,1.6947780145785531,0.08989981437077006,0.37824982553740255,0.2705051095324046,-0.17639882516045932,0.3657303788914873,-0.1966930084292223,2.2467188523795745,-1.3386807009651327
147,-0.5117864882621803,2.466321264016701,0.37824982553740255,0.2659089896437733,-0.17868207122237229,0.4227318899736019,-0.14930261586526566,2.3123257835038142,-1.300437492991117
148,0.9926893091292291,-0.3853844755584162,0.5964163915777021,0.2604592556920512,-0.18070996064756642,0.4777248017697888,-0.10790482877461259,2.2914142252258105,-1.2621768768837
149,0.09000383069438349,1.0404683942291424,0.8145829576180021,0.2541629381901236,-0.18248530287312753,0.5306077718641665,-0.05896500863182997,2.3603274415359836,-1.2248267573778524
150,-0.11059294229113772,2.2286791190521082,1.0327495236583015,0.24703264701007147,-0.18400730983296631,0.5812942955033159,-0.016354418631406884,2.3359866850365876,-1.1873584436177964
151,0.29060060367990487,-1.0983109104521955,1.0327495236583015,0.2390868116649106,-0.18527158165538904,0.629712731861276,0.03431533884718251,2.408482156258601,-1.1509379808859515
152,0.49119737666542596,-0.8606687654876024,1.0327495236583015,0.23034987500296386,-0.18627020922681664,0.6758062098603197,0.07832689492469791,2.3806825833781198,-1.1143009099298524
153,-0.612084874754941,1.2781105391937353,1.0327495236583015,0.2208524416069696,-0.18699199047638965,0.7195324153030034,0.13098112970832265,2.457040488731135,-1.078845491637323
154,0.19030221718714405,-0.14774233059382313,1.0327495236583015,0.21063138186522323,-0.18742275372635026,0.7608632627143982,0.17666877308768666,2.4256410802739565,-1.0430771394848675
155,-1.0132784207259835,0.8028262492645492,1.0327495236583015,0.19972989213274764,-0.1875457796518648,0.7997844570936292,0.2316777044029029,2.506138858660771,-1.0086201701233746
156,-0.5117864882621803,0.5651841042999564,1.0327495236583015,0.18819751042220836,-0.18734231241608879,0.8362949524982858,0.2794569186569851,2.4708578865807453,-0.9737557045790075
157,0.5914957631581867,-0.8606687654876024,1.0327495236583015,0.1760900853010588,-0.18679214907051422,0.8704063159216547,0.33737709268725324,2.5557672089776404,-0.9403277572926012
158,1.3938828551002718,0.3275419593353631,1.0327495236583015,0.16346969313105564,-0.18587429406718636,0.9021420062479203,0.3878990618615624,2.5161500369267147,-0.9063991768519929
159,-0.8126816477404621,-0.3853844755584162,1.0327495236583015,0.15040449620033414,-0.18456766347083942,0.9315365791925279,0.4496017568367469,2.605737728492983,-0.8740271501202954
160,2.898358652491681,0.0898998143707699,0.8145829576180021,0.13696853282940796,-0.18285182197201078,0.9586348300618844,0.5039360834954288,2.5611175924727205,-0.8410624544892489
161,-0.010294555798377049,0.0898998143707699,0.8145829576180021,0.12324143089740441,-0.1807077352435999,0.9834908868798078,0.5708580564066635,2.6556498095879353,-0.8097687825374724
162,1.494181241593032,-0.8606687654876024,1.0327495236583015,0.10930803833192038,-0.1781185201335419,1.006167266855448,0.6308705038729626,2.605094903320752,-0.7777912234196512
163,-1.0132784207259835,-0.6230266205230093,1.0327495236583015,0.09525796749567154,-0.1750701752451406,1.0267339092275591,0.7055439965458953,2.7048427169060343,-0.7475931888567042
164,1.2935844686075109,-0.3853844755584162,1.0327495236583015,0.0811850544638164,-0.17155227471833917,1.0452671972516174,0.7747488959234019,2.6470792916290597,-0.7166206482078052
165,-0.7123832612477016,-1.0983109104521955,1.0327495236583015,0.06718673791898999,-0.16755860892324342,1.0618489816978367,0.8620319236176001,2.752321999902027,-0.6875298434992336
166,0.7920925361437078,0.3275419593353631,0.8145829576180021,0.05336336495522771,-0.1630877575464199,1.0765656178933463,0.9477299785045804,2.6856179573687053,-0.657574386493679
167,0.09000383069438349,-0.8606687654876024,0.8145829576180021,0.03981743247768054,-0.15814358294615494,1.0895070280771746,1.057989302300983,2.796636664813293,-0.6295963748953005
168,-0.8126816477404621,-0.3853844755584162,0.8145829576180021,0.02665277367886762,-0.15273563417350472,1.100765800470473,1.177283306528777,2.7186221159734476,-0.6006640311977541
169,-0.11059294229113772,-0.6230266205230093,0.5964163915777021,0.013973699648216462,-0.14687945434067473,1.110436335793236,1.3353789522555783,2.8356672572620374,-0.5737982601011882
170,0.7920925361437078,0.8028262492645492,0.8145829576180021,0.0018841064307286272,-0.14059678604526682,1.1186140508722764,1.5326705573102417,2.743057816773701,-0.5458890774356682
171,-0.010294555798377049,-0.3853844755584162,0.8145829576180021,-0.009513442423394664,-0.13391567142757518,1.1253946474926257,1.7978407625817083,2.866253164249872,-0.5201290705719298
172,-0.9129800342332228,-0.3853844755584162,0.8145829576180021,-0.02011864832571285,-0.12687044496182376,1.1308734528436046,2.1595282647982432,2.754434452544058,-0.49323744254108864
173,-1.0132784207259835,-1.0983109104521955,0.8145829576180021,-0.029834415926024555,-0.11950161795808142,1.1351448359610443,2.5548438438994654,2.883528098443249,-0.46857124565012215
174,0.4911973766654262,-1.0983109104521955,0.8145829576180021,-0.038567788140498445,-0.11185565426278019,1.1383017026320252,2.9662351407398817,2.745989604614284,-0.44268646222353625
175,1.8953747875640747,0.3275419593353631,0.8145829576180021,-0.04623086965296388,-0.10398463771976238,1.1404350693820418,-3.028073972245331,2.8797350052058173,-0.4190972674736625
176,-0.2108913287838984,-0.8606687654876024,1.0327495236583015,-0.0527417319979486,-0.09594583424171396,1.1416337153823677,-2.780436738279253,2.7075545515202695,-0.39420419483004804
177,0.29060060367990487,-0.3853844755584162,1.0327495236583015,-0.0580252939551806,-0.08780115450619885,1.1419839093772033,-2.6180682365785315,2.842221743074794,-0.3716710344593056
178,-0.5117864882621803,0.5651841042999564,1.0327495236583015,-0.06201416969017221,-0.07961652642667288,1.14156920710403,-2.4687051393833204,2.624735541260295,-0.3477508016128563
179,-0.7123832612477017,-0.3853844755584162,1.2509160896986014,-0.0646494744934322,-0.07146118907170965,1.1404703132963963,-2.360749321351089,2.7508858939573293,-0.326249176952299
180,-0.612084874754941,0.3275419593353631,1.2509160896986014,-0.0658815758500577,-0.06340692150947369,1.13876500131439,-2.2546037149744587,2.4816396036966357,-0.303279729995217
181,1.1932860821147506,1.2781105391937355,1.2509160896986014,-0.06567077704505977,-0.05552722110100017,1.1365280827754565,-2.170312244206763,2.579619153070206,-0.2827820368767769
182,-0.7123832612477016,-0.3853844755584162,1.2509160896986014,-0.0639879213943084,-0.0478964459583721,1.1338314192610142,-2.0851406549579994,2.2751430239750743,-0.26073843057844953
183,-0.9129800342332228,-0.14774233059382313,1.2509160896986014,-0.06081490646282397,-0.040588935593190364,1.1307439682293834,-2.0125054204015975,2.319606540965985,-0.24121406458705288
184,-0.7123832612477016,-0.8606687654876024,1.2509160896986014,-0.05614509845809896,-0.03367812244368269,1.127331855582661,-1.938790504831665,2.0386736645545804,-0.22006839382273047
185,-0.7123832612477016,0.0898998143707699,1.2509160896986014,-0.04998363761498514,-0.02723564574032214,1.1236584677881374,-1.8725371217454354,2.0276350996379695,-0.2014834575646832
186,-0.2108913287838984,0.8028262492645492,1.2509160896986014,-0.04234762678098652,-0.021330478964354638,1.1197845569571099,-1.8056983611705153,1.831825927190572,-0.18120437056313374
187,0.9926893091292291,-0.8606687654876024,1.2509160896986014,-0.03326619790350599,-0.016028083095460166,1.115768352806431,-1.7432336787670424,1.7961597057562122,-0.1635209418981657
188,-1.1135768072187442,1.9910369740875147,1.0327495236583015,-0.022780453932117303,-0.011389599069397516,1.1116656759636383,-1.6808350148987783,1.6893170605158514,-0.1440727089417416
189,-0.2108913287838984,1.0404683942291424,1.0327495236583015,-0.010943285717502093,-0.007471093387914851,1.107530047595289,-1.6207676339305446,1.6566594563866666,-0.12724765668305818
190,-0.9129800342332227,-0.3853844755584162,1.0327495236583015,0.0021809354663957677,-0.004322870129921094,1.1034127907522795,-1.5614092259905195,1.6088301371966274,-0.10858879203898653
191,-0.11059294229113786,0.0898998143707699,1.0327495236583015,0.016516788389624858,-0.001988860585500851,1.0993631190116537,-1.502942659346785,1.5896304777260226,-0.09257214767111784
192,1.3938828551002718,0.5651841042999564,1.0327495236583015,0.0319783525701576,-0.0005060988248209719,1.095428207889907,-1.4457712673253076,1.5745958760330736,-0.07465360088283107
193,-0.912980034233223,-0.3853844755584162,1.2509160896986014,0.048469874542132724,9.571116218050346e-05,1.0916532441749638,-1.3884281533220808,1.5700350184993659,-0.05938651050362195
194,-0.7123832612477017,-1.0983109104521955,1.2509160896986014,0.06588654346386995,-0.0002054673253053252,1.0880814479284546,-1.3329000970711626,1.5721318844453605,-0.04214945831477548
195,-1.1135768072187442,3.89217413380426,1.2509160896986014,0.0841153691797703,-0.0014237657544450416,1.084754061624211,-1.2763857743096625,1.580509045941458,-0.027561762924448098
196,-0.9129800342332228,0.08989981437077006,1.2509160896986014,0.10303615529475248,-0.003565275277298219,1.0817103008681423,-1.2221431436934376,1.5911774093449904,-0.010935074695692243
197,-0.612084874754941,-0.8606687654876024,1.469082655738901,0.12252255800509801,-0.0066280174989776786,1.0789872614591884,-1.166273249154599,1.6103375807443165,0.003057363209224035
198,2.296568333535117,-0.147742330593823,1.469082655738901,0.14244321791717446,-0.010602021864539748,1.0766197781686813,-1.1130749519444962,1.6249068842743561,0.01915981451764177
199,0.7920925361437081,-0.147742330593823,1.469082655738901,0.16266294792440966,-0.015469507124537166,1.0746402314993326,-1.057734495119209,1.6529246646929063,0.03265779307800739
200,-0.41148810176941975,2.2286791190521082,1.469082655738901,0.1830439572849398,-0.021205161929713168,1.0730782998693325,-1.0054155429514657,1.6687823511232216,0.04833965941853121
201,3.0989554254772025,0.8028262492645492,1.469082655738901,0.20344709176584375,-0.027776518992008815,1.0719606561811341,-0.9505344539979081,1.7040809707987354,0.06146293421334558
202,-0.11059294229113772,-0.6230266205230093,1.469082655738901,0.22373307199031112,-0.03514441695910398,1.0713106095098988,-0.8989808436920813,1.7197195195387138,0.07684730428785311
203,-1.1135768072187442,-0.6230266205230093,1.469082655738901,0.24376371574569353,-0.04326354241486144,1.0711476945566643,-0.8445189503322893,1.7610358539119921,0.0897359827974748
204,-0.11059294229113786,-0.6230266205230093,1.469082655738901,0.2634031338371639,-0.052083041529352274,1.0714872134650173,-0.793651916905473,1.7755581462793202,0.10496613108994478
205,0.09000383069438349,-0.3853844755584162,1.2509160896986014,0.2825188919808841,-0.0615471888072536,1.0723397365594618,-0.7395897691397786,1.8218792223207878,0.11778060574753083
206,0.6917941496509473,1.9910369740875147,1.2509160896986014,0.30098313206124266,-0.07159610047483862,1.073710570490799,-0.6893559058438806,1.8347356339843508,0.1330190502317347
207,0.29060060367990487,-0.3853844755584162,1.2509160896986014,0.31867364483428795,-0.08216648167461023,1.075599204077187,-0.6356891894365333,1.8852405912068742,0.14593799916764172
208,-0.2108913287838984,-0.3853844755584162,1.0327495236583015,0.3354748843142203,-0.09319239797746043,1.0779987436775345,-0.5860540798022523,1.8960847163128247,0.16136349713600384
209,1.594479628085793,-1.0983109104521955,1.0327495236583015,0.3512789129554521,-0.10460606159435702,1.0808953511304384,-0.5327900093661683,1.9500987460987893,0.17457971418665064
210,-1.1135768072187442,0.08989981437077006,1.0327495236583015,0.3659862664490026,-0.11633862166103937,1.0842676981076436,-0.48373380925839315,1.9587057358982314,0.1903821201594216
211,0.09000383069438349,0.8028262492645492,1.0327495236583015,0.37950672697959015,-0.1283209476471623,1.0880864511633235,-0.43088852783650294,2.0156653404312173,0.20409628813571862
212,4.001640903912048,-0.3853844755584162,1.0327495236583015,0.3917599937445684,-0.14048439592357184,1.0923138018333902,-0.3824026268744788,2.021884562688662,0.22046957922764407
213,2.396866720027878,-0.8606687654876024,1.0327495236583015,0.40267623948637044,-0.15276155086595328,1.0969030559434052,-0.32999911357910305,2.0813118601134115,0.2348824930235944
214,1.3938828551002718,0.3275419593353631,0.8145829576180021,0.41219654284631224,-0.16508693253174705,1.1017982959415955,-0.2820834181434048,2.0850389985292557,0.25201663206489044
215,-0.8126816477404621,-0.8606687654876024,0.8145829576180021,0.42027319024152354,-0.17739766308341326,1.1069341296405029,-0.23014970589227218,2.1465228592013954,0.26732069324644253
216,-0.7123832612477017,-0.3853844755584162,0.8145829576180021,0.42686984772951586,-0.18963408457240225,1.1122355381669942,-0.18281045981149693,2.147683503992732,0.28539323407037576
217,0.6917941496509473,1.7533948291229218,0.5964163915777023,0.43196161012912393,-0.20174032172497858,1.1176178350593817,-0.1313783580417042,2.210865871317319,0.30176417944899014
218,0.3908989901726654,-0.3853844755584162,0.5964163915777023,0.4355349382926138,-0.2136647844985619,1.1229867472172494,-0.08462679206848131,2.209406255612866,0.32093255995572867
219,1.9956731740568356,-1.0983109104521955,0.5964163915777023,0.43758749535970276,-0.22536060563033555,1.1282386267763744,-0.03373144861607523,2.2739724587805195,0.33852233205345444
220,-0.2108913287838984,-0.8606687654876024,0.5964163915777023,0.43812789124331686,-0.2367860077815941,1.133260800947079,0.01241660281544812,2.2698549210382946,0.3589176645676613
221,-0.9129800342332227,-0.3853844755584162,0.5964163915777023,0.4371753438504027,-0.2479045938997047,1.137932064445727,0.06273634568224584,2.3355272050618137,0.377849121744836
222,1.494181241593032,-0.6230266205230093,0.5964163915777023,0.43475926613378846,-0.25868555449034664,1.1421233164594382,0.10826007196861925,2.32872901741006,0.39957202775829176
223,1.2935844686075109,-0.8606687654876024,0.5964163915777023,0.4309187888411437,-0.26910378718876443,1.1456983412430928,0.15796072120669488,2.395262679342798,0.419935884073378
224,-0.41148810176941975,-0.3853844755584162,0.8145829576180021,0.42570222884168846,-0.27913992661473086,1.1485147285499666,0.20283333125477424,2.385777182761129,0.44305459372084327
225,-1.1135768072187442,-1.0983109104521955,0.8145829576180021,0.419166512646485,-0.28878028514060206,1.1504249272070464,0.2518651969671593,2.452958557302961,0.46490864089744405
226,-1.0132784207259835,-0.147742330593823,1.0327495236583015,0.4113765648006449,-0.2980167077080221,1.1512774223635949,0.2960522443406137,2.4407975962643915,0.48945925536534596
227,0.9926893091292291,-0.6230266205230093,1.0327495236583015,0.4024046703518639,-0.3068463463146518,1.1509180244258297,0.3443572286992715,2.508443122567172,0.5128296208290334
228,-0.11059294229113786,-0.8606687654876024,1.0327495236583015,0.39232981826524715,-0.3152713622258027,1.149191255596838,0.38781419114787785,2.493639950365922,0.5388181810010246
229,1.594479628085793,-0.3853844755584162,1.2509160896986014,0.3812370287832082,-0.323298566203734,1.1459418183405687,0.4353228650188946,2.561595675654885,0.5637021670955624
230,0.6917941496509473,2.466321264016701,1.0327495236583015,0.36921666420302673,-0.33093900900933365,1.1410161289518534,0.4779920201968623,2.5442076764549237,0.5911080160209974
231,1.1932860821147506,-0.3853844755584162,1.0327495236583015,0.3563637209359708,-0.33820753586710256,1.1342638986538391,0.524620142580007,2.61234869407193,0.6174779615111676
232,-0.2108913287838984,-0.147742330593823,1.0327495236583015,0.3427771012636621,-0.34512231871196736,1.1255397441470145,0.5664269601377787,2.592459475698824,0.6462578366560163
233,1.3938828551002718,0.5651841042999564,1.2509160896986014,0.3285588651968934,-0.35170437816466904,1.1147048091568699,0.6120716275779124,2.660689046404181,0.6740654417345986
234,-1.1135768072187442,-0.8606687654876024,1.2509160896986014,0.3138134652333313,-0.35797710388502657,1.1016283781543361,0.6529207155520573,2.638409793701376,0.7041577798309911
235,0.49119737666542596,0.3275419593353631,1.2509160896986014,0.29864696872438967,-0.3639657787380259,1.0861894630862583,0.6974559985459259,2.7066582377540893,0.7333384255122399
236,1.494181241593032,-1.0983109104521955,1.2509160896986014,0.2831662735376426,-0.3696971100085319,1.0682783438226509,0.7372262633896776,2.6821284378431773,0.764667482609076
237,-0.8126816477404621,-0.6230266205230093,1.2509160896986014,0.26747832278160855,-0.3751987697036495,1.047798043234437,0.7804978880642961,2.7503519249092645,0.7951442159617406
238,1.6947780145785536,-1.0983109104521955,1.2509160896986014,0.2516893241117117,-0.3804989456339339,1.0246657183358487,0.8190363766088703,2.723739332267106,0.8276237486582698
239,0.5914957631581867,0.08989981437077006,1.2509160896986014,0.23590397930626578,-0.38562590553991893,0.9988139496518427,0.8608549465274239,2.7919183645140264,0.8593107423534327
240,-1.0132784207259835,-0.6230266205230093,1.2509160896986014,0.22022473070189208,-0.39060757799622275,0.9701919118266279,0.8979688023484276,2.763417671683691,0.8928471163154064
241,-0.5117864882621803,0.08989981437077006,1.2509160896986014,0.20475103243389725,-0.395471155717857,0.9387664094569317,0.9381010042893518,2.831554752031628,0.9256525160291486
242,-0.612084874754941,0.0898998143707699,1.2509160896986014,0.18957865549703348,-0.40024272847690856,0.9045227632222291,0.9735467755097429,2.8013842801232784,0.960147197580876
243,0.49119737666542596,0.8028262492645492,1.2509160896986014,0.1747990354216725,-0.40494695357072297,0.8674655326079721,1.0117037282490209,2.8695002468737356,0.9939753494734493
244,-0.9129800342332228,-0.6230266205230093,1.226675360138568,0.1604986694136426,-0.409606771472062,0.8276190628907188,1.045172853403351,2.8378962850341574,1.0293268025920859
245,0.6917941496509473,1.0404683942291424,1.1963744481885263,0.1467585668740576,-0.4142431729332026,0.7850278455864675,1.0809944539012317,2.9060251925262928,1.0640799086678219
246,0.7920925361437081,0.0898998143707699,1.1963744481885263,0.1336537544685967,-0.4188750215893554,0.7397566832558156,1.1120935229585185,2.873234330372192,1.1001849632151834
247,1.2935844686075109,-0.6230266205230093,1.1963744481885263,0.1212528350471247,-0.4235189333710023,0.6918906514002109,1.1451277448649948,2.9414173492514997,1.1357642452964156
248,-0.41148810176941975,-0.8606687654876024,1.1574161328241872,0.10961759910419958,-0.42818921115826253,0.641534852161953,1.1733523136271866,2.9076878469988428,1.1725190254671638
249,-0.11059294229113759,1.0404683942291424,1.1054717123384017,0.09880268837162015,-0.43289783053423186,0.588813956662628,1.2030289199531525,2.9759670781986163,1.2088254939954641
250,-0.010294555798377049,-0.6230266205230093,1.0327495236583017,0.08885531310482779,-0.43765447072233266,0.5338715350918964,1.227730107233067,2.941540624145819,1.2461260054662828
251,-1.1135768072187442,-0.1477423305938233,0.9236662406381518,0.07981502641873942,-0.44246658381531684,0.4768691760756142,1.2533291547689878,3.0099537540888335,1.2830609345223103
252,0.29060060367990487,-0.8606687654876024,0.9236662406381518,0.07171355956177784,-0.4473394945713156,0.4179853993518372,1.2736733071295165,2.975058771540416,1.320803410916352
253,1.2935844686075109,-0.8606687654876024,1.469082655738901,0.06457472115845188,-0.4522765220258681,0.35741436830385787,1.2942910764968314,3.043635218159336,1.3582686209563868
254,-0.9129800342332227,-0.8606687654876024,1.469082655738901,0.05841436190183175,-0.4572791134566976,0.2953644114850102,1.30921621768519,3.008482444779443,1.3963497300339147
255,-0.2108913287838984,0.3275419593353631,1.469082655738901,0.053240404949298006,-0.4623469814794112,0.23205636518881298,1.3237375193096796,3.0772413022835483,1.434247780896723
256,-0.2108913287838984,-1.0983109104521955,1.6872492217792006,0.04905294190505886,-0.46747823622274937,0.16772175279502607,1.331920012843724,3.0420218633838125,1.4725647937466544
257,-0.5117864882621803,-1.0983109104521955,-0.49441643862379603,0.04584439424287381,-0.472669506006152,0.1026008213085842,1.33902068127067,3.1109715601974854,1.5107991914327719
258,-0.41148810176941963,-0.8606687654876024,-0.49441643862379603,0.04359973939873048,-0.4779160412063269,0.03694046088963403,1.3388874059005893,3.0758572046430674,1.5492502080241874
259,-0.7123832612477017,-0.147742330593823,-0.49441643862379603,0.042296799266769686,-0.4832117972224466,-0.02900796180383845,1.3371195827312758,-3.138188874449533,1.5877256959165387
260,-0.11059294229113786,-0.8606687654876024,-0.49441643862379603,0.04190658676825982,-0.48854949410121523,-0.09499082237209107,1.3269814840419507,3.1101412398186365,1.6262099569879844
261,-0.2108913287838984,-0.8606687654876024,-0.7125830046640957,0.04239370378751945,-0.49392065239521044,-0.16075447469177787,1.3150375056309584,-3.1037247448842824,1.6648328736634173
262,-0.6120848747549409,-1.0983109104521955,-0.7125830046640957,0.04371678124920241,-0.4993156066915793,-0.22604747067213943,1.2934731489427296,-3.138182011419562,1.7032510971540133
263,2.4971651065206384,-0.6230266205230093,-0.7125830046640957,0.0458289497542399,-0.5047234998468317,-0.2906227325293354,1.27074937684564,-3.0686984988964494,1.741929717382561
264,1.2935844686075109,0.8028262492645492,-0.9307495707043955,0.0486783274993892,-0.5101322626602958,-0.3542396489250227,1.2373649741478878,-3.1026321875529104,1.7801843796082428
265,0.8923909226364684,-0.3853844755584162,-0.9307495707043955,0.052208512005504075,-0.5155285855475271,-0.4166660689307692,1.2048359551423813,-3.033005674069512,1.818829183578047
266,-1.1135768072187442,-0.8606687654876024,-0.9307495707043955,0.056359064339119185,-0.5208978900474682,-0.4776801704295148,1.1612909339460287,-3.0663017998903728,1.8568247206796618
267,0.3908989901726654,-1.0983109104521955,-1.148916136744695,0.06106597877511199,-0.5262243080689746,-0.5370721822571988,1.1222898851742322,-2.9965583947691177,1.8953485940862238
268,1.594479628085793,1.7533948291229218,-1.148916136744695,0.0662621353626382,-0.5314906760071495,-0.5946459421312813,1.0728977981849992,-3.029114240772937,1.932991543711511
269,0.09000383069438349,-1.0983109104521955,-1.3670827027849946,0.0718777358477961,-0.5366785501632679,-0.6502202752143559,1.0329008056537172,-2.9592854682708594,1.9713099385082886
270,-0.7123832612477013,0.5651841042999564,-1.3670827027849946,0.07784072501039672,-0.5417682494003311,-0.7036301810543653,0.9838130722617676,-2.9910101254305923,2.0085090539173436
271,-0.7123832612477017,-0.14774233059382313,-1.3670827027849946,0.08407720093127036,-0.5467389298699746,-0.7547278196987838,0.948744467028203,-2.9211340478283283,2.046540140812528
272,0.2906006036799046,0.8028262492645492,-1.3670827027849946,0.09051181918382384,-0.5515686945633937,-0.8033832910390398,0.9058004386139334,-2.951949524621337,2.0832065031734164
273,0.2906006036799046,-0.8606687654876024,-1.3670827027849946,0.09706819638990109,-0.5562347377668887,-0.8494852048470779,0.8799351676907542,-2.882072116627869,2.1208713360956226
274,0.6917941496509473,-1.0983109104521955,-1.3670827027849946,0.10366931760505238,-0.5607135216539089,-0.8929410423782557,0.8468093753411017,-2.9119144820255114,2.1569184788909124
275,-0.7123832612477016,0.08989981437077006,-1.148916136744695,0.11023795062517108,-0.5649809795356628,-0.9336773136855888,0.8318836631609404,-2.842090770246636,2.1941411826177957
276,-0.010294555798377049,-0.8606687654876024,-1.148916136744695,0.11669706966696929,-0.569012738332674,-0.9716395178078068,0.8097577957588675,-2.8709107366623416,2.2294852385924893
277,-0.8126816477404621,-1.0983109104521955,-1.148916136744695,0.12297029093967227,-0.5727843520812566,-1.0067919156508867,0.8054818296398775,-2.8012052708004367,2.266193233658074
278,0.9926893091292291,-0.8606687654876024,-1.148916136744695,0.12898232248848604,-0.57627153851533,-1.0391171275644189,0.7938241903428412,-2.828967823188394,2.3007531232561744
279,-0.41148810176941975,-0.8606687654876024,-1.148916136744695,0.1346594297467028,-0.5794504115351629,-1.06861556927214,0.7988654695501277,-2.759454312293289,2.3368774145037614
280,-0.912980034233223,-0.14774233059382313,-1.148916136744695,0.1399299167798375,-0.5822977036336372,-1.0953047410269103,0.7963582978210018,-2.7861373668279787,2.3705751084450886
281,0.5914957631581865,-0.8606687654876024,-1.148916136744695,0.14472462184819637,-0.5847909740358176,-1.1192183857634248,0.8090926114122986,-2.7168976222840646,2.4060506757357123
282,0.19030221718714405,-0.8606687654876024,-0.9307495707043955,0.1489774247144251,-0.5869087999698751,-1.140405532716201,0.814243749137104,-2.7424900070950873,2.4388115721068697
283,-0.6120848747549409,-0.6230266205230093,-1.148916136744695,0.15262576178304463,-0.5886309497165391,-1.1589294434750113,0.8331401410087184,-2.6736125078589046,2.4735779034029317
284,0.7920925361437078,0.08989981437077006,-1.148916136744695,0.15561114377389196,-0.5899385369643038,-1.174866477726104,0.8445728887766083,-2.698111677628471,2.505331356365337
285,0.6917941496509473,-1.0983109104521955,-0.9307495707043955,0.15787966958356087,-0.5908141568066324,-1.1883048959496796,0.8683295463150006,-2.6296900778986334,2.5393331579611935
286,-0.11059294229113786,0.08989981437077006,-0.7125830046640957,0.1593825294386544,-0.5912420044088764,-1.1993436161529851,0.8848776482046363,-2.6530999131061974,2.570013190675981
287,-0.9129800342332227,0.08989981437077006,-0.7125830046640957,0.16007649041958838,-0.5912079776772875,-1.2080909413323588,0.912435639467814,-2.5852317122054247,2.603201307434281
288,0.09000383069438349,-0.6230266205230093,-0.7125830046640957,0.15992435780433972,-0.5906997650662246,-1.2146632736387803,0.9331473611290269,-2.607560622847945,2.632747543388281
289,0.6917941496509473,-1.0983109104521955,-0.9307495707043955,0.15889540580952688,-0.589706918988916,-1.219183829965014,0.963658211531002,-2.540346097848665,2.665080127751825
290,0.09000383069438349,-1.0983109104521955,-0.9307495707043955,0.15696577057180497,-0.5882209143238346,-1.2217813718640522,0.9877669968562547,-2.561605499398399,2.693438986223147
291,-1.0132784207259835,-0.3853844755584162,-1.148916136744695,0.15411879693691097,-0.5862351908070148,-1.222588960613722,1.0205495137737115,-2.495146872888916,2.7248829706920286
292,1.3938828551002713,-1.0983109104521955,-1.148916136744695,0.15034532963120095,-0.5837451783609529,-1.2217427462370796,1.0474373847785052,-2.5153499666695405,2.7520091859041087
293,1.7950764010713138,1.0404683942291424,-1.148916136744695,0.1456439389004361,-0.5807483056646762,-1.219380797654593,1.0819375030658531,-2.449750721399008,2.782542115008126
294,0.09000383069438349,-0.6230266205230093,-1.148916136744695,0.14002107061940905,-0.5772439937348057,-1.2156419799899685,1.111101449326902,-2.4689115106193302,2.8084006167482274
295,0.49119737666542596,-0.3853844755584162,-1.148916136744695,0.13349111174631584,-0.5732336369926783,-1.2106648843283316,1.1468592235095056,-2.4042758396133763,2.8380128474134763
296,-0.5117864882621803,-1.0983109104521955,-1.148916136744695,0.1260763643663189,-0.5687205737898733,-1.204586814790682,1.1778836745982306,-2.422408416406114,2.8625809703170932
297,0.2906006036799046,0.3275419593353631,-1.148916136744695,0.11780692470405288,-0.563710047092507,-1.1975428374943702,1.214507628474223,-2.3588408520185706,2.8912781674031773
298,-0.612084874754941,-0.8606687654876024,-1.148916136744695,0.10872046585392985,-0.558209154921146,-1.1896648957295357,1.247043072914464,-2.3759589686785354,2.914548067861982
299,3.5001489714482443,-1.0983109104521955,-0.9307495707043955,0.0988619238546606,-0.5522267897001641,-1.1810809954669073,1.2841906385679027,-2.3135641406925354,2.9423538393284727
300,-0.5117864882621803,-0.6230266205230093,-0.9307495707043955,0.08828308680800588,-0.5457735656917717,-1.1719144650932647,1.3179373229413516,-2.3296809635964433,2.964334919686171
301,0.6917941496509473,-0.8606687654876024,-0.9307495707043955,0.07704208750452828,-0.5388617340281655,-1.1622832929632854,1.355299880270866,-2.268563376704251,2.9912933693235813
302,1.09298769562199,-1.0983109104521955,-0.9307495707043955,0.06520280252430548,-0.5315050857357356,-1.1522995458402912,1.3899955531191597,-2.283691321844864,3.012014447727803
303,0.09000383069438349,-0.8606687654876024,-0.9307495707043955,0.052834164629331784,-0.5237188446770803,-1.142068870514996,1.4272870049801838,-2.2239551044790877,3.0381923828966433
304,-0.6120848747549409,0.3275419593353631,-0.9307495707043955,0.040009399157789755,-0.515519554299328,-1.1316900799060756,1.462697963533733,-2.2381057606829784,3.0577033180685396
305,-0.010294555798377049,-0.8606687654876024,-0.9307495707043955,0.026805198219211606,-0.5069249641389997,-1.1212548238862476,1.4996459587976276,-2.1798544532823043,3.083191851279192
306,-0.31118971527665923,0.8028262492645492,-0.9307495707043955,0.013300848494667793,-0.49795392374608294,-1.1108473440333801,1.5355606034947922,-2.1930387544635104,3.1015643438521745
307,-0.31118971527665906,-0.3853844755584162,-0.9307495707043955,-0.0004226708485478717,-0.48862629251272194,-1.1005443105104247,1.5718994248480154,-2.136375315129823,3.126479670562739
308,-0.912980034233223,1.7533948291229218,-0.9307495707043955,-0.01428360414696626,-0.4789628735121575,-1.0904147383359328,1.608123479196855,-2.148604237160181,-3.139378296926312
309,-0.31118971527665906,-0.3853844755584162,-1.148916136744695,-0.028200334469923184,-0.4689853778394251,-1.0805199794233553,1.6435876819341226,-2.0936314391792843,-3.114895079237148
310,0.4911973766654262,-0.8606687654876024,-1.148916136744695,-0.04209228519416633,-0.45871642314240685,-1.0709137859732694,1.6799404458267022,-2.1049174505336157,-3.098499466304272
311,0.7920925361437078,0.3275419593353631,-0.9307495707043955,-0.05588079707357644,-0.4481795663859895,-1.0616424401821367,1.7142586056325133,-2.051738667368847,-3.074283503731193
312,0.49119737666542596,-0.14774233059382313,-0.9307495707043955,-0.069489971683061,-0.4373993673498587,-1.0527449448767119,1.7505699790916904,-2.062097935143818,-3.058688729569437
313,-1.0132784207259835,-0.147742330593823,-0.9307495707043955,-0.08284747262991958,-0.42640147685375723,-1.0442532695669218,1.783458220823074,-2.010818025757421,-3.034553357247162
314,-1.0132784207259835,-0.3853844755584162,-0.9307495707043955,-0.0958852749591718,-0.4152127422295282,-1.0361926463436266,1.8195666015765501,-2.0202730969377636,-3.0196148441771276
315,-0.7123832612477017,-0.8606687654876024,-0.9307495707043955,-0.10854035174628611,-0.40386132147393805,-1.0285819098426459,1.8507217435930259,-1.9709988959014986,-2.995353963934388
316,-0.2108913287838984,0.3275419593353631,-1.148916136744695,-0.12075528656740883,-0.3923767965742936,-1.0214338751286007,1.8864730333244721,-1.9795814230127573,-2.9809180304963134
317,0.3908989901726654,-0.8606687654876024,-1.148916136744695,-0.13247880207444565,-0.3807902759726875,-1.0147557469439872,1.915564915633683,-1.9324212968078909,-2.9563083090615527
318,0.29060060367990487,-0.147742330593823,-1.148916136744695,-0.14366619747000017,-0.3691344761367608,-1.0085495534916726,1.9508126625662028,-1.9401743464739418,-2.9422171243577697
319,-1.1135768072187442,-0.8606687654876024,-1.148916136744695,-0.15427968978031492,-0.35744377248888953,-1.002812597926107,1.9774746900910192,-1.8952362955394482,-2.9170191244921755
320,-0.9129800342332228,-1.0983109104521955,-1.148916136744695,-0.16428865465137296,-0.3457542103524924,-0.997537921084247,2.0120813153959825,-1.9022157673947193,-2.903115478900472
321,-1.0132784207259835,1.0404683942291424,-1.148916136744695,-0.17366976247228177,-0.33410346727865947,-0.992714769626862,2.0358977542247043,-1.8596035900385723,-2.87707254171057
322,-0.41148810176941963,-1.0983109104521955,-0.9307495707043955,-0.18240700626430384,-0.322530759269074,-0.9883290645530481,2.0697369045038467,-1.865878267718222,-2.863203872975558
323,-0.612084874754941,-1.0983109104521955,-0.9307495707043955,-0.19049161977412676,-0.3110766847217043,-0.984363865872912,2.0902244326614983,-1.8256853549087273,-2.8360371671202684
324,0.1903022171871443,-1.0983109104521955,-0.9307495707043955,-0.19792188721120832,-0.2997830009918222,-0.9807998299530214,2.123184258771285,-1.8313351085565914,-2.8220583362581535
325,-1.0132784207259835,-0.3853844755584162,-0.9307495707043955,-0.20470284906229216,-0.28869232954882595,-0.9776156565549979,2.1397629881451437,-1.7936355109421658,-2.793455710092318
326,-0.31118971527665906,-0.6230266205230093,-0.9307495707043955,-0.21084591068906958,-0.2778477875939214,-0.9747885228050303,2.171749681600634,-1.7987471872246368,-2.7792300629635505
327,-1.0132784207259835,-0.6230266205230094,-0.9307495707043955,-0.21636836196878617,-0.26729254685389636,-0.9722945013211831,2.183694677578073,-1.7635836628772497,-2.748824626724224
328,-0.8126816477404621,-0.3853844755584162,-0.9307495707043955,-0.221292817589014,-0.25706932336893673,-0.97010895960865,2.214635054414704,-1.7682442705544767,-2.7342228238170563
329,-0.11059294229113786,-1.0983109104521955,-0.9307495707043955,-0.22564658929595596,-0.24721980478767447,-0.9682069376975208,2.2209907255432113,-1.7356130331882054,-2.701553292898826
330,1.1932860821147506,0.08989981437077006,-0.9307495707043955,-0.22946100353220017,-0.23778402395945358,-0.9665635008724872,2.2508314930962494,-1.7399000603353565,-2.6864491434626996
331,-0.7123832612477017,-0.6230266205230093,-1.148916136744695,-0.23277067996450856,-0.2287996897661969,-0.9651540642363587,2.2502511922325934,-1.7097315733019895,-2.6508844943975465
332,0.7920925361437081,-0.6230266205230093,-1.148916136744695,-0.23561278746970787,-0.22030148827396562,-0.9639546857888308,2.2789500687285873,-1.7137006225072826,-2.635146352137431
333,-1.1135768072187442,-1.0983109104521955,-1.148916136744695,-0.23802629366379455,-0.21232036930363024,-0.9629423247761206,2.269372065541022,-1.685833842343006,-2.5957315984005778
334,-0.5117864882621803,1.0404683942291424,-1.148916136744695,-0.24005122249500438,-0.20488283542372313,-0.9620950623990492,2.2968705087324754,-1.6895041237871498,-2.579206035666563
335,-0.5117864882621803,-1.0983109104521955,-1.148916136744695,-0.2417279329236118,-0.19801025231405606,-0.9613922826179687,2.2747882363513305,-1.6636442201635326,-2.5343040154418452
336,0.7920925361437078,-0.8606687654876024,-1.148916136744695,-0.24309643116954022,-0.19171820135118905,-0.9608148116992182,2.3009406380800743,-1.66698247852179,-2.516783040831206
337,1.1932860821147506,-0.6230266205230093,-1.148916136744695,-0.24419572940935363,-0.18601589685231412,-0.9603450161840194,2.2594493826646294,-1.6426023435820216,-2.463057568516099
338,-0.11059294229113772,-0.8606687654876024,-1.148916136744695,-0.24506326415301422,-0.18090569189295286,-0.9599668600370651,2.2838333344634174,-1.6455041602422316,-2.4442012060358858
339,0.09000383069438349,-0.8606687654876024,-1.148916136744695,-0.24573438655575783,-0.17638269865661296,-0.9596659228166194,2.2055292327037357,-1.621492233365514,-2.372529122904397
340,-0.6120848747549409,-1.0983109104521955,-1.148916136744695,-0.24624193428167906,-0.17243455217860484,-0.9594293817956056,2.2268333374868963,-1.6237495097172472,-2.3516195425670294
341,0.1903022171871443,2.2286791190521082,-0.9307495707043955,-0.24661589124268318,-0.16904134979361451,-0.9592459620489153,2.031257559758339,-1.5959993629567637,-2.2091695729312892
