trial_index,pfc_mag_standardized,dms_mag_standardized,prpd_standardized,pfc_mag_filtered,dms_mag_filtered,prpd_filtered,pfc_phase,dms_phase,prpd_phase
1,-0.9471715936629419,-0.9469661528540684,-0.3186854988608664,-1.2447627831255312,-1.2564101434005095,-0.42932872156279167,-2.7956726647084236,2.304292478787683,1.8007994421355427
2,-0.2393870626531563,0.08129123113259722,-2.34298747469639,-1.1793757521421444,-1.1956651853790539,-0.45321367971455473,-2.4869130204860657,2.7390013758906435,1.9426344493639884
3,-0.5427232902287787,-0.8827000663549018,-1.3308364867786282,-1.1145206431504353,-1.1359215353687502,-0.47600515158500145,-2.4320345687798675,2.748949183127796,1.9593974473324063
4,-0.8460595178044011,-1.0112322393532351,-0.9934528241393743,-1.0502731145314708,-1.077272542353385,-0.49759020521520375,-2.3203357858913143,2.9896342702282173,2.0612844655968723
5,-0.13827498679461542,-1.0112322393532351,-0.8247609928197474,-0.9867028009761007,-1.0198058558665775,-0.5178582391360438,-2.2738871997953347,3.002807469980023,2.081581683701718
6,-0.7449474419458603,-0.24003920136323584,-0.7235458940279711,-0.9238730276286047,-0.9636031348573187,-0.5367015985930603,-2.1992564021686967,-3.100385522432408,2.1751590375315484
7,-0.44161121437023787,-0.689901806857402,-0.6560691615001203,-0.8618405797738253,-0.908739799333693,-0.554016183924958,-2.157426239510417,-3.0847212326153444,2.198309613105371
8,0.6706216200737112,-0.4971035473599022,-0.6078714954087984,-0.8006555304118526,-0.8552848255378469,-0.5697020472797818,-2.0987820812015068,-2.9368347880352372,2.2898363917321998
9,-0.7449474419458603,-0.689901806857402,-0.8247609928197474,-0.740361127549549,-0.8033005851329771,-0.5836639742699844,-2.0600525282959037,-2.9190913087843477,2.3156306702701634
10,-0.340499138511697,0.08129123113259722,-0.7685303823798716,-0.680993742491738,-0.7528427285764852,-0.5958120474270188,-2.010487193083768,-2.7920771572914296,2.407417588993926
11,-0.6438353660873196,-0.4971035473599022,-0.9259760916115235,-0.6225828798133347,-0.7039601125207101,-0.6060621884965737,-1.9740622688707266,-2.7725375316611345,2.4358642263356662
12,0.165061240781007,-0.4971035473599022,-0.7235458940279711,-0.5651512490999948,-0.6566947707410329,-0.6143366767802482,-1.930438256412365,-2.6607089296191684,2.5290053438689024
13,0.8728457717907929,-1.0112322393532351,-0.7235458940279711,-0.5087148980551323,-0.6110819277336287,-0.62056464091648,-1.8958308114661298,-2.6395913943550413,2.560250571885516
14,-1.0482836695214828,0.723952096124263,-0.7235458940279711,-0.4532834061745716,-0.567150053775131,-0.6246825217051549,-1.8564432092873007,-2.539631459529675,2.655317077505238
15,0.5695095442151702,-0.4971035473599022,-0.7235458940279711,-0.3988601377645483,-0.5249209599485103,-0.6266345037901759,-1.823321564849832,-2.5171173134049214,2.6896089980369795
16,1.277294075224956,1.3023468746167624,-0.9259760916115235,-0.3454425525531766,-0.4844099314001224,-0.626372914196175,-1.7871280569877737,-2.4269086894200584,2.786879265656401
17,0.4683974683566295,-0.3043052878624024,-0.9259760916115235,-0.29302257155610195,-0.4456258967834549,-0.6238585858695678,-1.7552468470835014,-2.40315664505949,2.8245451257841383
18,-0.340499138511697,-1.011232239353235,-0.9259760916115235,-0.24158699520997423,-0.4085716313554506,-0.6190611845288081,-1.7215525814398662,-2.321261631318559,2.9240854999394443
19,1.277294075224956,-0.9469661528540684,-0.7235458940279711,-0.191117970023399,-0.3732439905602274,-0.6119594973193274,-1.6907175413336444,-2.296416173447131,2.965509249638145
20,0.9739578476493336,-0.4328374608607356,-0.7235458940279711,-0.14159349913769984,-0.3396341703707352,-0.6025416820079288,-1.6590265511522724,-2.2218147799732995,3.067195775676761
21,0.9739578476493336,-1.0112322393532351,-0.5211156964444187,-0.09298799134111242,-0.307727990394994,-0.590805475714653,-1.6290752002861983,-2.1960115406069916,3.1127887315735387
22,-0.7449474419458603,0.08129123113259722,-0.5211156964444187,-0.04527284224647463,-0.2775061958504805,-0.5767583624196643,-1.5990131605147664,-2.1279568672262688,-3.0668808630344935
23,0.165061240781007,-0.5613696338590688,-0.5211156964444187,0.0015829595295558576,-0.24894477482354047,-0.5604176986580179,-1.5698038124647316,-2.1013263642254616,-3.016720764351609
24,-1.0482836695214828,0.08129123113259722,-0.5211156964444187,0.04761220916572443,-0.22201528756816252,-0.5418107969119397,-1.5410750544281262,-2.039258946041634,-2.9118939162376565
25,-0.2393870626531563,-0.17577311486406913,-0.7235458940279711,0.0928488539333805,-0.1966852048468517,-0.5209749662418611,-1.5124805763926523,-2.0119293491937214,-2.856835717257467
26,-0.7449474419458603,-0.9469661528540684,-0.5211156964444187,0.13732736163581802,-0.17291825244833947,-0.49795750969796077,-1.484843046465473,-1.9554234661461651,-2.7514152177579585
27,-0.8460595178044011,-0.4971035473599022,-0.5211156964444187,0.18108209758722002,-0.15067475907080824,-0.47281567806367736,-1.4567474824967075,-1.927522752722235,-2.6912580340083965
28,-0.5427232902287786,0.017025144633430675,-0.5211156964444187,0.2241467180330501,-0.1299120048261913,-0.4456165795268542,-1.4299977290108252,-1.876251100683755,-2.586136094926628
29,0.26617331663954774,-0.3685713743615691,-0.5211156964444187,0.2665535872650163,-0.11058456778666255,-0.4164370449495135,-1.402294689539186,-1.8479087928873548,-2.5208720133363696
30,-0.0371629109360747,-0.7541678933565685,-0.5211156964444187,0.30833322495316706,-0.09264466625557999,-0.38536344849452164,-1.3762587170296108,-1.8016181510697915,-2.417058815655091
31,-0.340499138511697,-0.8827000663549018,-0.5211156964444187,0.3495137895034001,-0.07604249472713223,-0.3524914834576079,-1.3488508476563836,-1.7729667144636,-2.3469202015483073
32,0.06394916492246616,2.2663381721042617,-0.5211156964444187,0.3901206026535352,-0.060726551770824394,-0.31792589325473825,-1.3233785049045248,-1.7314603624107054,-2.245455264314615
33,-0.6438353660873196,-0.4971035473599022,-0.7235458940279711,0.43017572005805044,-0.046643958347867984,-0.28178015764079556,-1.296177582675282,-1.7026362772808847,-2.170929798135624
34,-0.9471715936629419,-1.011232239353235,-0.7235458940279711,0.4696975521834409,-0.0337407652497935,-0.24417613439807542,-1.2711391037936517,-1.6657605770833395,-2.072774298523156
35,-0.34049913851169716,-0.5613696338590688,-0.7235458940279711,0.5087005393187898,-0.02196224832052343,-0.20524365695071398,-1.2440664501620777,-1.6369050539061671,-1.994577339437709
36,1.3784061510834968,-1.011232239353235,-0.7235458940279711,0.5471948838229063,-0.011253189976831416,-0.1651200886577048,-1.2193502894705828,-1.6045385371942222,-1.9005107815682993
37,-0.9471715936629418,0.4668877501275968,0.2886050938897907,0.5851863419057951,-0.0015581455763390706,-0.12394983492135499,-1.1923372748959624,-1.5757977936162648,-1.8195176000106634
38,-0.9471715936629419,0.4668877501275968,-0.04877856874946326,0.6226760764229438,0.007178306458996546,-0.08188381468379385,-1.1678486785399311,-1.5478415897567124,-1.7300640750834946
39,-0.5427232902287786,-0.5613696338590689,-0.04877856874946326,0.6596605714597285,0.015011331350382646,-0.03907889328059082,-1.140837157823194,-1.519366504759282,-1.6472181258326164
40,0.3672853924980887,-0.5613696338590689,-0.04877856874946326,0.6961316088000818,0.02199562170745927,0.004302721121578583,-1.1164971104765087,-1.4957352211516717,-1.5626181985503291
41,0.165061240781007,0.5311538366267635,-0.04877856874946326,0.7320763055180807,0.028185198349122417,0.048094115179955446,-1.089439685323518,-1.4676801098235142,-1.4788384988612364
42,0.3672853924980887,0.9810164421209295,-0.04877856874946326,0.7674772109172654,0.03363322815727941,0.09212433979129345,-1.065184003006839,-1.4482925135885747,-1.3990672458637836
43,2.389526909668905,0.5311538366267635,-0.04877856874946326,0.802312460095336,0.03839185883259841,0.13621910892130273,-1.0380440547327114,-1.4208127530280712,-1.315174896529842
44,-0.23938706265315615,-1.0112322393532351,-0.2512087663330156,0.836555980731076,0.042512070413779454,0.18020152543720244,-1.0138224893141183,-1.4055818195177805,-1.239993208342605
45,0.26617331663954774,-0.8827000663549018,-0.2512087663330156,0.870177749338644,0.04604354360213042,0.22389283141194813,-0.9865739703771818,-1.3788300412431367,-1.1566672647484397
46,-0.5427232902287786,-0.24003920136323584,-0.04877856874946326,0.9031440931386311,0.049034545177438105,0.2671131801813094,-0.9623492690175861,-1.3676521362612961,-1.0856879372625077
47,3.1984235165372312,-0.9469661528540684,-0.04877856874946326,0.9354180336394865,0.05153183081481512,0.3096824271654991,-0.9349762824674852,-1.34177268111758,-1.0034503279135099
48,1.0750699235078744,1.109548615119263,0.15365162883408914,0.966959667806099,0.053580565278348674,0.3514209361211594,-0.9107231941777767,-1.3345158435360562,-0.9362027148722839
49,-0.9471715936629419,-0.3043052878624024,0.15365162883408914,0.9977265823895648,0.05522425941826617,0.3921503971063352,-0.8832194038855105,-1.309637145002556,-0.8554251767159013
50,-0.2393870626531563,-0.36857137436156895,0.15365162883408914,1.0276742968484518,0.05650472289500311,0.4316946520702314,-0.8589236410655691,-1.3061286996809283,-0.7914084554673282
51,1.277294075224956,0.08129123113259722,0.15365162883408914,1.0567567302857093,0.057462031254565296,0.46988052364866656,-0.8312915521254576,-1.2823533852918603,-0.7123324446875162
52,-0.44161121437023787,0.08129123113259722,0.4910352914733432,1.0849266876177555,0.058134505852651785,0.5065386424518061,-0.8069487190421436,-1.2823676289733283,-0.6510539114764591
53,1.9850786062347416,1.4951451341142623,0.6934654890568955,1.1121363595978675,0.05855870504370654,0.5415042678578703,-0.7791988601165744,-1.2597605640639542,-0.5738156855776434
54,2.5917510613859864,-1.0754983258524016,0.828418954112597,1.138337830545887,0.05876942497951855,0.5746180970810103,-0.7548133549363409,-1.2630079667806111,-0.5148148531055001
55,2.895087288961609,0.4668877501275968,0.9248142862952412,1.1634835870437403,0.05879970838583892,0.6057270571050669,-0.7269633815850249,-1.2415831241961561,-0.439470431377241
56,2.4906389855274456,-0.43283746086073566,0.9971107854322241,1.1875270207095503,0.05868085983698054,0.6346850740176384,-0.7025472777736506,-1.2477031485137104,-0.38233178410465174
57,-0.13827498679461542,0.9167503556217632,1.0533413958720999,1.2104229186013669,0.058442466211232086,0.6613538143588432,-0.674621024061228,-1.2274109709952379,-0.30887892369013986
58,1.277294075224956,0.9167503556217629,1.0983258842240005,1.2321279357192274,0.05811242107362788,0.6856033932954686,-0.650192960841656,-1.2359709904121576,-0.25323664084199365
59,1.3784061510834968,-0.3685713743615691,1.3007560818075528,1.2526010450689615,0.05771695175775507,0.7073130447094718,-0.6222194898001268,-1.2166886162685926,-0.18163274310286123
60,0.7717336959322519,0.8524842691225964,1.0983258842240005,1.271803961392717,0.05728064805802606,0.7263717486254204,-0.5978036173879167,-1.2271911846539731,-0.12717029670145566
61,3.501759744112854,0.274089490630097,1.3007560818075528,1.2897015348554508,0.056826491745634214,0.7426788117838486,-0.5698163162817994,-1.2087182343276845,-0.05734622374151601
62,2.5917510613859864,-1.0112322393532351,1.3007560818075528,1.3062621109558328,0.05637588648793762,0.7561443975903799,-0.5454413206977372,-1.220617918062159,-0.003793057924953142
63,3.8050959716884765,-0.3043052878624024,1.3007560818075528,1.3214578530696912,0.05594868805826432,0.766690002123665,-0.5174770567789284,-1.2026801642045801,0.06433664237769852
64,1.3784061510834968,0.20982340413093048,1.0983258842240005,1.335265024609179,0.055563234878778164,0.7742488733588511,-0.49317526673717493,-1.2154092394774383,0.11720983469424552
65,-0.8460595178044013,1.1738147016184297,1.0983258842240005,1.3476642288472231,0.0552363788842124,0.7787663712492863,-0.4652736118497189,-1.1976711287059338,0.18373962127384974
66,1.2772940752249557,-0.11150702836490259,1.0983258842240005,1.358640605736682,0.05498351649088,0.7802002667882636,-0.4410801994573837,-1.2106710740355566,0.2361260636638918
67,2.5917510613859864,0.4026216636284301,1.0983258842240005,1.368183986027648,0.054818619314296615,0.7785209786134356,-0.4132827449908359,-1.1927560371956283,0.3011543473052247
68,2.0861906820932825,-1.0112322393532351,1.0983258842240005,1.3762890033149124,0.05475426436078901,0.7737117460999042,-0.38923503692896716,-1.2055099288283042,0.3532162270634837
69,1.9850786062347416,-0.8827000663549018,1.0983258842240005,1.3829551645305809,0.05480166364351623,0.7657687382232707,-0.361584806963947,-1.187025530212198,0.4168419945038693
70,0.5695095442151702,2.2020720856050953,1.3007560818075528,1.388186879355513,0.05497069330499853,0.7547010977863925,-0.33772169444987454,-1.1990860226859512,0.46871510184116505
71,-0.0371629109360747,0.08129123113259722,1.0983258842240005,1.391993449314518,0.05526992223606925,0.7405309209169697,-0.31026263390383085,-1.1796498906797397,0.5310357622564824
72,2.5917510613859864,0.274089490630097,1.0983258842240005,1.3943890177205878,0.055706640006234945,0.7232931720763465,-0.28662405077239145,-1.1906585117560264,0.5828336016475896
73,2.4906389855274456,-0.3685713743615691,1.0983258842240005,1.3953924817954444,0.05628688393797977,0.7030355351833253,-0.25940056142443996,-1.169920994330702,0.6439437080897005
74,0.4683974683566295,-0.4971035473599022,1.3007560818075528,1.395027368178398,0.05701546544019892,0.6798182018431717,-0.23602700429526477,-1.1796166781858766,0.695761059899072
75,2.9961993648201495,1.1738147016184297,1.3007560818075528,1.3933216729298488,0.05789599603956358,0.6537135980677801,-0.20908350460001265,-1.1572773539984795,0.7557516474282513
76,3.906208047547017,-0.8184339798557353,1.3007560818075528,1.390307667293792,0.058930913685798586,0.6248060512860023,-0.18601556987908857,-1.1654946470160543,0.8076676086684219
77,2.895087288961609,-0.4971035473599022,1.0983258842240005,1.3860216709364812,0.06012150986802188,0.5931913999041628,-0.15939605902627235,-1.141311508000083,0.8666259600182142
78,0.6706216200737112,-0.1757731148640693,0.8958956866404478,1.3805037951324817,0.061467957989643385,0.5589765482038277,-0.13667398758959098,-1.1479706629293849,0.9187065157401857
79,0.9739578476493336,0.017025144633430505,0.6934654890568955,1.3737976594636716,0.06296934332505841,0.5222789699312892,-0.11042162211850107,-1.1217622734271675,0.9767162160760418
80,-0.0371629109360747,0.59541992312593,0.4910352914733432,1.3659500868231524,0.06462369465690584,0.48322616447797984,-0.08808487741354892,-1.1268542497288938,1.0290163966853845
81,-0.13827498679461542,-0.04724094186573604,0.6934654890568955,1.357010782395844,0.06642801740206733,0.44195507000607853,-0.06224160116929616,-1.098496250121429,1.086157572120245
82,0.3672853924980887,-0.4971035473599022,0.4910352914733432,1.3470320024668052,0.06837832781839841,0.3986114382026608,-0.04032852637906152,-1.1020656216250555,1.1387232447802513
83,0.5695095442151702,0.6596860096250966,0.28860509388979083,1.3360682184008952,0.07046968781599455,0.3533491755600815,-0.014934791679617834,-1.071483465448177,1.1950729028398062
84,0.3672853924980887,-0.3685713743615688,0.08617489630623835,1.3241757801938747,0.07269623990723861,0.30632965622026187,0.006517638053881633,-1.0736116897744639,1.247942238600534
85,0.26617331663954774,0.14555731763176394,0.08617489630623835,1.3114125828969174,0.07505124181963865,0.25772101151060306,0.031423069838878846,-1.040771536839527,1.303574650552694
86,2.793975213103068,0.9167503556217632,-0.11625530127731397,1.2978377381635458,0.07752710024980305,0.20769740132477407,0.0523794396916192,-1.0415622401313591,1.3567793054392951
87,1.6817423786591192,2.2663381721042617,-0.3186854988608664,1.2835112522701388,0.08011540321632912,0.15643827243601385,0.07675967604184357,-1.0064615812298063,1.4117663874523534
88,1.3784061510834968,-0.1757731148640693,-0.3186854988608664,1.268493711331347,0.0828069505812358,0.10412760866687193,0.09718633560254313,-1.006028704514136,1.4653324303699131
89,2.6928631372445277,0.08129123113259722,-0.5211156964444187,1.252845974208294,0.08559178268636192,0.05095317758462588,0.12100657360719468,-0.96868782809846,1.5197440906396507
90,0.4683974683566295,-1.0754983258524016,-0.5211156964444187,1.2366288738097497,0.08845920770307636,-0.002894221948662625,0.14087190649796558,-0.9671468990953326,1.5736927047119522
91,1.0750699235078744,-0.04724094186573587,-0.5211156964444187,1.2199029279462072,0.09139782897117474,-0.05722150746078479,0.16409973047354295,-0.9276018833100993,1.6275971312249544
92,-0.0371629109360747,-0.7541678933565685,-0.5211156964444187,1.202728061376685,0.09439557395979853,-0.11183405235586355,0.1833745014601958,-0.9250642356148793,1.6819451112860744
93,-0.44161121437023787,0.33835557712926373,-0.7235458940279711,1.1851633409764897,0.09743972638763237,-0.1665364142793468,0.2059802478663368,-0.8833616451514267,1.7354089820086744
94,2.0861906820932825,-0.9469661528540685,-0.7235458940279711,1.1672667258873528,0.10051696263514348,-0.22113304995179184,0.2246380044658075,-0.8799309626894066,1.7901690496853169
95,1.9850786062347416,0.017025144633430505,-0.7235458940279711,1.1490948340605198,0.10361339308762077,-0.27542901456623853,0.24659516722413313,-0.8361239438306933,1.84325765388079
96,1.3784061510834968,1.3666129611159292,-0.5211156964444187,1.1307027259768252,0.10671460858827359,-0.32923064434387506,0.26461267572973773,-0.8318943115635438,1.8984386120414376
97,0.06394916492246616,-0.11150702836490259,-0.3186854988608664,1.1121437058851293,0.10980573180041503,-0.3823462213371161,0.2858983436536015,-0.7860396426796138,1.9512158771754495
98,-0.9471715936629419,0.274089490630097,-0.3186854988608664,1.093469140834472,0.11287147304646558,-0.4345866200249354,0.3032560626325981,-0.7810944645133274,2.0068226263769415
99,0.7717336959322519,0.4026216636284301,-0.11625530127731404,1.0747282978751505,0.11589619018767718,-0.48576593560159514,0.32385139528079504,-0.73325027410999,2.0593510505230412
100,2.5917510613859864,-0.3043052878624024,-0.3186854988608664,1.055968199655656,0.11886395229282808,-0.5357020940633641,0.3405339890780626,-0.7276617216961289,2.1153844935339987
101,2.2884148338103643,0.9167503556217632,-0.3186854988608664,1.0372334981084081,0.1217586070671856,-0.5842174442332535,0.36042472667478787,-0.6778857781727627,2.167724990815595
102,1.277294075224956,-0.04724094186573587,-0.3186854988608664,1.0185663653397075,0.12456385217286885,-0.631139331758257,0.3764216128916717,-0.6717146352634964,2.224181856980487
103,-0.0371629109360747,-0.7541678933565688,-0.5211156964444188,1.000006400695567,0.1272633106782265,-0.6763006549180637,0.3955986170831208,-0.6200631780561612,2.2763935295777573
104,0.4683974683566295,-0.3043052878624024,-0.5211156964444188,0.9815905533549485,0.1298406109547154,-0.7195404018491146,0.41090454610055727,-0.6133589682606181,2.3332661522368996
105,2.895087288961609,-0.04724094186573587,-0.5211156964444188,0.9633530603276584,0.132279471344008,-0.7607041685479101,0.4293643603088587,-0.5598859976729592,2.385406001548545
106,1.1761819993664153,-0.7541678933565688,-0.7235458940279711,0.9453254000207649,0.13456378975062183,-0.7996446567916834,0.4439799953584192,-0.5526872259120832,2.4426820769627877
107,-0.0371629109360747,-0.7541678933565685,-0.7235458940279711,0.9275362616093564,0.13667773795697982,-0.8362221509110285,0.4617253699913686,-0.49744408854159244,2.4948046611678936
108,1.5806303028005781,1.0452825286200962,-0.7235458940279711,0.9100115305869377,0.13860585998083047,-0.8703049721697388,0.4756577943539402,-0.48977834994079716,2.5524670112414785
109,-0.5427232902287786,0.4026216636284301,-0.9259760916115235,0.8927742911599579,0.1403331732805655,-0.9017699093540399,0.492698093460551,-0.4328133847591225,2.6046240521309447
110,0.0639491649224663,1.687943393611762,-1.128406289195076,0.8758448463766398,0.14184527116551163,-0.9305026240504023,0.505961153204752,-0.42469706436731197,2.6626504092794216
111,1.9850786062347416,0.017025144633430505,-0.9259760916115235,0.8592407568394468,0.143128424560082,-0.9563980290045127,0.5223125463549464,-0.3660551018546741,2.7148903496144423
112,-0.5427232902287787,-0.6256357203582353,-0.9259760916115235,0.8429768985452868,0.14416968143129477,-0.979360637915783,0.5349269288798786,-0.3574924893419961,2.773253180195471
113,-0.3404991385116969,0.20982340413093048,-1.128406289195076,0.8270655399702076,0.14495696262718874,-0.9993048850369657,0.5506122769283224,-0.2972141585571744,2.8256206931244843
114,-0.2393870626531563,-0.3043052878624024,-1.128406289195076,0.8115164380890918,0.1454791533033921,-1.0161554129975674,0.5626052488321204,-0.2881959816004315,2.884287074691271
115,0.26617331663954774,0.7882181826234297,-0.9259760916115235,0.796336952557006,0.1457261892921177,-1.0298473273255115,0.5776536328918184,-0.22631693518657614,2.936822528593018
116,1.3784061510834968,-0.6256357203582354,-0.9259760916115235,0.7815321766416178,0.14568913768461092,-1.0403264161965184,0.5890584123622046,-0.216818347350855,2.9957540963247262
117,0.6706216200737112,1.6236773071125956,-1.128406289195076,0.7671050827068975,0.1453602707282241,-1.0475493339948,0.6035043135047705,-0.15336846634839116,3.0484929832237606
118,1.5806303028005781,0.33835557712926373,-1.3308364867786282,0.7530566793463862,0.1447331320434264,-1.0514837473075487,0.6143591173462122,-0.14334636072616092,3.1076459629372626
119,0.4683974683566295,0.017025144633430505,-1.3308364867786282,0.739386176879319,0.14380259421668468,-1.0521084419953621,0.6282413239797134,-0.07834888885950456,-3.1225670013021323
120,0.6706216200737112,0.274089490630097,-1.3308364867786282,0.7260911578865626,0.14256490703841235,-1.049413390018484,0.6385881966426012,-0.06773830033368568,-3.063241653966382
121,1.4795182269420377,-0.1757731148640693,-1.3308364867786282,0.7131677496378689,0.14101773597146647,-1.043399774807753,0.6519485674591529,-0.0012088799473455596,-3.010011891938983
122,2.0861906820932825,0.274089490630097,-1.3308364867786282,0.7006107954889754,0.139160190716098,-1.0340799741677908,0.6618321265760548,0.010081765595873166,-2.9505682273384544
123,0.26617331663954774,1.0452825286200962,-1.3308364867786282,0.6884140225666431,0.1369928438794385,-1.0214774999637861,0.6747143396656263,0.07813610938690022,-2.897063706410554
124,0.8728457717907929,0.274089490630097,-1.3308364867786282,0.6765702033953672,0.13451773979683126,-1.0056268941382909,0.6841805609068214,0.09023120591278785,-2.837560379420381
125,-0.2393870626531564,-1.011232239353235,-1.5332666843621807,0.665071309586115,0.13173839361347797,-0.9865735809134553,0.6966289608131683,0.15981308647826997,-2.783770892611204
126,-0.2393870626531563,0.14555731763176394,-1.3308364867786282,0.6539086561537825,0.12865978088447622,-0.9643736753587945,0.7057241033278607,0.17287801132933422,-2.7242706202769216
127,1.0750699235078744,0.8524842691225964,-1.128406289195076,0.6430730352296675,0.12528831809957464,-0.9390937488569174,0.7177827330723462,0.24400067881117654,-2.670193523680708
128,0.5695095442151704,0.6596860096250966,-0.9259760916115235,0.6325548378018445,0.12163183455001748,-0.9108105523828873,0.7265524833855203,0.2582526192327671,-2.610762406853688
129,2.4906389855274456,-0.24003920136323567,-0.7235458940279711,0.6223441617810042,0.1176995358657369,-0.8796106988969361,0.7382643745035967,0.33094087532737654,-2.5564029458186424
130,0.7717336959322519,-0.5613696338590688,-0.7235458940279711,0.6124309044194648,0.11350195954616081,-0.8455903064724701,0.7467532901261179,0.34666332368963937,-2.497109669477149
131,3.0973114406786904,1.8164755666100956,-0.7235458940279711,0.6028048371573698,0.10905092294999863,-0.8088546039844924,0.758160100826419,0.4209542547248212,-2.442481179227297
132,0.6706216200737112,-0.04724094186573604,-0.7235458940279711,0.5934556614403649,0.10435946437550352,-0.76951750125489,0.766411450552762,0.43851658110887165,-2.3833961148371383
133,0.26617331663954774,-0.3043052878624024,-0.7235458940279711,0.5843730448895597,0.09944177798344854,-0.7277011255259056,0.7775535346426754,0.5144598743676326,-2.3285200750081123
134,2.2884148338103643,0.40262166362843044,-0.7235458940279711,0.5755466382260641,0.0943131434719537,-0.6835353260682527,0.7856095867664669,0.5343438485280679,-2.2697143104495296
135,-0.340499138511697,-0.8827000663549018,-0.7235458940279711,0.5669660743205797,0.08898985163329812,-0.6371571486728598,0.7965264908225403,0.612001185068698,-2.2146202305782587
136,-0.13827498679461542,-0.4328374608607355,-0.9259760916115235,0.558620951482066,0.08348912707756398,-0.5887102817507303,0.804429188444026,0.6348369057143171,-2.156164551616426
137,-0.13827498679461542,-0.24003920136323567,-0.9259760916115235,0.5505008035793303,0.07782904936447668,-0.5383444757882496,0.8151604597010326,0.7142794870427295,-2.100889665304199
138,-0.2393870626531563,0.33835557712926373,-0.9259760916115235,0.5425950597890044,0.07202847352848885,-0.48621493799445115,0.8229523244037851,0.7408938293020859,-2.0428535130170884
139,1.3784061510834968,0.8524842691225964,-0.9259760916115235,0.5348929966306641,0.06610695059650921,-0.4324817041566856,0.8335384486100197,0.8221964205421765,-1.9874422656286945
140,0.7717336959322519,0.7239520961242634,-0.7235458940279711,0.5273836845411903,0.06008464834244298,-0.37730899000419527,0.8412635282823034,0.853677624479342,-1.9298926968662635
141,0.165061240781007,-0.11150702836490259,-0.7235458940279711,0.5200559307916619,0.053982272380771926,-0.32086452475054306,0.8517468295915024,0.9369064460719635,-1.874396024088533
142,0.06394916492246616,0.14555731763176394,-0.5211156964444188,0.5128982202980812,0.04782098785142591,-0.26331886990860165,0.8594515472384758,0.9746879107426407,-1.817396706286472
143,0.5695095442151702,-0.9469661528540685,-0.3186854988608664,0.5058986558495822,0.04162234228610495,-0.20484472690309008,0.8698769382584077,1.0598778334039538,-1.761871117906785
144,0.6706216200737112,-0.7541678933565688,-0.11625530127731404,0.49904489930794604,0.03540819055036948,-0.14561623740803314,0.8776107505766201,1.1058400526856165,-1.7054813947728011
145,-0.5427232902287786,-0.7541678933565685,0.08617489630623835,0.492324115276334,0.029200622826720476,-0.08580828067720406,0.8880262562340309,1.192953418825782,-1.6499878964818313
146,0.4683974683566295,-0.8827000663549018,0.28860509388979083,0.48572291859731787,0.02302189635350742,-0.02559577238239772,0.8958420496234247,1.2495300391000468,-1.5942619637967197
147,1.0750699235078744,-0.6256357203582353,0.4910352914733432,0.47922732686990027,0.0168943710928207,0.03484703040034251,0.9062990412570406,1.3383854916830549,-1.538864864730305
148,1.4795182269420377,1.4951451341142625,0.4910352914733432,0.4728227189831924,0.010840448782076708,0.09534721342775565,0.9142532105294923,1.4086274492130713,-1.4838510929378343
149,0.3672853924980887,-1.011232239353235,0.4910352914733432,0.4664938005151843,0.004882514095648622,0.15573387426743276,0.9248063126274229,1.4987851594967223,-1.4286167547334108
150,-1.0482836695214828,0.2098234041309303,0.28860509388979083,0.4602245768770679,-0.0009571239114130378,0.21583877179390926,0.9329584992439307,1.5862701091869764,-1.3743571858127808
151,-0.44161121437023787,4.130054680580093,0.28860509388979083,0.4539983353070521,-0.00665629216578703,0.2754969523014207,0.943665160880997,1.6768685818022355,-1.3193527678686607
152,1.176181999366415,0.017025144633430675,0.4910352914733432,0.4477976369908996,-0.012193017771484932,0.33454734864545965,0.952077649249516,1.7852366641038464,-1.2658827978595508
153,0.06394916492246616,-0.7541678933565688,0.6934654890568955,0.44160432044571296,-0.017545597630660256,0.39283334907046596,0.9629973825725338,1.8748163595414802,-1.2111750433059014
154,0.7717336959322519,-0.11150702836490259,0.6934654890568955,0.4353995168828026,-0.02269267422847863,0.4502033325462641,0.9717341597303847,2.0066421317311285,-1.1585232822187863
155,0.6706216200737112,-0.6256357203582353,0.8958956866404478,0.42916367785459647,-0.0276133172954442,0.506511167565276,0.9829274640453686,2.093085940494288,-1.1041773755911621
156,0.26617331663954774,0.7239520961242634,0.8958956866404478,0.42287661530291365,-0.03228711034318711,0.5616166715069401,0.9920529844966537,2.2480324139970396,-1.0523656618303192
157,0.9739578476493336,0.33835557712926373,0.8958956866404478,0.4165175541464675,-0.036694240876778056,0.615386027887631,1.0035800240350916,2.3288594549512913,-0.9984441807340357
158,-1.0482836695214828,-0.8184339798557353,1.0983258842240005,0.4100651976609463,-0.0408155931863005,0.6676921590798597,1.0131577675716408,2.501939370146788,-0.947487722164535
159,-1.0482836695214828,-0.8827000663549018,1.0983258842240005,0.40349780601093577,-0.044632842696035346,0.7184150523840755,1.0250768958158893,2.5750851586958468,-0.8940497006700461
160,0.165061240781007,0.5311538366267635,1.3007560818075528,0.39679328825946647,-0.04812855084103805,0.7674420376553484,1.0351678086259544,2.7568095341997627,-0.8439573136386642
161,1.4795182269420377,-0.24003920136323567,1.3007560818075528,0.3899293078656045,-0.05128625949637282,0.8146680150261086,1.04753402067717,2.821522119479272,-0.7910574291836647
162,-0.340499138511697,0.274089490630097,1.3007560818075528,0.3828834010948426,-0.05409058418413326,0.8599956316367429,1.0581949207641492,3.0008060301725332,-0.7418318464436202
163,1.6817423786591192,-1.0112322393532351,1.3007560818075528,0.375633107170169,-0.056527305516180196,0.9033354066952951,1.0710583193603629,3.0579112138116105,-0.6895197352238337
164,0.4683974683566295,1.1738147016184293,1.503186279391105,0.3681561086803323,-0.05858345846445147,0.9446058046264242,1.0823403690788145,-3.057354278005698,-0.6411579555057825
165,-0.6438353660873194,2.137805999105929,1.503186279391105,0.36043038080345274,-0.060247419083567566,0.9837332565184925,1.0957447594246577,-3.0060296240253632,-0.5894776560472267
166,-0.9471715936629419,-0.7541678933565686,1.503186279391105,0.35243434814174013,-0.06150898824362948,1.0206521305262217,1.1076921266061293,-2.8543444292215185,-0.5419713118541094
167,0.3672853924980887,0.274089490630097,1.503186279391105,0.34414704815292735,-0.062359471643637074,1.0553046523422764,1.1216738451358523,-2.8068020969549083,-0.49096083224368087
168,-0.037162910936074565,-0.368571374361569,1.503186279391105,0.3355483000810487,-0.06279175480757207,1.0876407773220529,1.1343226328747917,-2.672597480632871,-0.44429655715338123
169,1.4795182269420377,-0.5613696338590686,1.503186279391105,0.32661887788372257,-0.06280037112190659,1.1176180163220908,1.1489096572910649,-2.6271883891598327,-0.3939875587580991
170,-0.6438353660873194,-0.8184339798557353,1.503186279391105,0.31734068513489294,-0.062381560560812996,1.1452012177739164,1.1622871304524238,-2.509495876599945,-0.34814734147667836
171,-0.037162910936074565,-0.24003920136323584,1.503186279391105,0.3076969295273326,-0.061533316683119246,1.1703623089481643,1.1774984901881402,-2.4650612473322377,-0.2985649312343901
172,1.277294075224956,0.017025144633430505,1.503186279391105,0.29767229448168364,-0.060255419702772636,1.1930799997652781,1.1916226222640498,-2.3619495534182136,-0.2535264496252025
173,1.8839665303762008,-0.689901806857402,1.3007560818075528,0.28725310536202187,-0.0585494538078286,1.213339452879731,1.2074681354155274,-2.3177580096540935,-0.20468907282109547
174,-0.13827498679461542,-0.8184339798557351,1.3007560818075528,0.27642748783490934,-0.05641880730660789,1.2311319241013852,1.2223474992338956,-2.2270904390369117,-0.16042600619944736
175,0.26617331663954774,-1.011232239353235,1.3007560818075528,0.26518551610802066,-0.05386865454513132,1.2464543775068788,1.2388278472278003,-2.1827206261884715,-0.11234543213092363
176,-0.2393870626531563,-0.689901806857402,1.0983258842240005,0.25351934922209085,-0.050905918920026785,1.2593090798152586,1.2544618445374076,-2.102511672893961,-0.06882775444581415
177,-0.340499138511697,-0.6256357203582354,1.0983258842240005,0.24142335406319795,-0.0475392168147101,1.2697031787412503,1.271568959597647,-2.0577470814286594,-0.021509148066815423
178,0.0639491649224663,0.08129123113259722,1.3007560818075528,0.22889421403170454,-0.04377878293961522,1.2776482700951157,1.2879483420864255,-1.9862868492474,0.021296592903286487
179,2.187302757951823,-0.6256357203582354,1.3007560818075528,0.21593102226124883,-0.03963637826411691,1.283159958377977,1.3056660386831658,-1.941038915085945,0.06785452056523084
180,0.4683974683566295,0.08129123113259722,1.3007560818075528,0.20253535808442766,-0.035125182354813385,1.2862574155488868,1.322773636881918,-1.876906570282006,0.10998493225770671
181,0.6706216200737112,0.2098234041309303,1.0983258842240005,0.1887113453704434,-0.030259672404903713,1.2869629425553109,1.3410784041626627,-1.831163116827907,0.15578970223318017
182,-0.6438353660873196,-0.5613696338590689,1.0983258842240005,0.17446569161757253,-0.025055491553147787,1.2853015381530373,1.3588899921808144,-1.7731961851142974,0.1972842775636352
183,-0.2393870626531563,-0.3685713743615691,1.0983258842240005,0.15980770720494678,-0.01952930928546521,1.2813004794862033,1.377751892257023,-1.726988234712898,0.24234935421885695
184,0.7717336959322519,-0.17577311486406913,1.0983258842240005,0.14474930469370034,-0.01369867684133689,1.2749889188166676,1.3962371413840124,-1.6742395677253326,0.2832501921054558
185,1.7828544545176601,1.3666129611159292,1.0983258842240005,0.12930497828223816,-0.007581880681898956,1.2663975006606296,1.415620766810563,-1.6276203862675396,0.3275946270297906
186,-0.340499138511697,0.6596860096250966,0.895895686640448,0.11349176353591926,-0.0011977972326523588,1.2555580034163,1.4347442340072751,-1.5793161798259872,0.367946128521029
187,0.3672853924980887,1.3666129611159294,0.895895686640448,0.09732917760978196,0.005434247833962418,1.2425030093677785,1.454609669149097,-1.5323481983177991,0.41159413336187134
188,-0.44161121437023787,-0.3685713743615691,0.6934654890568955,0.08083914052562759,0.012294612746187594,1.227265606728601,1.4743317699621927,-1.4878517883664355,0.45144265834811353
189,0.7717336959322519,0.9810164421209295,0.6934654890568955,0.06404587851717956,0.019363462746026003,1.2098791271237965,1.4946355173198054,-1.4405986218925628,0.49442310241340337
190,-0.34049913851169716,0.274089490630097,0.4910352914733432,0.04697581078350903,0.026620881434756435,1.190376921576998,1.5149134509342528,-1.399381077160888,0.5338165734414113
191,0.4683974683566295,1.4308790476150959,0.4910352914733432,0.02965742113003616,0.03404696930747424,1.168792177654795,1.5356092918695143,-1.3519029161881977,0.576162402980543
192,0.0639491649224663,-0.7541678933565688,0.4910352914733432,0.012121116036216635,0.041621929013053685,1.1451577799215062,1.5563978846056552,-1.313519924156889,0.6151498466934839
193,0.7717336959322519,-0.6256357203582354,0.2886050938897906,-0.005600929229221173,0.04932613740336726,1.1195062152800104,1.5774376411376807,-1.2658711355654697,0.6568974272935084
194,-0.846059517804401,-0.36857137436156895,0.4910352914733432,-0.0234749346905372,0.05714020490619713,1.091869524132225,1.5986900787015232,-1.2299451282564156,0.6955284518196048
195,-0.340499138511697,-0.04724094186573587,0.4910352914733432,-0.041465688009859565,0.06504502302212868,1.062279297605784,1.6200242532212885,-1.1821732394070252,0.7367168431913154
196,-0.8460595178044011,-0.3043052878624024,0.4910352914733432,-0.05953672299123318,0.0730218006820902,1.0307667203849016,1.6416926825288969,-1.1483796301178664,0.775041059671921
197,-0.846059517804401,2.523402518100928,0.4910352914733432,-0.07765050210534856,0.08105208989152107,0.9973626579830882,1.6632709568161796,-1.1005250989676865,0.8157112406592398
198,1.0750699235078744,-0.3043052878624024,0.6934654890568955,-0.09576860109221724,0.08911780078098598,0.9620977866338449,1.6853069356027763,-1.068581635772111,0.8537776461203733
199,-0.44161121437023787,-0.3043052878624024,0.49103529147334307,-0.11385189408153872,0.09720120612872048,0.9250027633712959,1.707078504229379,-1.0206780402869091,0.8939717142227122
200,0.3672853924980887,-0.3043052878624024,0.49103529147334307,-0.13186073805311727,0.10528493569201629,0.8861084333318348,1.7294332742372687,-0.9903365754685877,0.9318280585647285
201,-0.6438353660873196,2.7804668640975945,0.49103529147334307,-0.1497551556511339,0.11335196110227902,0.8454460708281721,1.7513469953648515,-0.9424111181708497,0.9715884306182879
202,-0.9471715936629419,0.20982340413093048,0.49103529147334307,-0.16749501533546812,0.12138557240287419,0.8030476503147123,1.773971573788267,-0.9134513666746316,1.009280591640672
203,-0.947171593662942,0.14555731763176394,0.49103529147334307,-0.18504020775585667,0.1293693475656763,0.7589461429567754,1.7959759423010302,-0.8655257080318577,1.0486492309690665
204,-0.5427232902287787,-0.24003920136323567,0.6934654890568955,-0.20235081727487692,0.13728711673957564,0.7131758341273412,1.8188210396048046,-0.8377506693293628,1.0862206198437045
205,-0.6438353660873196,-0.8827000663549018,0.6934654890568955,-0.219387287848203,0.14512292357618958,0.6657726567973563,1.84086398497215,-0.7898420926106364,1.1252383128719368
206,-0.340499138511697,-0.689901806857402,0.6934654890568955,-0.23611058294913095,0.15286098644695978,0.616774535487152,1.8638797417808095,-0.7630748486989168,1.1627293312211717
207,0.06394916492246616,-0.6256357203582353,0.6934654890568955,-0.2524823397546631,0.16048566243488982,0.5662217352357903,1.8859082360576003,-0.7151977132152295,1.2014350352647538
208,0.06394916492246616,0.5311538366267635,0.49103529147334307,-0.26846501825056024,0.1679814166270291,0.514157209934997,1.9090437656304273,-0.6892792795692467,1.2388826042584777
209,-0.2393870626531563,0.33835557712926373,0.6934654890568955,-0.28402204617864024,0.17533279861738651,0.46062694435049995,1.9310032378339435,-0.6414465922368584,1.2773128862838758
210,0.3672853924980887,0.14555731763176394,0.895895686640448,-0.2991179608130288,0.18252442749748768,0.4056802841859793,1.954205985607066,-0.6162344279913081,1.3147500653417246
211,-0.6438353660873196,-0.36857137436156895,0.895895686640448,-0.31371854843834807,0.18954098617329015,0.3493702486183435,1.9760395696080781,-0.5684593113644353,1.3529386470572855
212,-0.6438353660873194,-0.689901806857402,0.895895686640448,-0.3277909821844209,0.19636722565109593,0.2917538198706029,1.9992545285339802,-0.5438261723226072,1.3903943550247564
213,0.7717336959322519,-0.24003920136323567,0.895895686640448,-0.3413039586400809,0.20298797983611805,0.2328922046352763,2.0209021887049996,-0.4961231098290853,1.4283717750077487
214,-0.6438353660873196,0.33835557712926373,0.895895686640448,-0.3542278334908851,0.2093881911840326,0.1728510625406619,2.0440710137481877,-0.47195607665881184,1.4658706229687568
215,0.06394916492246616,-0.6256357203582353,0.895895686640448,-0.3665347562952986,0.21555294716083226,0.11170069734834526,2.0654685870923535,-0.4243418979684232,1.5036640229295997
216,0.4683974683566295,-0.4328374608607355,0.895895686640448,-0.37819880435536046,0.22146752698359543,0.049516207151808614,2.0885286419836686,-0.4005414595792504,1.5412262637058074
217,-0.2393870626531563,0.6596860096250966,0.6934654890568955,-0.38919611539369225,0.22711745764660207,-0.01362240950721138,2.109606827025677,-0.35303601345673646,1.5788593003912321
218,-0.947171593662942,0.8524842691225964,0.49103529147334307,-0.39950501842391895,0.23248857781247698,-0.0776301939874069,2.1324901930795392,-0.3295150799519061,1.6165008930082698
219,-0.947171593662942,0.40262166362843027,0.6934654890568955,-0.4091061618407123,0.2375671077833157,-0.14241721601036272,2.1531735173522506,-0.28214154070956415,1.6539937697565052
220,0.6706216200737112,-0.11150702836490259,0.4910352914733432,-0.41798263745441017,0.24233972355844782,-0.20788861115027052,2.1758059955597715,-0.2588243023757293,1.6917265497734653
221,-0.5427232902287786,-0.3043052878624024,0.2886050938897906,-0.42612009905872333,0.24679363300359128,-0.27394466755070507,2.196011791122364,-0.21160910650733364,1.7290961547938262
222,-0.340499138511697,-0.4328374608607355,0.0861748963062383,-0.4335068741213834,0.2509166522929621,-0.3404809613753598,2.2183119204834276,-0.1884297300228113,1.7669280952772748
223,-0.44161121437023787,1.4951451341142623,-0.11625530127731404,-0.44013406716901915,0.25469728082828763,-0.4073885398266945,2.237949327843833,-0.14140220140336007,1.8041882287111783
224,-0.8460595178044011,2.2663381721042617,0.0861748963062383,-0.44599565331348096,0.25812477269985057,-0.4745541499397434,2.2598274386227586,-0.1183034043387677,1.842123772901799
225,-0.7449474419458603,1.109548615119263,-0.11625530127731404,-0.4510885602164004,0.2611892026096593,-0.5418605108113793,2.2787964666592053,-0.07149513442942486,1.8792854421620697
226,-0.2393870626531563,-0.9469661528540685,-0.3186854988608664,-0.4554127367283565,0.2638815243435445,-0.6091866264576452,2.300153802250424,-0.04842666900673031,1.9173258872501544
227,-0.5427232902287786,-0.3043052878624024,-0.5211156964444187,-0.45897120650066076,0.2661936204836206,-0.6764081360696939,2.318344490496836,-0.0018707118583779303,1.9543976494767055
228,-0.7449474419458603,2.0092738261075955,-0.7235458940279711,-0.4617701049987773,0.26811834281584007,-0.7433976980415434,2.3390724465451838,0.021212173064815595,1.9925415613935562
229,-0.846059517804401,0.08129123113259722,-0.9259760916115235,-0.4638186984718969,0.26964954339063213,-0.8100254037923226,2.35636419233151,0.067482165133981,2.0295298935001322
230,-0.8460595178044011,-0.7541678933565688,-0.9259760916115235,-0.46512938353217165,0.2707820963531452,-0.8761592171455401,2.376343740829356,0.0906201542914341,2.0677735347422392
231,-0.5427232902287786,-0.11150702836490259,-1.128406289195076,-0.4657176661210427,0.271511910718178,-0.9416654348844272,2.392604884263104,0.1365707279812066,2.1046832133285696
232,-0.7449474419458603,1.9450077396084287,-1.128406289195076,-0.4656021188396092,0.2718359343517272,-1.0064091640702524,2.411706286446808,0.15980169278773215,2.14302096694338
233,-0.9471715936629419,1.8164755666100956,-1.128406289195076,-0.46480431588039817,0.27175214943793535,-1.0702548117631245,2.426794090577386,0.205400285630665,2.179855441280087
234,-0.8460595178044011,-0.3043052878624024,-1.330836486778628,-0.4633487450704364,0.2712595596939819,-1.1330665828901552,2.444877046787659,0.22876036297301483,2.2182802156810824
235,-0.7449474419458603,-0.04724094186573587,-1.5332666843621807,-0.46126269680588106,0.2703581698065193,-1.1947089821376302,2.4586382634292914,0.27397589103848136,2.2550419597310736
236,-0.8460595178044011,-0.11150702836490259,-1.735696881945733,-0.45857612995227337,0.2690489580828064,-1.2550473158917057,2.4755527044379,0.29750039421274876,2.2935455628273425
237,-0.7449474419458603,0.14555731763176394,-1.735696881945733,-0.455321515115494,0.26733384384392833,-1.3139481904320651,2.487824984762433,0.3423037091032261,2.330236396549067
238,-0.8460595178044011,0.017025144633430505,-1.735696881945733,-0.4515336560363919,0.2652156513118909,-1.3712800028284886,2.5034127789268537,0.36602782144207485,2.368809871490459
239,-0.7449474419458603,-1.011232239353235,-1.9381270795292855,-0.44724949020329674,0.2626980716319363,-1.4269134213199983,2.5140272660398546,0.4103919623648332,2.4054312444016355
240,-0.8460595178044011,-0.24003920136323567,-1.735696881945733,-0.4425078701082532,0.25978562438561104,-1.4807218523532388,2.528125191957852,0.43435115785007583,2.4440651607356756
241,-0.7449474419458603,-0.4971035473599022,-1.735696881945733,-0.437349326902519,0.2564836195658462,-1.5325818918836154,2.5369107110382165,0.47825137755768926,2.4806183915780693
242,-0.5427232902287786,1.4308790476150959,-1.735696881945733,-0.4318158185383571,0.2527981204755595,-1.5823737589637545,2.549355114878114,0.5024816045937057,2.519303086726817
243,-0.13827498679461542,0.274089490630097,-1.735696881945733,-0.4259504648092053,0.2487359074179766,-1.6299817100274876,2.5561444338765047,0.5458952457397772,2.5557895552518737
244,-0.44161121437023787,2.0092738261075955,-1.9381270795292855,-0.41979727198809536,0.2443044415616785,-1.6752944325978467,2.566778026307153,0.570432995611763,2.5945153246105805
245,-0.13827498679461542,0.7882181826234297,-1.9381270795292855,-0.4134008499628701,0.23951182820994357,-1.7182054174001178,2.571416658618615,0.613339353457512,2.6309366158143677
246,-0.6438353660873196,0.9167503556217632,-1.9381270795292855,-0.4068061248386706,0.23436677897703315,-1.7586133080701076,2.5800978677232544,0.6382217572103992,2.669693854219241
247,-0.7449474419458603,-0.5613696338590689,-1.9381270795292855,-0.40005804994188005,0.22887857299375805,-1.7964222278481092,2.5824557729519637,0.6806020311563805,2.70605185915896
248,-0.6438353660873196,-1.0112322393532351,-1.9381270795292855,-0.39320131809074205,0.2230570180153848,-1.8315420828587519,2.589070890305833,0.705867030471407,2.7448311588902286
249,-0.7449474419458603,-0.7541678933565685,-1.9381270795292855,-0.38628007798675196,0.21691241289182692,-1.8638888417881103,2.5890571063425574,0.7477043247728353,2.781128137037702
250,0.06394916492246616,0.5311538366267635,-1.9381270795292855,-0.37933765767932065,0.21045551302071738,-1.893384791962413,2.593535037132477,0.7733908088808761,2.819920347053374
251,-0.0371629109360747,0.9167503556217629,-1.9381270795292855,-0.372416298238549,0.20369750008032192,-1.9199587719941742,2.5911146365633435,0.8146700350844943,2.8561589541365127
252,-0.0371629109360747,-1.0754983258524016,-1.9381270795292855,-0.3655569009383423,0.1966499567581784,-1.9435463812887401,2.5934433170886857,0.8408178024410202,2.8949552043425646
253,0.26617331663954774,-0.4971035473599022,-2.140557277112838,-0.3587987912901606,0.18932484668941543,-1.964090166799838,2.588655115505885,0.8815253917612402,2.931138489171614
254,-0.0371629109360747,1.4951451341142625,-2.140557277112838,-0.3521795031210298,0.18173449952885598,-1.981539787495154,2.5888976657434633,0.9081749083893584,2.9699301833500353
255,1.6817423786591192,1.0452825286200962,-2.140557277112838,-0.3457345855778082,0.1738916008809869,-1.9958521570610273,2.5818699930313285,0.948298361832771,3.006061556897199
256,0.3672853924980887,-0.9469661528540685,-1.9381270795292855,-0.33949743548918837,0.16580918662796298,-2.006991565463429,2.580177665765925,0.9754903733411495,3.044840337242887
257,0.8728457717907926,-0.8184339798557351,-1.9381270795292855,-0.33349915689336185,0.1575006411501106,-2.014929780099056,2.571138583524833,1.0150177113260745,3.080923515911481
258,-0.13827498679461542,0.33835557712926373,-1.9381270795292855,-0.327768448694231,0.1489796990583811,-2.019646127391809,2.567756937684729,1.042792763775776,3.119681200096513
259,-0.7449474419458603,0.274089490630097,-1.9381270795292855,-0.3223315203997753,0.14026045012031507,-2.021127555774838,2.557035041103699,1.0817119130537478,-3.1274651844158887
260,-0.44161121437023787,0.9810164421209295,-1.9381270795292855,-0.31721203491806427,0.13135734687103778,-2.0193686810229443,2.5522999961094115,1.1101098006996288,-3.0887366947551267
261,-1.0482836695214828,-0.6256357203582354,-1.9381270795292855,-0.312431076664941,0.12228521409525327,-2.0143718148732312,2.5403128676586024,1.1484079189532834,-3.052737977360147
262,-0.7449474419458603,-0.9469661528540684,-1.9381270795292855,-0.30800714289704434,0.11305925920156522,-2.006146977818045,2.534634719622293,1.1774670570037298,-3.0140468176864648
263,-0.340499138511697,0.08129123113259722,-1.735696881945733,-0.3039561562048966,0.10369508251335484,-1.9947118968918174,2.5218643421203044,1.2151298061209401,-2.9780842818039046
264,-0.340499138511697,-0.8184339798557351,-1.5332666843621807,-0.300291496364153,0.09420868645613269,-1.9800919892047957,2.5157003515078316,1.2448865528968187,-2.9394387753109736
265,-0.44161121437023787,0.5311538366267635,-1.5332666843621807,-0.2970240500967799,0.08461648234971682,-1.9623203318844975,2.5026579479350004,1.2818973520493724,-2.9035085911055476
266,-0.34049913851169716,2.459136431601762,-1.5332666843621807,-0.29416227760569374,0.07493529306752886,-1.9414376189352098,2.496477143230842,1.3123853132308274,-2.8649174286291186
267,0.8728457717907926,0.5311538366267635,-1.5332666843621807,-0.2917122949473684,0.0651823494492677,-1.91749210528688,2.483663010549278,1.3487246202463559,-2.829016154607721
268,0.26617331663954774,0.9167503556217629,-1.5332666843621807,-0.28967797138286183,0.055375278331238495,-1.8905395379805134,2.47790927892246,1.37997401580179,-2.7904886019602086
269,-0.44161121437023787,0.59541992312593,-1.5332666843621807,-0.2880610407697184,0.04553208053752149,-1.8606430740641406,2.4657748841716036,1.415618759212156,-2.7546134032064074
270,0.6706216200737112,-1.011232239353235,-1.5332666843621807,-0.28686122578091094,0.03567109802367087,-1.8278731843927154,2.4608350730715625,1.4476560010340054,-2.7161595299325385
271,-0.6438353660873196,0.20982340413093065,-1.735696881945733,-0.28607637329881574,0.025810970244795315,-1.7923075421622074,2.4497540756566494,1.482579297823775,-2.6803084118892424
272,-0.340499138511697,-0.7541678933565685,-1.735696881945733,-0.2857025988616259,0.015970580430729502,-1.7540308946775744,2.4459363066399593,1.5154268644172695,-2.6419393312855295
273,-0.7449474419458603,0.017025144633430505,-1.735696881945733,-0.28573443765419687,0.006168992676820861,-1.7131349165758034,2.4361884759287618,1.5495980336136383,-2.606111377657615
274,-0.6438353660873194,1.1738147016184297,-1.735696881945733,-0.2861649992968344,-0.0035746193361759996,-1.6697180425239038,2.4337128513639237,1.5832745878490344,-2.5678394859415894
275,-0.846059517804401,0.8524842691225964,-1.9381270795292855,-0.28698612363157805,-0.013241051404957979,-1.62388527730228,2.425481277011558,1.6166593709641297,-2.5320350884179206
276,-1.0482836695214828,-0.36857137436156895,-1.9381270795292855,-0.2881885348444035,-0.022811155176734026,-1.5757479811634687,2.4244819749358704,1.6511800363906528,-2.4938742911168092
277,-0.340499138511697,0.14555731763176377,-1.9381270795292855,-0.28976199156059357,-0.03226593120119599,-1.5254236284211031,2.4178609949581515,1.683740979443792,-2.458095359735253
278,-0.846059517804401,0.33835557712926373,-1.9381270795292855,-0.29169543095980177,-0.041586627636612236,-1.4730355373829862,2.4183965938906065,1.7191177722310995,-2.4200612752908612
279,-0.846059517804401,-0.689901806857402,-1.9381270795292855,-0.2939771054216293,-0.050754843166735786,-1.4187125700033019,2.4134063932818517,1.7508148030981148,-2.384311420739455
280,-0.7449474419458603,0.7882181826234297,-1.9381270795292855,-0.2965947106756372,-0.059752632407629375,-1.3625887999826882,2.4154745938105635,1.7870572561931068,-2.346421554234859
281,0.3672853924980887,-0.368571374361569,-1.735696881945733,-0.29953550486550967,-0.06856261194797522,-1.3048031484703175,2.412078465323722,1.8178484800697705,-2.3107062367146707
282,0.26617331663954774,-0.8184339798557351,-1.735696881945733,-0.30278641833690095,-0.07716806509682912,-1.245498986999953,2.4156318830133676,1.8549644533315761,-2.2729801203850957
283,-0.44161121437023787,0.14555731763176394,-1.5332666843621807,-0.30633415425822574,-0.08555304336973647,-1.1848237078018964,2.41375311675495,1.8848071420750023,-2.237306763631097
284,-0.8460595178044011,-0.9469661528540685,-1.5332666843621807,-0.3101652802780299,-0.09370246275701685,-1.1229282621480818,2.4187138943298168,1.9228037784780794,-2.199766064679259
285,-0.037162910936074565,-0.4971035473599022,-1.5332666843621807,-0.31426631130929333,-0.1016021929451702,-1.059966667883012,2.4182505119941706,1.9516555116765497,-2.164144137115848
286,-0.2393870626531563,0.5311538366267635,-1.5332666843621807,-0.31862378336419733,-0.10923913791755817,-0.9960954877591912,2.42452260030507,1.990540287264297,-2.1268127359453364
287,-0.8460595178044011,-0.24003920136323584,-1.330836486778628,-0.32322431829231296,-0.11660130668735783,-0.9314732806438593,2.425359210537579,2.018360195844356,-2.09125380251325
288,-0.7449474419458603,-0.4971035473599022,-1.128406289195076,-0.3280546793060945,-0.12367787321610064,-0.8662600281160143,2.4328379747237054,2.0581420111384903,-2.054157844987241
289,-0.7449474419458603,-0.3043052878624024,-0.9259760916115235,-0.33310181725547666,-0.1304592247590686,-0.8006165394355318,2.4348546947437297,2.0848920930907426,-2.0186755928994695
290,-0.44161121437023787,0.59541992312593,-0.7235458940279711,-0.33835290775266347,-0.13693699795770423,-0.7347038383128224,2.4434339534496,2.125582387463959,-1.9818435198130846
291,-0.44161121437023787,-0.5613696338590689,-0.7235458940279711,-0.3437953794886171,-0.14310410204931362,-0.6686825352895043,2.4465126812667752,2.151228908104953,-1.9464537615162563
292,-0.0371629109360747,-1.0754983258524016,-0.7235458940279711,-0.3494169343872459,-0.14895472862172487,-0.6027121898213389,2.45608950156816,2.1928428110889366,-1.9099163190666055
293,-0.340499138511697,-0.4971035473599022,-0.7235458940279711,-0.35520556051224367,-0.15448434738863928,-0.5369506663346219,2.4601179679080043,2.2173578125222644,-1.8746369762837476
294,0.165061240781007,-0.5613696338590688,-0.5211156964444188,-0.361149538793961,-0.15968968755459673,-0.4715534886438576,2.470595625584747,2.2599153341716662,-1.8384272109858277
295,-0.7449474419458603,-0.11150702836490259,-0.5211156964444188,-0.36723744465564645,-0.1645687045847996,-0.40667319722114975,2.4754697040791713,2.2832782471219946,-1.8032782817510697
296,-0.7449474419458603,-0.5613696338590689,-0.3186854988608664,-0.373458145519787,-0.16912053259431442,-0.34245871392399724,2.4867592483078926,2.3268054629704817,-1.767431519780959
297,0.3672853924980887,0.017025144633430505,-0.11625530127731391,-0.3798007950403916,-0.17334542299359676,-0.2790547189115582,2.4923839997980037,2.3490047621423766,-1.732435026352222
298,0.06394916492246616,-0.24003920136323584,-0.11625530127731391,-0.38625482481453527,-0.17724467035791627,-0.21660104458339444,2.5044048384340223,2.3935349030097703,-1.6969888340377577
299,-0.2393870626531563,-0.5613696338590688,0.08617489630623841,-0.39280993427577815,-0.1808205267065273,-0.1552320914317834,2.5106947035861324,2.414569728482034,-1.662168747985494
300,-0.5427232902287786,-0.11150702836490259,0.2886050938897907,-0.3994560793672287,-0.18407610551638756,-0.09507627069076748,2.523374550405552,2.4601440904160436,-1.6271628704840733
301,-0.6438353660873196,-0.9469661528540685,0.4910352914733432,-0.4061834603707462,-0.18701527690125477,-0.0362554785850567,2.5302530114703323,2.480025782431771,-1.592545013002466
302,-0.7449474419458603,-0.8184339798557353,0.4910352914733432,-0.4129825090101545,-0.18964255551502857,0.02111539317599524,2.5435274536477404,2.526694389360577,-1.558021290719804
303,-0.5427232902287786,1.3023468746167624,0.6934654890568955,-0.4198438747924252,-0.19196298293665345,0.07692890626203892,2.5509264001783003,2.5454478906910234,-1.5236332089316182
304,-0.6438353660873196,0.08129123113259722,0.8958956866404478,-0.426758410565644,-0.19398200655552003,0.13108547989198255,2.564738264140437,2.593269827320132,-1.4896354738512825
305,-0.5427232902287786,-0.3685713743615691,0.8958956866404478,-0.433717157416119,-0.19570535718564414,0.18349374669867966,2.5725972058408306,2.6109348915210018,-1.4555062962119267
306,-0.0371629109360747,-0.7541678933565685,0.8958956866404478,-0.44071132921916784,-0.19713892763772842,0.2340708571968453,2.586895812262571,2.659978210818669,-1.422080252058968
307,-0.6438353660873194,-0.8827000663549018,0.8958956866404478,-0.4477322973295684,-0.1982886542756072,0.2827427303573255,2.5951610025581675,2.676610377197142,-1.3882405269052553
308,-0.2393870626531563,1.8164755666100956,0.8958956866404478,-0.45477157600080215,-0.19916040339328844,0.329444248437995,2.6099013489975755,2.726951526179011,-1.3554336168421894
309,-0.6438353660873196,0.2098234041309303,0.8958956866404478,-0.4618208091388074,-0.19975986423497888,0.37411939488363544,2.618524855501191,2.742622883800045,-1.3219151366880983
310,-0.6438353660873196,-0.8827000663549018,0.8958956866404478,-0.4688717589512922,-0.200092450523346,0.4167213347471285,2.6336667616589224,2.7943456216063574,-1.2897763993722644
311,-0.13827498679461542,-0.8184339798557353,0.8958956866404478,-0.4759162970023538,-0.20016321222025704,0.45721243768268865,2.642605526412243,2.809145406385171,-1.256612009573853
312,-0.0371629109360747,0.9167503556217629,0.8958956866404478,-0.48294639816023194,-0.19997675891508843,0.4955642441142698,2.658112786490902,2.8623391904505917,-1.2251919196362475
313,0.165061240781007,1.6879433936117625,0.8958956866404478,-0.48995413791011166,-0.199537195957542,0.5317573756899553,2.667327722880086,2.876374304680238,-1.1924153054630757
314,-0.7449474419458603,0.33835557712926356,0.8958956866404478,-0.49693169341756027,-0.19884807431158147,0.565781391598135,2.6831673096238475,2.9311321664377794,-1.1617655905888449
315,-1.0482836695214828,-0.4971035473599022,1.0983258842240005,-0.5038713485156064,-0.19791235486125128,0.5976345927465002,2.692622481567829,2.944527783340498,-1.1294110342528683
316,0.6706216200737112,-0.4971035473599022,1.0983258842240005,-0.510765502499558,-0.19673238732829257,0.6273237761980188,2.7087638489290686,3.0009437511626875,-1.0995844598557425
317,-0.7449474419458603,-0.4328374608607355,0.8958956866404478,-0.5176066823707826,-0.19530990321991626,0.6548639426363192,2.7184257813375803,3.01384424187845,-1.0676865594669491
318,-0.8460595178044011,-0.689901806857402,1.0983258842240002,-0.5243875580217948,-0.19364602167928174,0.6802779600159108,2.7348403114985147,3.072010427077043,-1.0387366736106465
319,-0.947171593662942,-0.3043052878624024,0.8958956866404478,-0.5311009597363854,-0.19174126695168311,0.7035961869425754,2.7446774676323678,3.0845809321745192,-1.0073300191160328
320,-0.44161121437023787,-0.43283746086073566,0.8958956866404478,-0.5377398972641014,-0.18959559632385645,0.7248560597052416,2.761338083707932,-3.138600928177428,-0.9793108539230372
321,-1.0482836695214828,0.017025144633430505,1.0983258842240002,-0.5442975796989777,-0.18720843766927608,0.7441016472186949,2.7713205142093345,-3.1261720282017804,-0.9484296588684222
322,-0.2393870626531563,-0.689901806857402,0.8958956866404478,-0.5507674355015475,-0.18457873601547073,0.7613831784276036,2.7882014492735196,-3.0642527963578488,-0.9213953872532856
323,-0.2393870626531563,-0.5613696338590689,0.6934654890568954,-0.5571431321883221,-0.1817050087818586,0.7767565469726074,2.798300588124957,-3.051750398660401,-0.8910730768927401
324,-0.7449474419458603,-0.6256357203582354,0.49103529147334307,-0.563418595370063,-0.1785854095231525,0.7902827981346467,2.815377275352527,-2.9878493510143698,-0.8650776234931389
325,-0.7449474419458603,0.274089490630097,0.49103529147334307,-0.5695880268844035,-0.17521780021214406,0.8020276032357151,2.825565840232814,-2.97502708175241,-0.8353463791374659
326,-0.44161121437023787,0.274089490630097,0.49103529147334307,-0.5756459217398173,-0.1715998323459023,0.8120607267355863,2.842814884802625,-2.909095453865413,-0.8104429816433474
327,-0.846059517804401,0.40262166362843027,0.49103529147334307,-0.5815870835296115,-0.16772903740044737,0.8204554911870935,2.8530668490140187,-2.8956700158228514,-0.7813332367774658
328,-0.947171593662942,0.59541992312593,0.2886050938897906,-0.5874066379567481,-0.16360292725437206,0.8272882450053913,2.8704660588947246,-2.8276822289922237,-0.7575739459070236
329,-0.8460595178044011,-0.43283746086073566,0.2886050938897906,-0.5931000441547495,-0.15921910505829948,0.8326378377091621,2.8807566762831143,-2.81332663009438,-0.7291138198199791
330,-0.44161121437023787,1.7522094801109287,0.0861748963062383,-0.5986631035924755,-0.15457538666990925,0.8365851069317918,2.8982851344965406,-2.7432877250425562,-0.7065489143329661
331,-0.8460595178044011,0.20982340413093048,0.0861748963062383,-0.6040919665073264,-0.14966993229665732,0.8392123810742548,2.9085909955752727,-2.7276233519802235,-0.6787635581393483
332,0.165061240781007,0.14555731763176377,0.0861748963062383,-0.6093831359896938,-0.1445013874403494,0.8406030009597375,2.926229149042871,-2.655578244822726,-0.6574408402452601
333,-0.2393870626531563,-0.3685713743615691,0.2886050938897906,-0.6145334699688939,-0.13906903161009584,0.8408408632448778,2.936528240903115,-2.638165722411874,-0.6303516604226093
334,-0.8460595178044011,-0.11150702836490259,0.49103529147334307,-0.6195401813550573,-0.13337293260894614,0.8400099876627518,2.954257982334295,-2.5642105000850606,-0.6103155865002602
335,-0.8460595178044011,-0.17577311486406913,0.6934654890568954,-0.6244008364476895,-0.1274141036556936,0.8381941094688704,2.9645297366346277,-2.5445393686646267,-0.5839393025684023
336,-0.9471715936629419,0.017025144633430675,0.6934654890568954,-0.6291133514925676,-0.12119466029827906,0.8354762978060475,2.9823344768544002,-2.4688347486034634,-0.5652298984098266
337,-0.7449474419458603,0.14555731763176377,0.6934654890568954,-0.6336759870902664,-0.11471797397947166,0.8319386001640175,2.9925598148886707,-2.4463122955794043,-0.5395773927703998
338,-0.44161121437023787,-0.4971035473599022,0.8958956866404478,-0.638087340135003,-0.10798881910600255,0.827661712714738,3.0104245612928136,-2.3690992813736496,-0.5222289129030032
339,-1.0482836695214828,-0.11150702836490259,0.8958956866404478,-0.6423463330731922,-0.10101351045671704,0.8227246760395318,3.0205859483570645,-2.343039488264904,-0.4973038513312293
340,-0.8460595178044011,-0.4971035473599022,1.0983258842240002,-0.6464522004206467,-0.09380002773705438,0.8172045955980185,3.03849739137172,-2.2646570673780033,-0.4813431721857292
341,-0.7449474419458603,-1.011232239353235,0.8958956866404478,-0.6504044726029216,-0.08635812410164118,0.8111763862053124,3.0485788878857787,-2.23427156769045,-0.4571404096990126
342,-0.8460595178044011,-0.9469661528540684,0.8958956866404478,-0.6542029572985042,-0.0786994155894286,0.8047125397831962,3.0665254729316076,-2.1551758000115933,-0.44258518875171626
343,-0.846059517804401,-1.0112322393532351,0.8958956866404478,-0.657847718603993,-0.07083744869996851,0.7978829157224616,3.0765127527056215,-2.1195699712738234,-0.419089019085362
344,-0.5427232902287786,-0.8184339798557353,0.8958956866404478,-0.6613390545018752,-0.062787743824607,0.7907545533038518,3.094484706983373,-2.040352887961744,-0.4059457006897763
345,-0.947171593662942,1.8164755666100956,0.6934654890568954,-0.6646774732674274,-0.05456781291845886,0.7833915057357037,3.1043650102116804,-1.9985317699514529,-0.3831280540870905
346,-0.6438353660873196,-0.8827000663549018,0.6934654890568954,-0.6678636695827865,-0.04619715052760229,0.7758546954557144,3.1223542941239373,-1.919937109513619,-0.37138985271714103
347,-0.7449474419458603,-0.36857137436156895,0.895895686640448,-0.67089850122994,-0.037697197844183336,0.7682017904031019,3.1321162864890533,-1.870827587722823,-0.3492085892058541
348,0.26617331663954774,-0.7541678933565685,0.895895686640448,-0.6737829673132133,-0.029091279703748894,0.7604871009897567,-3.1330688593507614,-1.793758543414023,-0.3388536243442481
349,-0.037162910936074565,-0.24003920136323584,0.6934654890568954,-0.6765181889985002,-0.020404514477059654,0.7527614974937442,-3.123435336575957,-1.7362554755752113,-0.31725110155747704
350,-0.5427232902287786,-0.43283746086073566,0.6934654890568954,-0.6791053936854178,-0.011663696911818296,0.7450723475944416,-3.105429409224827,-1.6617674667367208,-0.3082408907480432
351,-0.846059517804401,-0.689901806857402,0.6934654890568954,-0.6815459032790387,-0.00289715428296264,0.737463473783229,-3.0959336891674627,-1.5948108145770965,-0.2871430036445326
352,-0.5427232902287786,-0.689901806857402,0.49103529147334307,-0.6838411268289156,0.005865423355941979,0.7299751303988397,-3.077926087659287,-1.5240806104320388,-0.27942153727958435
353,-0.6438353660873196,-0.8827000663549018,0.49103529147334307,-0.6859925574010362,0.014593177552391139,0.7226440000189318,-3.0685770843749434,-1.4467665500706166,-0.2587374262987588
354,-1.0482836695214828,-0.24003920136323567,0.49103529147334307,-0.6880017727779155,0.023254298677123832,0.7155032088693062,-3.05057121821184,-1.3810296121333503,-0.2522310387091781
355,-0.5427232902287787,-0.689901806857402,0.49103529147334307,-0.6898704394604163,0.031816263601473035,0.7085823607838522,-3.041377824887587,-1.292749661506917,-0.23185362969495685
356,-0.7449474419458603,-0.24003920136323584,0.49103529147334307,-0.6916003194167969,0.040246090787999525,0.7019075890655933,-3.0233767133743186,-1.2332023437654098,-0.2264718312347707
357,-0.6438353660873196,3.551659902087594,0.6934654890568954,-0.6931932790449302,0.048510609124734774,0.6955016253794122,-3.014348143446044,-1.1337910021114086,-0.20627929713940266
358,-0.340499138511697,-0.11150702836490259,0.895895686640448,-0.6946512998502681,0.05657673637712432,0.6893838845793121,-2.9963546279682105,-1.0814643829610082,-0.201916641228936
359,-0.7449474419458603,-0.4971035473599022,0.6934654890568954,-0.6959764903551127,0.06441176306061337,0.6835705641736683,-2.987500677909552,-0.971321747278964,-0.18177477300898218
360,-0.947171593662942,-0.6256357203582354,0.6934654890568954,-0.6971710987149196,0.07198363796363698,0.6780747569986441,-2.9695175405111254,-0.9269476582625251,-0.17831371808536167
361,-0.947171593662942,0.40262166362843027,0.6934654890568954,-0.6982375254343437,0.07926125223185305,0.6729065756207597,-2.960848766408426,-0.8070972052978751,-0.15807908301624077
362,-0.9471715936629419,-0.7541678933565685,0.6934654890568954,-0.6991783355047281,0.08621471939159986,0.6680732870020363,-2.9428787462966226,-0.7709983728000118,-0.15539369578161566
363,-0.5427232902287786,0.017025144633430675,0.6934654890568954,-0.6999962692927746,0.09281564872025368,0.6635794559904716,-2.9344065488364244,-0.6430497693291732,-0.13491736593605094
364,-1.0482836695214828,-0.6256357203582353,0.6934654890568954,-0.7006942516147865,0.09903740911266845,0.6594270962175983,-2.9164522516867373,-0.6150865574219271,-0.1328776142655214
365,-0.947171593662942,-0.6256357203582353,0.895895686640448,-0.701275398584342,0.10485538024934736,0.6556158269947597,-2.908188873865338,-0.48109989846442613,-0.11200917387941388
366,-0.846059517804401,0.9167503556217632,0.895895686640448,-0.7017430219706172,0.11024718749408861,0.6521430348152681,-2.8902525835436514,-0.46069185099979454,-0.11048548296029827
367,-0.44161121437023787,0.274089490630097,0.895895686640448,-0.7021006309451907,0.11519291653414566,0.6490040381110379,-2.882211043967211,-0.3229724025284605,-0.08907698012016793
368,-0.6438353660873196,-0.6256357203582353,0.6934654890568954,-0.7023519312406168,0.11967530339831746,0.6461922540014862,-2.864294461185676,-0.30918881167067047,-0.08794469151913814
369,-0.846059517804401,10.556663330496754,0.6934654890568954,-0.7025008218683344,0.12367989529975336,0.6436993659146708,-2.856488456882899,-0.17006291046689245,-0.06585420417051507
370,-0.7449474419458603,-0.8827000663549018,0.6934654890568954,-0.7025513895995712,0.1271951779941706,0.6415154911284906,-2.8385923928225814,-0.1617552909132113,-0.06499759989211923
371,-0.8460595178044011,-0.04724094186573587,0.8958956866404478,-0.7025079014025021,0.13021266640188614,0.6396293474293796,-2.8310362053020603,-0.02337777391506054,-0.04209214071034086
372,-0.6438353660873194,-0.9469661528540685,0.6934654890568954,-0.7023747950083692,0.1327269572949811,0.6380284181947612,-2.8131602509752063,-0.019319119477949093,-0.041407763895030675
373,-0.340499138511697,-0.3043052878624024,0.6934654890568954,-0.7021566677918241,0.13473574530302576,0.636699115289121,-2.8058686803581363,0.11645605323072827,-0.01756533191648793
374,-0.6438353660873194,-0.4328374608607356,0.6934654890568954,-0.701858264180676,0.1362398052472574,0.635626939249351,-2.78801086041344,0.11745364655908014,-0.01696442797061046
375,-0.7449474419458603,0.8524842691225964,0.6934654890568954,-0.70148446180495,0.1372429443564444,0.6347966363274696,-2.780999205545736,0.2491324787448135,0.007924894228550226
376,-0.846059517804401,-0.689901806857402,0.49103529147334307,-0.7010402565230877,0.1377519276485732,0.6341923520402182,-2.763155617882494,0.2481361484974579,0.008514892651959174
377,-0.7449474419458603,-0.9469661528540685,0.49103529147334307,-0.7005307463528525,0.13777637931067233,0.6337977809292225,-2.7564397176042474,0.37458529612049,0.034548809865436986
378,-0.7449474419458603,2.7804668640975945,0.49103529147334307,-0.6999611142518509,0.13732866256347603,0.633596312252645,-2.7386041515779724,0.3724968872115387,0.03518373761269238
379,-1.0482836695214828,-0.24003920136323584,0.6934654890568954,-0.6993366096776136,0.13642374025922807,0.633571171298184,-2.7322004987445796,0.49290623515347576,0.062448526835772004
380,-1.0482836695214828,0.2098234041309303,0.49103529147334307,-0.6986625289028485,0.135079018343068,0.6337055559260834,-2.714364017819889,0.490447891626031,0.06316779622420401
381,-0.13827498679461542,-0.6256357203582353,0.49103529147334307,-0.6979441941512051,0.13331417441831853,0.6339827678415101,-2.7082899649825247,0.6042746755070417,0.09173991498115835
382,-0.9471715936629419,-0.24003920136323567,0.6934654890568955,-0.6971869317436341,0.13115097396463252,0.6343863379873499,-2.6904404445257666,0.6019946317051212,0.09256755845770086
383,-0.7449474419458603,-0.36857137436156895,0.6934654890568955,-0.6963960495711901,0.12861307700406258,0.6349001453513095,-2.6847145409723026,0.7089036518516615,0.122515978033536
384,-0.2393870626531563,-0.689901806857402,0.6934654890568955,-0.6955768142811196,0.12572583796685344,0.6355085283942405,-2.666836159668204,0.7071930259459516,0.12346228425813321
385,-0.7449474419458603,-0.8184339798557351,0.6934654890568955,-0.6947344285595498,0.12251610118132837,0.6361963882415654,-2.6614786813664626,0.807001680773308,0.1548514593778165
386,-0.5427232902287786,-0.6256357203582354,0.6934654890568955,-0.6938740088382555,0.11901199391203614,0.6369492827538928,-2.6435513608794534,0.8061154445988777,0.15591505943095163
387,-0.846059517804401,-0.11150702836490259,0.6934654890568955,-0.6930005636607149,0.11524271825610881,0.6377535106054778,-2.638585109507912,0.8987477754831988,0.18880847094442216
388,-0.7449474419458603,0.017025144633430505,0.895895686640448,-0.692118972826263,0.11123834250758868,0.6385961845333356,-2.6205838769705068,0.8988257264607021,0.18997873638875545
389,-0.6438353660873196,-0.4971035473599022,1.0983258842240002,-0.6912339673282571,0.10702959189216045,0.6394652929667879,-2.616035340501983,0.9842768282406026,0.22444298410423583
390,-0.5427232902287786,4.00152250758176,1.0983258842240002,-0.6903501100488519,0.10264763798615831,0.6403497493227731,-2.5979295618230047,0.9853625707227124,0.22570261047750678
391,-0.8460595178044011,-1.0754983258524016,1.0983258842240002,-0.6894717771628842,0.09812388580033364,0.6412394283936107,-2.5938305670399338,1.0636732544878358,0.2618120940105392
392,-0.9471715936629419,2.0735399126067624,0.895895686640448,-0.6886031402012994,0.0934897575771302,0.6421251894935269,-2.575582973918194,1.0657307172205415,0.2631397585788237
393,-0.9471715936629419,0.14555731763176394,0.895895686640448,-0.6877481487166163,0.08877647289281031,0.6429988863625582,-2.5719730390976316,1.1369717060509053,0.300982068919188
394,-0.2393870626531563,1.0452825286200962,0.895895686640448,-0.6869105135084586,0.08401482552917043,0.6438533642022731,-2.553538443750087,1.139899595362388,0.30235506179897154
395,-0.9471715936629419,0.08129123113259722,0.6934654890568955,-0.6860936904342655,0.07923495850555334,0.644682444576049,-2.5504681740073143,1.2041642946082103,0.34203732987630125
396,-0.7449474419458603,0.59541992312593,0.6934654890568955,-0.6853008649216116,0.07446613946761285,0.6454808992093526,-2.5317917177605693,1.2078092185519933,0.34343406840038493
397,-0.8460595178044011,-0.689901806857402,0.6934654890568955,-0.6845349373590601,0.06973653928670664,0.6462444139615205,-2.5293278154268224,1.2652139725025724,0.38509072673152844
398,-0.7449474419458603,-0.9469661528540684,0.49103529147334307,-0.6837985095657885,0.06507301721732672,0.6469695444083392,-2.5103425141736526,1.2693830341403316,0.386493090681561
399,-0.5427232902287786,-0.3685713743615691,0.49103529147334307,-0.6830938725702906,0.06050091622471038,0.64765366457353,-2.5085753846913517,1.3200737071468345,0.4302958732831753
400,-0.7449474419458603,-0.4971035473599022,0.2886050938897906,-0.6824229959874449,0.05604387205192024,0.6482949103770737,-2.489198580113401,1.3245473511001224,0.4316913431986183
401,-0.947171593662942,-0.3043052878624024,0.49103529147334307,-0.6817875193445536,0.051723639236644844,0.6488921193252297,-2.4882542746942704,1.368710935500139,0.47786299665617726
402,0.06394916492246616,-0.5613696338590688,0.49103529147334307,-0.6811887457409138,0.04755993672871217,0.6494447678456168,-2.4683823149677235,1.3732567529377975,0.47924662902409626
403,-0.7449474419458603,-1.011232239353235,0.49103529147334307,-0.680627638228052,0.04357031516132069,0.6499529074811548,-2.46844206901966,1.4111364034237703,0.5280809960373091
404,-0.6438353660873196,1.4308790476150959,0.6934654890568954,-0.6801048192618026,0.0397700472701832,0.6504171009339639,-2.447941997075235,1.4155244214002987,0.5294573235543671
405,-0.8460595178044011,0.6596860096250966,0.6934654890568954,-0.6796205734815061,0.03617204244306807,0.6508383587381061,-2.4492758566230046,1.447435783308724,0.5813507976970284
406,-0.5427232902287786,-0.8184339798557351,0.6934654890568954,-0.67917485393036,0.03278678598868168,0.6512180771708985,-2.4279717703143486,1.4514553446733387,0.5827357982115036
407,-0.8460595178044011,-0.5613696338590688,0.49103529147334307,-0.678767291709686,0.029622303569671698,0.6515579779023141,-2.4310002664142587,1.477801289548143,0.6382401305664852
408,-0.7449474419458603,0.274089490630097,0.49103529147334307,-0.6783972090052509,0.02668415133244287,0.6518600498260121,-2.4086495732045563,1.481278842737379,0.6396634664060497
409,-0.8460595178044011,0.08129123113259722,0.6934654890568954,-0.6780636354246908,0.023975432354964844,0.6521264934829248,-2.4140664876562328,1.5025590481879836,0.6995815932374608
410,-0.846059517804401,-0.36857137436156895,0.6934654890568954,-0.6777653276165321,0.021496839944160708,0.6523596684394709,-2.390315383477647,1.5053750516737954,0.701089406665291
411,0.5695095442151702,-0.8827000663549018,0.6934654890568954,-0.6775007921953367,0.01924672811050467,0.6525620439063173,-2.3993601640788205,1.522187005944744,0.7666668419257577
412,-0.5427232902287786,0.4026216636284301,0.6934654890568954,-0.67726831204557,0.01722120935247964,0.6527361528079487,-2.3736514631898413,1.524289059885998,0.7683255607665876
413,-0.9471715936629419,-0.4971035473599022,0.6934654890568954,-0.6770659760364931,0.015414279682222507,0.6528845494706635,-2.388812588395537,1.5373195661484356,0.8416851905982918
414,-0.340499138511697,-1.011232239353235,0.6934654890568954,-0.6768917119815935,0.013817970551104519,0.6530097710918018,-2.360165876021601,1.5387284461923334,0.8435871499397241
415,-0.947171593662942,-1.011232239353235,0.49103529147334307,-0.6767433223702443,0.01242252699722915,0.6531143031685934,-2.387465770277269,1.548743452573403,0.9289229962442899
416,-0.5427232902287786,-0.4971035473599022,0.49103529147334307,-0.6766185221305081,0.011216610937921541,0.6532005490804285,-2.353823576528496,1.5495494927547167,0.9311952801278872
417,-0.7449474419458603,-0.7541678933565688,0.49103529147334307,-0.6765149775350089,0.010187527999550444,0.6532708040122044,-2.413962842135297,1.5574268202434676,1.039278118601876
418,-0.8460595178044011,-0.6256357203582353,0.4460508031214426,-0.676430345310407,0.009321475581536832,0.6533272333555595,-2.3692858095357674,1.5577764307651656,1.0420941453279173
419,-0.7449474419458603,-0.689901806857402,0.6428579396610073,-0.6763623110029406,0.0086038090725091,0.6533718556177175,-2.6611266293260214,1.5649682068279798,1.2250225879307413
