,trial_index,interconnectivity_strength
0,1,20.471611809354126
1,2,21.57666980286022
2,3,22.19794747145411
3,4,22.19047716868159
4,5,21.79321069599867
5,6,21.243241413044952
6,7,21.16478558546204
7,8,21.561956412694794
8,9,21.936809003666202
9,10,20.84777547639002
10,11,21.15261573374221
11,12,22.750318196070168
12,13,23.076505697232758
13,14,21.419152386236853
14,15,21.019113147343237
15,16,23.283783901300566
16,17,24.014339554135336
17,18,25.017923065516936
18,19,25.627841503334313
19,20,25.71517383502399
20,21,20.217963942192704
21,22,18.703764864752603
22,23,14.495302478685153
23,24,16.155978054757952
24,25,14.5312870351816
25,26,13.877760314398394
26,27,13.400000567118479
27,28,15.108046722907098
28,29,13.233315069405023
29,30,18.145647321428633
30,31,17.472052223582065
31,32,17.854436077160848
32,33,15.566561161794843
33,34,13.537361110404621
34,35,15.948481942773004
35,36,13.68433621815794
36,37,14.167993964626975
37,38,12.34051089124603
38,39,13.957846721945927
39,40,13.094655040916896
40,41,15.72934949132093
41,42,17.67001207081555
42,43,12.970650232135625
43,44,13.510132322100063
44,45,14.459790728922298
45,46,14.572974703481474
46,47,13.667393220079324
47,48,12.069161430378482
48,49,13.526595961143999
49,50,13.085791847844206
50,51,11.62671597979528
51,52,11.543780264595679
52,53,13.506004242203739
53,54,10.786510755656568
54,55,11.645550707848162
55,56,10.107769423558894
56,57,11.062712150348737
57,58,13.111458333333292
58,59,10.797842208303313
59,60,11.456934745062657
60,61,10.427600133327362
61,62,7.683535831866905
62,63,10.618565801982847
63,64,9.34789853519048
64,65,9.819377471263989
65,66,9.410959031957132
66,67,8.518065569944332
67,68,7.696300339916885
68,69,6.671985372855731
69,70,6.5002887259626965
70,71,8.94544007472826
71,72,12.172873123344237
72,73,10.035195206209316
73,74,10.169459257561106
74,75,13.806251727270096
75,76,12.24233701507011
76,77,13.994987887709598
77,78,15.408219178082039
78,79,12.676131507035233
79,80,14.831081196453097
80,81,16.464758876523394
81,82,13.043512758524354
82,83,15.554588607595003
83,84,15.423896103896233
84,85,11.826884968703853
85,86,14.691367559403714
86,87,16.2072438791619
87,88,19.342869899695998
88,89,20.233618238929363
89,90,19.970628194489677
90,91,19.574652425122483
91,92,23.695653535373868
92,93,40.98095454250708
93,94,0.0
94,95,0.0
95,96,0.0
96,97,0.0
97,98,0.0
98,99,0.0
99,100,0.0
100,101,0.0
101,102,18.120098746410555
102,103,14.945823056277485
103,104,14.76963228420058
104,105,20.16881536644218
105,106,18.677071487734576
106,107,14.079985697996932
107,108,19.08333340812203
108,109,14.733714635721473
109,110,19.29845269261035
110,111,19.975720897873
111,112,15.636936911482037
112,113,18.8775021823528
113,114,13.510795695991792
114,115,15.216966366654377
115,116,14.694076985150895
116,117,13.989089881507292
117,118,10.56175593581491
118,119,13.22506772975428
119,120,16.721587311794615
120,121,11.616193239384705
121,122,14.665441206925323
122,123,33.22504726154426
123,124,30.91991921941487
124,125,30.406492972599136
125,126,30.25481953938582
126,127,31.616236382860208
127,128,30.5862499707696
128,129,18.67680324110502
129,130,28.201553254438004
130,131,17.552414484470237
131,132,27.22042538145686
132,133,26.96484917569463
133,134,29.523409172556196
134,135,27.11992426802822
135,136,30.447021743073144
136,137,0.0
137,138,0.0
138,139,0.0
139,140,0.0
140,141,0.0
141,142,0.0
142,143,0.0
143,144,0.0
144,145,0.0
145,146,0.0
146,147,0.0
147,148,0.0
148,149,0.0
149,150,100.41727094459702
150,151,95.9241007128741
151,152,96.75005093853116
152,153,46.48140634532668
153,154,95.00637967329497
154,155,90.96536194110287
155,156,87.36670898738014
156,157,86.511279656456
157,158,88.5172860882155
158,159,41.5172795170668
159,160,41.27432363411267
160,161,42.33054463631023
161,162,42.33054463631023
162,163,87.53413509289511
163,164,87.44449129932157
164,165,41.678401912708104
165,166,85.4970562238202
166,167,40.551558555446
167,168,88.43512207376632
168,169,97.81301312045977
169,170,99.2628381248207
170,171,0.0
171,172,0.0
172,173,0.0
173,174,84.85625898219476
174,175,80.33549236471453
175,176,90.04086723367094
176,177,199.17522084288078
177,178,62.92542017593103
178,179,64.99062236324987
179,180,66.16789591434618
180,181,67.62087873897768
181,182,67.46194225721817
182,183,64.11451814880539
183,184,15.879854865338851
184,185,16.292624237859194
185,186,15.65782914455854
186,187,15.384524588348063
187,188,15.76714248231787
188,189,13.575370042991524
189,190,11.554042028837708
190,191,11.950629075430143
191,192,17.877489948405724
192,193,18.11950905030812
193,194,16.491397580699235
194,195,11.969622410455809
195,196,11.978182801120793
196,197,12.131756256813283
197,198,11.73382424903103
198,199,13.664515688639584
199,200,6.167204411724876
200,201,12.796761697890744
201,202,12.552538000420858
202,203,12.3766525941147
203,204,6.334093982744121
204,205,38.63341721795801
205,206,40.7914925505236
206,207,39.55068286976197
207,208,38.2971471405171
208,209,39.60658690944599
209,210,82.67882348028894
210,211,88.61692127795331
211,212,77.8628907245987
212,213,0.0
213,214,159.2652644937819
214,215,87.07907346983671
215,216,184.81949536517388
216,217,178.75861528586213
217,218,165.33570960969365
218,219,176.98653913826277
219,220,183.1972359262728
220,221,185.1517742686297
221,222,96.8769325732612
222,223,196.21192252018946
223,224,94.12687812585503
224,225,88.92063978554354
225,226,174.08391761164287
226,227,174.18731108184554
227,228,174.2888224049513
228,229,91.6171437529712
229,230,96.05047997263222
230,231,94.81572121556592
231,232,187.10170109940714
232,233,98.43424482360928
233,234,183.77723110303467
234,235,0.0
235,236,0.0
236,237,0.0
237,238,0.0
238,239,0.0
239,240,0.0
240,241,0.0
241,242,0.0
242,243,0.0
243,244,0.0
244,245,0.0
245,246,0.0
246,247,0.0
247,248,0.0
248,249,0.0
249,250,0.0
250,251,0.0
251,252,0.0
252,253,0.0
253,254,0.0
254,255,0.0
255,256,0.0
256,257,0.0
257,258,0.0
258,259,0.0
259,260,0.0
260,261,0.0
261,262,0.0
262,263,0.0
263,264,0.0
264,265,0.0
265,266,0.0
266,267,0.0
267,268,0.0
268,269,0.0
269,270,0.0
270,271,0.0
271,272,0.0
272,273,0.0
273,274,0.0
274,275,0.0
275,276,0.0
276,277,0.0
277,278,0.0
278,279,0.0
279,280,0.0
280,281,0.0
281,282,0.0
282,283,0.0
283,284,0.0
284,285,0.0
285,286,0.0
286,287,0.0
287,288,0.0
288,289,0.0
289,290,0.0
290,291,0.0
291,292,0.0
292,293,0.0
293,294,0.0
294,295,0.0
295,296,0.0
296,297,0.0
297,298,0.0
298,299,0.0
299,300,0.0
300,301,0.0
301,302,0.0
302,303,0.0
303,304,0.0
304,305,0.0
305,306,0.0
306,307,0.0
307,308,0.0
308,309,0.0
309,310,0.0
310,311,0.0
311,312,0.0
312,313,0.0
313,314,0.0
314,315,0.0
315,316,0.0
316,317,0.0
317,318,0.0
318,319,0.0
319,320,0.0
320,321,0.0
321,322,0.0
322,323,0.0
323,324,0.0
324,325,0.0
325,326,0.0
326,327,0.0
327,328,0.0
328,329,0.0
329,330,0.0
330,331,0.0
331,332,0.0
332,333,0.0
333,334,0.0
334,335,0.0
335,336,0.0
336,337,0.0
337,338,0.0
338,339,0.0
339,340,0.0
340,341,0.0
341,342,0.0
342,343,0.0
343,344,0.0
344,345,0.0
345,346,0.0
346,347,0.0
347,348,0.0
348,349,0.0
349,350,0.0
350,351,0.0
351,352,0.0
352,353,0.0
353,354,0.0
354,355,0.0
355,356,0.0
356,357,0.0
357,358,0.0
358,359,0.0
359,360,0.0
360,361,0.0
361,362,0.0
362,363,0.0
363,364,0.0
364,365,0.0
365,366,0.0
366,367,0.0
367,368,0.0
368,369,0.0
369,370,0.0
370,371,0.0
371,372,0.0
372,373,0.0
373,374,0.0
374,375,0.0
375,376,0.0
376,377,0.0
377,378,0.0
378,379,0.0
379,380,230.51873222797857
380,381,241.84926809136647
381,382,267.7502329916111
382,383,297.928845035742
383,384,323.7570812974401
384,385,346.1392095815882
385,386,338.15412581056574
386,387,268.0627327205046
387,388,208.41002121504545
388,389,173.04241797170968
389,390,153.92514551333744
390,391,155.09890630196952
391,392,148.74169465871898
392,393,142.56533611228375
393,394,63.338441036395984
394,395,105.6186872331666
395,396,46.67428584523749
396,397,88.12248225235761
397,398,87.67976942843273
398,399,39.69700224684546
399,400,33.43354027373308
400,401,68.7459879036064
401,402,71.0161776778606
402,403,73.23787725307379
403,404,74.51856344249828
404,405,71.03049267595492
405,406,62.50238217895201
406,407,64.18143557115665
407,408,61.356865909791615
408,409,60.48104774988561
409,410,62.847485785598835
410,411,62.00850311019798
411,412,57.87954550254823
412,413,58.5968015123703
413,414,57.73154332272046
414,415,108.38289962825172
415,416,56.76087078947855
416,417,59.36894282711525
417,418,124.73504273504312
418,419,62.82412806971091
419,420,63.86085882892247
420,421,134.64757709251026
421,422,64.96179127886545
422,423,126.95867768595002
423,424,121.88095238095168
424,425,60.59692031103953
425,426,126.03174603174658
426,427,62.38065078528651
427,428,121.03125000000071
428,429,60.82478457182744
429,430,0.0
430,431,0.0
431,432,0.0
432,433,0.0
433,434,0.0
434,435,0.0
435,436,0.0
436,437,0.0
437,438,0.0
438,439,0.0
439,440,0.0
440,441,0.0
441,442,0.0
442,443,0.0
443,444,0.0
444,445,80.01351160999226
445,446,82.23305987328018
446,447,86.1215982898951
447,448,91.17209020574802
448,449,94.92523529411663
449,450,106.51913696807891
450,451,114.72947143459125
451,452,117.22709630409723
452,453,88.50023620531755
453,454,89.76581990784767
454,455,43.68807270475535
455,456,40.74147188150888
456,457,35.22924611675451
457,458,34.80301969185169
458,459,30.91501608554702
459,460,30.004892059179003
460,461,28.8756212742871
461,462,30.6517164040247
462,463,29.831853176857475
463,464,20.756137041586186
464,465,41.41943863474833
465,466,29.460892594076594
466,467,28.357529190731306
467,468,26.90669484271326
468,469,26.25798879040656
469,470,16.603806119694827
470,471,16.23275813356089
471,472,32.550129684807686
472,473,33.42677147417127
473,474,17.438304758826035
474,475,17.036261153011786
475,476,25.02124952847231
476,477,24.7282656930438
477,478,25.850953650558363
478,479,25.47666292492125
479,480,27.20581668656024
480,481,26.064252960640047
481,482,49.025757208468626
482,483,23.53645848337342
483,484,23.483735074429415
484,485,45.40170425000591
485,486,46.200033955857165
486,487,46.01846982890261
487,488,43.03305987634706
488,489,43.62832210832388
489,490,43.91601282494901
490,491,0.0
491,492,0.0
