trial_index,pfc_mag_standardized,dms_mag_standardized,prpd_standardized,pfc_mag_filtered,dms_mag_filtered,prpd_filtered,pfc_phase,dms_phase,prpd_phase
1,1.4114442745774176,6.126445083241748,-0.2012563520622038,1.4854292147322408,6.025976286613275,-0.2723474248244271,-0.7913126433430099,-0.8654288658761968,1.661045179936978
2,-0.2617247661468061,1.5669888024737515,1.7639288994930096,1.3815420488455266,5.690042226282038,-0.28165187277745835,-0.17702999482419507,-0.42777547019403994,1.7034369659657327
3,-0.9309923824364956,1.5669888024737515,0.7813362737154029,1.2785515452985725,5.356672195355974,-0.2925531891433235,-0.14998995405582935,-0.4214070137303967,1.707001062442902
4,0.7421766582877283,0.38490754449686376,0.45380539845620066,1.1767311323951373,5.0269607919624875,-0.3050839939253053,0.19795993724072228,-0.17001160440006088,1.7342249927683278
5,-0.2617247661468061,-0.2905674600613578,0.29003996082659955,1.0763452607915622,4.701977886296328,-0.31926708006050963,0.2396815402558671,-0.1604634787490253,1.7396350656526383
6,-0.2617247661468061,0.38490754449686376,0.19178069824883892,0.9776476296528914,4.382760478791574,-0.33511483745504433,0.48415626873359235,0.03277319086751734,1.764235592360646
7,0.40754285014288333,-0.12169870892180246,0.45380539845620066,0.8808795427926612,4.070304967741931,-0.3526287868500744,0.5358643445173971,0.04500129965116059,1.7715874395935258
8,0.07290904199803867,1.0603825490550856,0.36022514838214287,0.7862684133421884,3.7655599216792885,-0.37179923403625564,0.7213049333900097,0.20772710274557532,1.7961438866427217
9,0.07290904199803867,0.2160387933573084,0.29003996082659955,0.6940264314994115,3.4694194359955692,-0.3926050522527097,0.7798616946344928,0.22235678616485066,1.8054685780840987
10,-0.2617247661468061,0.2160387933573083,0.23545148161673252,0.6043494064166777,3.182717138175582,-0.41501359814106,0.9267743363730139,0.36538073386403763,1.830946880441839
11,0.07290904199803867,0.2160387933573084,0.19178069824883892,0.5174157902807011,2.9062208922208197,-0.43898076413943404,0.9900661401978311,0.38223208469741776,1.8422155036955765
12,0.40754285014288333,0.5537762956364193,-0.004737826906682428,0.4333858899839212,2.6406282404032906,-0.4644511676793973,1.1099949382525973,0.5109420877481555,1.8690342959410056
13,-0.2617247661468061,-0.45943621120091344,-0.004737826906682428,0.35240126934234045,2.3865626090821235,-0.4913584750862192,1.176567374934524,0.5298893304628837,1.8821710350974228
14,-0.9309923824364956,-0.6283049623404687,-0.004737826906682428,0.2745843426132041,2.144570294693928,-0.5196258557666253,1.2767041742558745,0.6473322986621686,1.910494879909411
15,0.40754285014288355,-0.290567460061358,-0.004737826906682428,0.20003815815241419,1.9151182360335612,-0.5491665601376509,1.3455293295692832,0.6682822535877917,1.9253907688962213
16,-0.9309923824364956,-0.12169870892180246,-0.004737826906682428,0.12884636923594525,1.6985925693246644,-0.5798846127837326,1.43064791291145,0.7762932163694184,1.9552466444498662
17,-0.2617247661468061,-0.2905674600613578,-0.004737826906682428,0.06107338710540097,1.4952979531446622,-0.6116756104436981,1.500978637466788,0.7991712722893175,1.9717719073647708
18,0.40754285014288333,0.2160387933573084,-0.004737826906682428,-0.0032352907935610555,1.3054576411867032,-0.6444276125257722,1.5743957077987223,0.8988636066850499,2.0031073706567195
19,-0.9309923824364956,-0.4594362112009133,-0.9873304526842892,-0.06405258640113064,1.129214272521847,-0.6780221098769789,1.6456741166218012,0.9236004140328095,2.0211216456909966
20,-0.2617247661468061,-0.4594362112009133,-0.9873304526842892,-0.12136919117044265,0.9666313417124429,-0.7123350555646152,1.709778652219681,1.0155949429926574,2.0538383560854245
21,-0.9309923824364956,0.38490754449686376,-0.9873304526842892,-0.17519277277811934,0.8176953047406199,-0.7472379397266785,1.7815780105890238,1.042108027846552,2.0731987215841974
22,-0.2617247661468061,1.0603825490550853,-1.3148613279434913,-0.2255470516301092,0.6823182710389657,-0.7825988894962795,1.8381439837856794,1.126631052024076,2.107173462536539
23,-0.9309923824364956,0.7226450467759745,-1.4786267655730927,-0.2724707616487739,0.5603412269496555,-0.8182837748230799,1.9101312618127964,1.1547921893404198,2.1277404704735403
24,0.07290904199803867,-0.12169870892180246,-1.5768860281508534,-0.316016511291394,0.4515377320745204,-0.8541573016178117,1.9605121611703837,1.231686090716974,2.1628389244586113
25,-0.9309923824364956,1.3981200513341963,-1.5768860281508534,-0.3562495622320707,0.35561802756955957,-0.890084074833365,2.0324235253536704,1.2612547456668315,2.184480940065434
26,0.07290904199803867,1.5669888024737515,-1.3148613279434913,-0.3932465444195757,0.2722334943282719,-0.9259296157449561,2.077678325759392,1.3299000701466883,2.2205668604649955
27,-0.5963585742916508,3.2556763138693054,-1.4084415780175492,-0.42709412718112816,0.20098139881066734,-0.9615613196886831,2.149302814868282,1.360373811557455,2.2431630194382857
28,1.7460780827222622,0.5537762956364193,-1.4786267655730927,-0.4578876666281809,0.1414098651397921,-0.9968493426464871,2.1902802428186567,1.4194743089604158,2.2801043119044975
29,2.080711890867107,0.047170042217752915,-1.5332152447829597,-0.4857298496711696,0.0930230145426554,-1.0316674070852698,2.261448677912951,1.4497180203507798,2.303546392899566
30,-0.5963585742916508,1.9047263047528624,-1.5768860281508534,-0.510729353964338,0.055286217178486544,-1.0658935192648877,2.298845111759535,1.4968013240135194,2.3412190683795866
31,-0.9309923824364956,-0.12169870892180246,-1.7734045533063747,-0.5329995405127286,0.027631405761308722,-1.0994105918950863,2.3694224225611737,1.524006827759568,2.3654125521318345
32,-0.5963585742916508,-0.290567460061358,-1.7734045533063747,-0.5526571917461223,0.009462403976214076,-1.1321069676835465,2.4038226344536513,1.5542041134658018,2.4037032080110463
33,-0.9309923824364956,1.7358575536133072,-1.7734045533063747,-0.5698213040326771,0.00016022522989316001,-1.1638768410806826,2.473702518718478,1.5704184566086123,2.428567749560069
34,-0.5963585742916508,1.7358575536133072,-1.5768860281508532,-0.584611941329121,-0.0009117009078673383,-1.1946205774372616,2.505608994794484,1.573040783173448,2.4673750297949653
35,1.0768104664325728,0.2160387933573084,-1.5768860281508532,-0.5971491561344707,0.005597584339596631,-1.224244930815399,2.574710197173722,1.5501646033901548,2.492844507147855
36,-0.261724766146806,3.0868075627297507,-1.3803675029953322,-0.6075519841784877,0.019031529467645983,-1.252663163699933,2.6045645937784196,1.4971688039094853,2.5320798399610855
37,-0.9309923824364956,-0.4594362112009132,-1.3803675029953322,-0.6159375192158688,0.03873084444887355,-1.2797950736595531,2.6728282004712383,1.2927962117733682,2.5581020847173415
38,-0.261724766146806,1.3981200513341963,-1.5768860281508532,-0.6224200733525402,0.06403805130809158,-1.3055669334602096,2.701027134509022,1.109725597937682,2.597689895069687
39,-0.261724766146806,1.229251300194641,-1.3803675029953322,-0.6271104267819699,0.09430178517331698,-1.3299113521998511,2.768414411358282,0.20994975418272668,2.6242261776932363
40,-0.261724766146806,0.5537762956364193,-1.3803675029953322,-0.6301151693855015,0.12888082127610723,-1.3527670657882496,2.7953210438039546,0.16186138038380155,2.664103714983499
41,-0.5963585742916508,0.7226450467759745,-1.3803675029953322,-0.6315361356865298,0.16714780665241852,-1.3740786656570412,2.861811516545411,-0.4159716805422748,2.69112804311488
42,-0.5963585742916508,5.450970078683526,-1.3803675029953322,-0.6314699338965015,0.2084926781733687,-1.3937962750149318,2.8877639384607448,-0.2993031910229918,2.731244928468776
43,-0.5963585742916508,1.7358575536133072,-1.3803675029953322,-0.6300075690173134,0.2523257515209687,-1.4118751822472855,2.953353502529442,-0.5223185284648046,2.7587432023980183
44,-0.2617247661468061,1.3981200513341963,-1.3803675029953322,-0.6272341592680745,0.29808046971576774,-1.4282754411843228,2.9786706071685765,-0.4023442813960884,2.799060768130821
45,-0.261724766146806,-0.6283049623404687,-1.3803675029953322,-0.6232287446240231,0.3452158055484774,-1.4429614479577124,3.0433695056215293,-0.5122189823066038,2.8270298215394063
46,-0.5963585742916508,-0.290567460061358,-1.3803675029953322,-0.6180641858998749,0.39321831909284544,-1.45590150407238,3.0683548261321896,-0.4013006564255433,2.8675202905035
47,-0.5963585742916508,-0.2905674600613577,-1.1838489778398105,-0.6118071523668271,0.44160387719563976,-1.4670673751582053,3.1321853873800807,-0.46410445435334524,2.895966833072767
48,0.7421766582877283,3.7622825672879716,-1.1838489778398105,-0.6045181952833316,0.48991904465628267,-1.4764338546245666,-3.1260560462013665,-0.3616185239171514,2.9366123690488126
49,-0.9309923824364956,1.3981200513341963,-1.1838489778398105,-0.5962519040044013,0.5377421570052556,-1.4839783410712046,-3.0630619564992343,-0.39992528039855774,2.9655518411986614
50,-0.9309923824364956,0.89151379791553,-1.1838489778398105,-0.5870571404982777,0.5846840844016332,-1.4896804377418016,-3.0378815816563014,-0.304425915045926,3.0063434934098034
51,-0.9309923824364956,0.38490754449686376,-1.1838489778398105,-0.5769773471189019,0.6303886971578331,-1.4935215815102625,-2.9756853580657996,-0.32801334443097674,3.0357988454558913
52,0.07290904199803867,3.2556763138693063,-1.1838489778398105,-0.5660509216387221,0.6745330459971974,-1.4954847079082956,-2.950003157896192,-0.23834574473468403,3.0767354136352862
53,-0.2617247661468061,1.9047263047528624,-1.1838489778398105,-0.5543116532443834,0.7168272731488206,-1.4955539576189212,-2.8885623946389596,-0.25219129398767454,3.106735832970717
54,-0.2617247661468061,-0.2905674600613578,-1.1838489778398105,-0.5417892133579211,0.7570142730106337,-1.4937144287347883,-2.862126644189067,-0.16750985698485318,-3.135362617560426
55,0.07290904199803867,0.2160387933573083,-1.1838489778398105,-0.5285096951891698,0.7948691236922053,-1.489951977938179,-2.801398096531338,-0.1744504163281149,-3.1047829958922386
56,-0.2617247661468061,-0.2905674600613579,-1.1838489778398105,-0.5144961954291236,0.8301983133117042,-1.4842530726107026,-2.77397214275191,-0.0941341931235543,-3.0635350824944987
57,-0.5963585742916508,0.5537762956364193,-1.3803675029953322,-0.4997694305218916,0.8628387864195187,-1.4766046947343425,-2.713914604554127,-0.09592650358391262,-3.0323384409380747
58,-0.261724766146806,-0.2905674600613578,-1.3803675029953322,-0.484348378798567,0.8926568354357508,-1.466994296327412,-2.6852786143337637,-0.019509685092979567,-2.9909144377787222
59,-0.5963585742916508,0.89151379791553,-1.5768860281508532,-0.46825093869968387,0.9195468598081707,-1.4554098051329312,-2.625855559731886,-0.017313007942047834,-2.9590604756180685
60,-0.5963585742916508,1.229251300194641,-1.5768860281508532,-0.4514945925598858,0.943430012697685,-1.441839678444733,-2.5958082855060534,0.05556255601121464,-2.9174421277536684
61,-0.2617247661468061,3.593413816148417,-1.5768860281508532,-0.4340970650508089,0.9642527522171119,-1.4262730024174162,-2.5369900800476217,0.060943690956636036,-2.8848891592695214
62,-0.9309923824364956,0.38490754449686376,-1.3803675029953322,-0.41607696531375704,0.9819853122907906,-1.408699634002267,-2.50535039748389,0.13056012713603168,-2.8430559142928056
63,-0.5963585742916508,2.4113325581715284,-1.3803675029953322,-0.397454401972499,0.9966201077653877,-1.3891103827325,-2.4471159158546953,0.13854406508506253,-2.809761848623361
64,-0.5963585742916508,0.38490754449686376,-1.3803675029953322,-0.3782515605684388,1.0081700896646368,-1.3674972298080734,-2.4137239663221597,0.20512882414423406,-2.7676916568212544
65,-0.5963585742916508,1.0603825490550856,-1.1838489778398105,-0.3584932335354753,1.0166670686792403,-1.3438535821363315,-2.356061529673575,0.21528061771632295,-2.7336148685697252
66,-0.5963585742916508,-0.45943621120091327,-1.1838489778398105,-0.33820729363228164,1.0221600269324822,-1.3181745590629217,-2.3207793935915704,0.2790211241947488,-2.6912848766241346
67,-0.9309923824364956,0.2160387933573084,-0.987330452684289,-0.31742510268982466,1.024713438940673,-1.2904573094469753,-2.263687015340712,0.2910061400822327,-2.656384992820991
68,-0.5963585742916508,-0.2905674600613578,-0.987330452684289,-0.29618184853520607,1.0244056221611402,-1.2607013564808573,-2.2263989247563023,0.3520599083848478,-2.613772156298855
69,-0.5963585742916508,0.2160387933573084,-0.987330452684289,-0.27451680405825185,1.0213271355485223,-1.2289089671970719,-2.169883916873763,0.3656141421753894,-2.5780107829808676
70,-0.9309923824364956,0.2160387933573084,-0.987330452684289,-0.2524735036704921,1.0155792413803177,-1.1950855429313454,-2.1304960755703837,0.4241157299434538,-2.5350924134226167
71,-0.261724766146806,0.7226450467759745,-0.987330452684289,-0.2300998338505156,1.0072724417976766,-1.159240026169396,-2.0745741066645937,0.4390259251698908,-2.4984338094775405
72,-0.5963585742916508,0.89151379791553,-1.1838489778398105,-0.20744803598435713,0.9965250976349121,-1.1213853182976112,-2.033014221202082,0.4950916870267006,-2.4551880529721917
73,-0.9309923824364956,0.89151379791553,-1.1838489778398105,-0.18457462121288473,0.9834621336642909,-1.0815387019259435,-1.977707943627124,0.5111814967770667,-2.4175997373395233
74,-0.5963585742916508,-0.6283049623404687,-1.1838489778398105,-0.16154019845445947,0.9682138316411698,-1.0397222607732202,-1.93392459352973,0.5649128511874465,-2.3740059613470272
75,-0.5963585742916508,1.0603825490550856,-1.3803675029953322,-0.13840921823703728,0.9509147104469274,-0.9959632897055648,-1.879261973284867,0.5820329206524866,-2.335459222735
76,1.0768104664325728,-0.12169870892180246,-1.3803675029953322,-0.11524963655661564,0.9317024907635819,-0.95029468746453,-1.8332239561604284,0.6335186420274361,-2.291498278395035
77,-0.2617247661468061,1.5669888024737515,-1.3803675029953322,-0.09213250457761092,0.9107171396000356,-0.9027553249361454,-1.779236442207899,0.6515393582842938,-2.2519685549835633
78,-0.261724766146806,1.5669888024737515,-1.1838489778398105,-0.06913149116698956,0.8880999876169026,-0.8533903824996308,-1.730932232985391,0.7008572613822831,-2.2076228902011117
79,-0.261724766146806,2.580201309311084,-1.1838489778398105,-0.04632234563382895,0.8639929101200601,-0.8022516510265747,-1.6776529170692205,0.7196634296237985,-2.16709000274132
80,-0.2617247661468061,2.9179388115901945,-0.987330452684289,-0.023782307837468618,0.8385375615839763,-0.7493977923706907,-1.6270903873385587,0.7668817558153125,-2.122343625073289
81,-0.2617247661468061,1.229251300194641,-0.7908119275287678,-0.0015894726680086499,0.8118746542393296,-0.6948945565250778,-1.5745522858539196,0.7863688003084638,-2.0807918750708123
82,-0.2617247661468061,-0.290567460061358,-0.7908119275287678,0.020177883791948296,0.784143273733153,-0.6388149538690917,-1.5217587480475276,0.8315475716586108,-2.035630194748697
83,0.07290904199803867,0.89151379791553,-0.5942934023732466,0.041442008401861075,0.7554802284098213,-0.5812393819728029,-1.469993215723584,0.8516190094243203,-1.9930483687098777
84,-0.5963585742916508,0.2160387933573084,-0.5942934023732466,0.06212639648168469,0.7260194318987706,-0.5222557072198826,-1.4150157105370085,0.8948114853343904,-1.9474579768560543
85,-0.9309923824364956,1.7358575536133072,-0.39777487721772525,0.08215652886592732,0.6958913201983729,-0.46195930205272706,-1.3640508905138007,0.9153774036929547,-1.903839313072432
86,-0.9309923824364956,-0.12169870892180246,-0.2012563520622038,0.10146060959563466,0.6652223043093429,-0.40045303897752765,-1.3069565565254395,0.9566316258465287,-1.8578077571126805
87,1.0768104664325728,3.7622825672879716,-0.2012563520622038,0.11997029193054867,0.6341342587153496,-0.33784724261877325,-1.2568157429514846,0.9776078985145078,-1.8131499287155681
88,0.7421766582877285,-0.6283049623404687,-0.2012563520622038,0.1376213784410641,0.6027440456735906,-0.27425960106830705,-1.197692077948238,1.0169682998260745,-1.7666655390247634
89,3.7538809315913304,1.0603825490550856,-0.2012563520622038,0.15435447901574106,0.5711630758653338,-0.20981503752186906,-1.1483918868639353,1.0382763928643097,-1.720970693838436
90,1.4114442745774172,-0.4594362112009133,-0.004737826906682482,0.17011560987120453,0.5394969073511534,-0.1446455427945717,-1.0873467671921337,1.0757855083234795,-1.67402250138941
91,0.07290904199803867,2.580201309311084,-0.004737826906682482,0.18485671820748148,0.507844886258816,-0.07888996887379723,-1.03889519603529,1.097352802903724,-1.6272973815371075
92,1.4114442745774176,0.047170042217752915,-0.004737826906682482,0.19853612112248772,0.4762998334444293,-0.012693783285711895,-0.9760567837797688,1.1330530939180161,-1.5798751484160773
93,1.0768104664325728,0.89151379791553,0.19178069824883887,0.21111885254938886,0.4449477815778965,0.05379121628245777,-0.9284515673610818,1.1548136165886336,-1.5321312927760653
94,-0.5963585742916508,-0.6283049623404687,-0.004737826906682482,0.22257691665456011,0.4138677674117244,0.12040722797807518,-0.8639684594304283,1.188749340984572,-1.4842256603721453
95,0.7421766582877283,0.5537762956364193,0.19178069824883887,0.23288944954532034,0.3831316846123345,0.18699081356321068,-0.8171961844339932,1.21064474409804,-1.4354796778247423
96,0.07290904199803867,-0.4594362112009133,0.19178069824883887,0.24204279341400162,0.3528042028865864,0.25337330937882774,-0.7512379833379447,1.2428637485030463,-1.387082426709554
97,-0.5963585742916508,-0.2905674600613578,0.19178069824883887,0.2500304885953962,0.32294275866064803,0.3193812820269225,-0.7052741269041988,1.2648443378916416,-1.3373563183831323
98,-0.5963585742916508,-0.2905674600613579,0.19178069824883887,0.2568531894883518,0.2935976212627019,0.3848370303205661,-0.6380322725071633,1.295399581607806,-1.288460725671503
99,0.7421766582877283,-0.6283049623404687,0.19178069824883887,0.2625185099718367,0.26481203669687936,0.44955913494706756,-0.5928420565366401,1.3174251296338138,-1.2377822259453883
100,2.080711890867107,-0.2905674600613578,0.19178069824883887,0.2670408029646198,0.23662244884206002,0.5133630570483896,-0.5245305417471157,1.3463757085928771,-1.1883834982283479
101,1.4114442745774172,-0.2905674600613578,0.19178069824883887,0.27044087758809304,0.20905879534808364,0.5760617865061542,-0.48007036368731654,1.3684157897796276,-1.136786397326262
102,1.0768104664325728,-0.2905674600613579,0.19178069824883887,0.27274565700046355,0.18214487276227254,0.6374665400900372,-0.41092590196885875,1.3958272635029698,-1.086882150586555
103,-0.5963585742916508,-0.4594362112009133,0.3882992234043603,0.27398778125491596,0.15589876268320174,0.6973875087771122,-0.36714516471749126,1.417860917523893,-1.0344065564287144
104,-0.5963585742916508,0.047170042217752915,0.5848177485598817,0.2742051622165516,0.1303333081605232,0.7556346524980168,-0.2974265819182224,1.4438048361572442,-0.9839973092641607
105,-0.9309923824364956,2.9179388115901945,0.7813362737154029,0.2734405002291433,0.10545662724209058,0.8120185393935578,-0.25427003794067077,1.465819485550847,-0.9306898054957518
106,-0.9309923824364956,2.073595055892418,0.5848177485598817,0.27174077336440966,0.08127264881114775,0.8663512255236663,-0.18425697046794043,1.490372157297807,-0.8797794532282351
107,0.7421766582877283,0.5537762956364193,0.7813362737154029,0.2691567091490211,0.05778165544738738,0.9184471700166479,-0.1416677931756464,1.5123618742698157,-0.8256931196639123
108,-0.261724766146806,-0.6283049623404687,0.7813362737154029,0.2657422461597652,0.034980819799954224,0.9681241799270758,-0.07165867368327819,1.5356025812561998,-0.7742893681161808
109,0.7421766582877283,0.047170042217752915,0.9778547988709242,0.26155398990837625,0.012864724542115832,1.0152043784970384,-0.029582052500486483,1.5575659542412994,-0.7194836478156305
110,0.07290904199803867,-0.6283049623404687,1.1743733240264458,0.25665066503352896,-0.008574140341556694,1.0595151899865043,0.0401090482580325,1.5795749078543666,-0.6675983984245529
111,1.4114442745774176,-0.12169870892180246,1.1743733240264458,0.25109256444358063,-0.02934490709932104,1.1008903337621712,0.08172243599541944,1.6015127486180583,-0.6121388094701959
112,1.7460780827222622,0.7226450467759747,0.9778547988709242,0.24494099564805702,-0.0494578905768633,1.1391708200084276,0.1507706793757124,1.622368954048914,-0.5597884914210182
113,-0.9309923824364956,-0.4594362112009133,1.1743733240264458,0.23825772496121086,-0.0689241842905148,1.1742059393123947,0.1919620141326809,1.6442819250351288,-0.503746188823923
114,-0.9309923824364956,0.2160387933573084,1.1743733240264458,0.23110442151817082,-0.08775529809063172,1.2058542384139326,0.2600387080192102,1.6640610019981545,-0.4509520352551708
115,1.7460780827222626,3.2556763138693063,1.1743733240264458,0.22354210465811905,-0.10596284382722665,1.2339844744593922,0.30083968677026196,1.685947223193755,-0.39440323646776343
116,-0.5963585742916508,1.7358575536133067,1.1743733240264458,0.2156305992544712,-0.12355827522248201,1.2584765400707036,0.367621227672774,1.704719315689257,-0.34119150195105546
117,3.0846133153016413,0.047170042217752915,1.370891849181967,0.2074280035767236,-0.1405526867312634,1.2792223514559835,0.40805433940083535,1.7265721638950342,-0.2842167924349419
118,-0.2617247661468061,-0.2905674600613579,1.370891849181967,0.1989901740211628,-0.15695667299713956,1.2961266916914234,0.4732329587117533,1.7444002304764887,-0.23061890224987552
119,-0.5963585742916508,-0.45943621120091327,1.370891849181967,0.19037023167224543,-0.17278024603759717,1.309108001239041,0.5133136815771779,1.7662066682444761,-0.17330243562929668
120,0.07290904199803867,-0.6283049623404687,1.370891849181967,0.1816180973484585,-0.18803280318978294,1.3180991077844508,0.5766097111997013,1.7831454668173055,-0.11935505161388402
121,1.0768104664325728,-0.2905674600613578,1.370891849181967,0.17278006362278367,-0.20272313659997382,1.3230478876180445,0.6163508039392577,1.8048851433302056,-0.061783661199489255
122,-0.9309923824364956,-0.2905674600613579,1.5674103743374883,0.16389841325896945,-0.21685947476707976,1.3239178510174143,0.6775257987881512,1.8209809927834333,-0.007528650409841436
123,-0.9309923824364956,-0.6283049623404687,1.5674103743374883,0.1550110934604236,-0.23044954752944108,1.320688644375321,0.71694330694049,1.8426260631354807,0.05020910431773335
124,-0.5963585742916508,-0.6283049623404687,1.5674103743374883,0.14615145478817732,-0.2435006671172501,1.3133564621700733,0.7758128413626547,1.8579171896580498,0.10472480653418233
125,-0.5963585742916508,-0.4594362112009133,1.5674103743374883,0.1373480626191825,-0.2560198191323249,1.3019343623650548,0.8149329433201524,1.8794326143785627,0.1625396289744114
126,-0.261724766146806,-0.12169870892180246,1.5674103743374883,0.1286245872074723,-0.2680137585716557,1.2864524795009382,0.8713776420948638,1.893949823441586,0.2172642642408195
127,-0.2617247661468061,-0.6283049623404687,1.5674103743374883,0.11999977583392146,-0.27948910733902166,1.266958130584322,0.910243159714423,1.9152939170584575,0.2750671110124977
128,0.07290904199803867,-0.6283049623404687,1.5674103743374883,0.11148750778608207,-0.2904524509916782,1.243515809818557,0.9642164940411421,1.929061389398539,0.3299444456474302
129,0.07290904199803867,0.2160387933573084,1.5674103743374883,0.10309693054288643,-0.3009104336132903,1.2162070692265534,1.0028918123379533,1.9501864556303274,0.38764747865646876
130,-0.261724766146806,0.38490754449686376,1.370891849181967,0.09483267375294112,-0.31086985068245837,1.185130283273931,1.054423450061246,1.9632225502411158,0.44261723854210944
131,-0.5963585742916508,-0.6283049623404687,1.370891849181967,0.08669513635239048,-0.32033774058055126,1.1504002967064209,1.0929967292743168,1.9840755318404575,0.5001346981617227
132,-0.5963585742916508,-0.4594362112009133,1.370891849181967,0.07868084124673294,-0.3293214757520716,1.1121479559275775,1.1421905906321232,1.9963935793711192,0.5551330698035195
133,-0.596358574291651,0.89151379791553,1.370891849181967,0.07078285099661064,-0.33782885442726873,1.0705195252992277,1.1807723228091305,2.0169167533066843,0.6123820330871361
134,-0.5963585742916508,-0.6283049623404687,1.370891849181967,0.0629912365442453,-0.3458681935030975,1.0256759907229605,1.2277988834559825,2.028525921166649,0.6673422081496991
135,0.07290904199803867,-0.2905674600613579,1.370891849181967,0.05529358910663612,-0.3534484228711486,0.9777922538071823,1.2665162048994996,2.0486577555406984,0.7242432057869147
136,1.4114442745774176,1.2292513001946408,1.370891849181967,0.047675563188335976,-0.3605791810882913,0.9270562209292023,1.31159928562261,2.0595641242847886,0.7790959495440716
137,1.4114442745774176,-0.6283049623404687,1.1743733240264458,0.040121436761543824,-0.3672709116902377,0.8736677926289116,1.3505863295536038,2.079240451269662,0.8355734289086838
138,-0.2617247661468061,-0.2905674600613579,0.9778547988709242,0.03261467375407767,-0.37353495864471176,0.8178377600284825,1.3939857688028463,2.089448455608787,0.8902476565273912
139,0.07290904199803867,-0.6283049623404687,0.7813362737154029,0.025138474602941215,-0.37938365844267397,0.75978661629857,1.4333715972095367,2.108604119775115,0.9462302867897115
140,0.07290904199803867,-0.4594362112009133,0.7813362737154029,0.017676302476676706,-0.3848304253492047,0.6997432924465561,1.4753643064238104,2.118118487136968,1.000653627345005
141,2.7499795071567963,-0.12169870892180246,0.5848177485598817,0.010212374808276515,-0.38988982582010906,0.6379438277248107,1.515260769122817,2.1366895828766794,1.056074442476937
142,0.07290904199803867,-0.6283049623404687,0.5848177485598817,0.0027321113373370877,-0.39457763822410924,0.5746299856603869,1.5561228769513296,2.1455178108676556,1.1101737632344133
143,0.7421766582877283,-0.6283049623404687,0.5848177485598817,-0.0047774686211529,-0.39891089452929035,0.5100478271215437,1.5966145540113417,2.163444499103827,1.1649701400590209
144,-0.5963585742916508,-0.6283049623404687,0.3882992234043603,-0.012327404698049601,-0.4029079011982358,0.44444625205757443,1.6366067311105117,2.171599770569446,1.2186720062238012
145,0.7421766582877283,-0.2905674600613579,0.19178069824883887,-0.019926511914159846,-0.4065882371530813,0.3780755216723182,1.677744442968331,2.1888295334758445,1.2727854873112923
146,0.07290904199803867,-0.6283049623404687,0.19178069824883887,-0.02758115463478139,-0.4099727274351031,0.3111857728645198,1.717101633678368,2.196333864288196,1.3260165469874945
147,-0.261724766146806,-0.2905674600613579,0.19178069824883887,-0.035295076029941794,-0.41308339208068434,0.2440255367617576,1.7589000587452166,2.2128249742182104,1.3793925350290779
148,-0.5963585742916508,-0.2905674600613579,0.19178069824883887,-0.04306928019745634,-0.41594337060688125,0.1768402730356251,1.7978256952626277,2.219712328237514,1.4320798336630896
149,-0.9309923824364956,-0.4594362112009133,0.19178069824883887,-0.05090196367061027,-0.41857682321586814,0.10987093143591978,1.8402645443927401,2.2354372522837433,1.4846671951828445
150,0.40754285014288333,-0.2905674600613579,-0.004737826906682482,-0.058788493068906246,-0.42100881035901006,0.04335255173658349,1.8789283907573717,2.2417563294288523,1.5367384348099962
151,-0.2617247661468061,0.047170042217752915,-0.2012563520622038,-0.06672142637124992,-0.42326515266781106,-0.02248708684444447,1.9219559972232048,2.2567047708603436,1.5884890598251193
152,0.40754285014288355,-0.2905674600613578,-0.2012563520622038,-0.07469057650190816,-0.4253722734800541,-0.08742875570535763,1.9604944559106885,2.2625211813079362,1.6398728297445488
153,2.080711890867107,-0.6283049623404687,-0.39777487721772525,-0.08268311699659248,-0.42735702624722227,-0.15126299536801133,2.0040326222211067,2.276702461553419,1.6907411991957195
154,-0.2617247661468061,-0.4594362112009133,-0.5942934023732466,-0.09068372981203442,-0.4292465089974938,-0.21379125154578318,2.042550552635161,2.282100019451154,1.741367207815898
155,0.40754285014288355,-0.4594362112009133,-0.7908119275287678,-0.09867479447839045,-0.43106786788541446,-0.2748269182405573,2.0864999661596335,2.295544512147242,1.7913100122139318
156,-0.2617247661468061,-0.6283049623404687,-0.987330452684289,-0.10663661584354944,-0.4328480919254745,-0.3341962779449549,2.125073627441917,2.300625405324823,1.841109339585011
157,-0.5963585742916508,0.047170042217752915,-0.987330452684289,-0.11454768529182682,-0.43461380138526895,-0.39173932994559507,2.1693197038525005,2.313384742993103,1.8900851744388345
158,0.7421766582877283,0.7226450467759745,-0.987330452684289,-0.12238496845146608,-0.4363910328558143,-0.4473104990167203,2.2080007374717003,2.3182683652374783,1.938990551076605
159,-0.9309923824364956,-0.2905674600613579,-0.987330452684289,-0.13012421148406608,-0.43820502439339964,-0.5007792184444811,2.2524197917376823,2.3304141819149327,1.9869596981204745
160,-0.5963585742916508,-0.6283049623404687,-0.987330452684289,-0.13774025786207716,-0.4400800039707992,-0.5520303832034281,2.2912399325635118,2.3352345165156416,2.034905807179258
161,0.07290904199803867,-0.6283049623404687,-0.987330452684289,-0.14520736770915724,-0.4420389836832326,-0.6009646710374769,2.3357052803702203,2.346855645779808,2.0818301041289535
162,-0.261724766146806,-0.4594362112009133,-0.987330452684289,-0.15249953219644236,-0.4441035611551123,-0.6474987310327559,2.374681250773011,2.351757296422495,2.1287539095831467
163,-0.9309923824364956,-0.6283049623404687,-0.987330452684289,-0.15959077618373987,-0.4462937290471294,-0.6915652409407201,2.4190687730900096,2.362955559926287,2.174596721127317
164,-0.5963585742916508,-0.6283049623404687,-0.987330452684289,-0.16645544314397753,-0.4486276937398494,-0.7331128360027841,2.458206879919113,2.3680886908053065,2.220437843057688
165,-0.2617247661468061,0.047170042217752915,-0.7908119275287678,-0.1730684573061909,-0.4511217049339385,-0.7721059133452121,2.5023997231532276,2.37897352464865,2.26516416275678
166,-0.5963585742916508,-0.4594362112009133,-0.7908119275287678,-0.17940555902228278,-0.4537898986966231,-0.808524317144521,2.541699837602518,2.3844880169245,2.309865338899497
167,-0.9309923824364956,-0.6283049623404687,-0.987330452684289,-0.185443510694237,-0.4566441571467499,-0.8423629106663296,2.5855920677223705,2.3951702465797444,2.3534420645913454
168,0.40754285014288333,-0.2905674600613579,-1.1838489778398105,-0.1911602720397371,-0.45969398838276837,-0.8736310419089854,2.6250507889511447,2.401209451257481,2.3969497495689773
169,-0.5963585742916508,-0.4594362112009133,-0.987330452684289,-0.19653514485053453,-0.462946430476846,-0.9023519099789742,2.6685499082433006,2.41179466613988,2.4393461827881597
170,0.40754285014288333,0.2160387933573084,-1.1838489778398105,-0.20154888860412778,-0.46640598356074103,-0.928561839649053,2.7081628026641926,2.4184892636745245,2.4816113420214583
171,-0.2617247661468061,1.2292513001946408,-1.1838489778398105,-0.20618380915082496,-0.47007457423301224,-0.9523094719659952,2.7511911433470804,2.4290713882805655,2.5227999597597366
172,0.07290904199803867,1.3981200513341963,-0.987330452684289,-0.21042382304986007,-0.47395155639085007,-0.9736548793216799,2.790954094794475,2.4365339492073135,2.5637791048099503
173,-0.5963585742916508,-0.6283049623404687,-0.987330452684289,-0.21425450001270419,-0.47803375156128763,-0.9926686140119652,2.8334492626449097,2.4471896837179026,2.603736631914269
174,-0.2617247661468061,-0.6283049623404687,-0.987330452684289,-0.2176630855659769,-0.4823155295136658,-1.0094306998853844,2.873359133524153,2.45551055199276,2.6433931190902538
175,-0.5963585742916508,-0.6283049623404687,-0.987330452684289,-0.2206385057674727,-0.48678892681094194,-1.0240295771255812,2.9152737937389137,2.466295369495733,2.68210190396095
176,-0.261724766146806,-0.6283049623404687,-0.987330452684289,-0.22317135583380646,-0.4914437981925308,-1.0365610104446223,2.955328642859061,2.4755404206815914,2.7204074962035483
177,-0.9309923824364956,-0.4594362112009133,-0.7908119275287677,-0.22525387494242666,-0.4962679942637702,-1.0471269709943793,2.996629875958017,2.4864866136796717,2.7578571750760115
178,0.40754285014288333,-0.6283049623404687,-0.7908119275287677,-0.22687991017255568,-0.5012475588984566,-1.0558345021786963,3.036828828154707,2.4966970786575864,2.7947938524711535
179,1.0768104664325728,-0.6283049623404687,-0.7908119275287677,-0.22804487337956073,-0.5063669403806449,-1.0627945792749478,3.0774970771593244,2.5078138459610013,2.8309832725559607
180,0.40754285014288355,-0.6283049623404687,-0.9873304526842892,-0.2287456954288354,-0.5116092110714678,-1.0681209723028762,3.117839751971097,2.5190078757346295,2.866545258187176
181,-0.9309923824364956,-0.6283049623404687,-0.9873304526842892,-0.22898078212794065,-0.5169562911246312,-1.071929120901921,-3.125318047975997,2.530282994070289,2.9014846068900986
182,-0.5963585742916508,-0.6283049623404687,-0.9873304526842892,-0.2287499751138881,-0.5223891725272272,-1.0743350291944236,-3.084832637881635,2.5424583744346,2.935680546127221
183,0.07290904199803867,-0.12169870892180246,-1.1838489778398105,-0.22805451939980312,-0.5278881405357648,-1.0754541878819512,-3.045443877315042,2.5538608612918674,2.969393599210215
184,-0.9309923824364956,-0.2905674600613579,-0.9873304526842892,-0.22689703825682905,-0.533432990345098,-1.0754005302598422,-3.0048188279833377,2.566998289218782,3.0022487863739595
185,0.7421766582877283,-0.6283049623404687,-0.9873304526842892,-0.22528151606210828,-0.5390032374206623,-1.0742854284625718,-2.966059384129583,2.5784815190008112,3.0347751325573733
186,0.07290904199803867,-0.6283049623404687,-1.1838489778398105,-0.2232132902724138,-0.5445783202112279,-1.0722167360257995,-2.9253016348893697,2.592547977896693,3.0663336106293975
187,-0.5963585742916508,-0.4594362112009133,-1.1838489778398105,-0.2206990541032971,-0.5501377939959595,-1.0692978827012631,-2.8871571777683793,2.60405285626479,3.0977306351497442
188,-0.261724766146806,-0.6283049623404687,-0.9873304526842892,-0.21774687143282748,-0.555661514652957,-1.0656270273487765,-2.8462795719704115,2.6190047970718644,3.128056917289964
189,-0.5963585742916508,-0.6283049623404687,-0.9873304526842892,-0.2143662050196357,-0.5611298113647338,-1.061296274675508,-2.8087338022518265,2.6304627515863945,-3.12478404909112
190,0.7421766582877283,-0.6283049623404687,-0.9873304526842892,-0.21056795877220524,-0.5665236476899267,-1.0563909616052876,-2.7677576752034625,2.6462489164342093,-3.0956039453815967
191,1.7460780827222622,-0.6283049623404687,-0.9873304526842892,-0.2063645347905049,-0.571824770934376,-1.0509890190642333,-2.7307958368198877,2.6575845545010246,-3.066215794712803
192,0.40754285014288355,-0.4594362112009133,-0.9873304526842892,-0.20176990582630233,-0.5770158503090614,-1.045160414868507,-2.689754304926045,2.6741483484415767,-3.03807433031764
193,-0.2617247661468061,1.229251300194641,-0.7908119275287677,-0.19679970285388204,-0.5820806049254367,-1.038966683181568,-2.6533674700577623,2.6852816982231076,-3.0095265889730753
194,-0.9309923824364956,-0.6283049623404687,-0.7908119275287677,-0.19147131524486666,-0.5870039230432246,-1.0324605457119462,-2.6123095868718367,2.7025630847942943,-2.982295994798493
195,-0.261724766146806,-0.6283049623404687,-0.7908119275287677,-0.1858039983123962,-0.5917719737696329,-1.0256856294473795,-2.5764998065335973,2.713411427425966,-2.954455578831145
196,-0.5963585742916508,-0.6283049623404687,-0.5942934023732465,-0.1798189810169528,-0.5963723114260739,-1.0186762852089761,-2.535495499804749,2.731348431960469,-2.9279906415376153
197,-0.2617247661468061,-0.6283049623404687,-0.39777487721772514,-0.17353956611227414,-0.6007939714713154,-1.0114575106042223,-2.5002815986128004,2.7418278619678604,-2.9007106669707903
198,-0.5963585742916508,-0.6283049623404687,-0.5942934023732465,-0.1669912156467607,-0.6050275559498338,-1.004044980028738,-2.4594270877219344,2.7603578766669323,-2.8748530239065824
199,0.7421766582877283,-0.6283049623404687,-0.5942934023732465,-0.16020161580393164,-0.6090653062619993,-0.9964451831793815,-2.424850942887962,2.770384791665461,-2.8479777350509248
200,-0.2617247661468061,-0.4594362112009133,-0.5942934023732465,-0.1532007160484343,-0.6129011613912992,-0.9886556720910598,-2.384274661718974,2.7894458541467424,-2.822561476338055
201,-0.261724766146806,-0.6283049623404687,-0.39777487721772514,-0.14602073816104097,-0.6165308002123598,-0.9806654150894577,-2.3504083047118436,2.798938482901525,-2.795932278900946
202,-0.9309923824364956,-0.6283049623404687,-0.39777487721772514,-0.13869615087778348,-0.6199516669561411,-0.9724552543982241,-2.310277806690295,2.8184705745365175,-2.770790430943972
203,-0.9309923824364956,-0.6283049623404687,-0.39777487721772514,-0.1312636057175088,-0.6231629792817659,-0.9639984624906468,-2.277232046238846,2.827350545890382,-2.744252507100426
204,-0.5963585742916508,-0.6283049623404687,-0.5942934023732465,-0.12376182976238426,-0.6261657187313373,-0.9552613905572319,-2.2377625280651703,2.847296889409114,-2.7192238029936946
205,-0.5963585742916508,-0.4594362112009133,-0.7908119275287677,-0.11623147213301413,-0.628962603688483,-0.9462042006237639,-2.2056979237689354,2.855490815487496,-2.692632666107583
206,-0.5963585742916508,-0.6283049623404687,-0.7908119275287677,-0.10871490266512195,-0.6315580453426286,-0.936781670995149,-2.167163075809634,2.875799141647857,-2.6675679391425224
207,-0.5963585742916508,-0.6283049623404687,-0.9873304526842892,-0.10125596343734027,-0.63395808753091,-0.9269440630257446,-2.136304421983369,2.883240185177077,-2.64079527331492
208,0.07290904199803867,-0.4594362112009133,-1.1838489778398105,-0.0938996759085473,-0.6361703316376193,-0.9166380359179159,-2.099050747679755,2.903863934662833,-2.6155628505207584
209,-0.261724766146806,-0.4594362112009133,-1.1838489778398105,-0.08669190830442283,-0.638203847980198,-0.9058075954206489,-2.0697071005544103,2.9104933275561367,-2.5885010810252744
210,-0.2617247661468061,-0.12169870892180246,-1.1838489778398105,-0.0796790094586227,-0.6400690753134061,-0.8943950619594833,-2.034173680215272,2.9313927560607405,-2.5629907102926412
211,0.07290904199803867,-0.6283049623404687,-1.1838489778398105,-0.07290741647619267,-0.6417777101818,-0.8823420438630111,-2.0067672798692473,2.937161242675591,-2.5355559597297797
212,-0.5963585742916508,-0.6283049623404687,-1.1838489778398105,-0.06642324435443331,-0.6433425877501068,-0.8695904018881166,-1.9735139713814476,2.9583044091442035,-2.5096810483940604
213,2.7499795071567963,-0.4594362112009133,-1.380367502995332,-0.06027186619361784,-0.6447775554514334,-0.8560831920549138,-1.9486231864140522,2.9631736027269873,-2.481814395360326
214,0.07290904199803867,-0.6283049623404687,-1.1838489778398105,-0.054497492819098554,-0.6460973404829815,-0.8417655747683341,-1.9183714368355689,2.9845372398163006,-2.4555125974073513
215,0.40754285014288333,-0.6283049623404687,-1.1838489778398105,-0.04914276009609432,-0.6473174120258015,-0.8265856792908285,-1.8967953372605415,2.9884808934003533,-2.4271797916509237
216,-0.5963585742916508,-0.6283049623404687,-1.1838489778398105,-0.04424833054120507,-0.6484538390999378,-0.8104954138421119,-1.8704869826088422,3.0100511601351316,-2.4004121835503422
217,-0.5963585742916508,-0.6283049623404687,-0.9873304526842892,-0.03985251338892528,-0.6495231451219187,-0.7934512128965662,-1.8533422187278252,3.013056328746334,-2.3716021295470306
218,-0.2617247661468061,-0.2905674600613579,-0.9873304526842892,-0.03599090519245746,-0.6505421604617093,-0.7754147145346931,-1.8322215800865864,3.0348294066035604,-2.3443513289882145
219,1.7460780827222622,-0.6283049623404687,-0.9873304526842892,-0.032696052211631736,-0.6515278745616782,-0.7563533618926639,-1.8210840547421014,3.0368974269695452,-2.315073718859168
220,-0.5963585742916508,0.38490754449686376,-1.1838489778398105,-0.02999713609875937,-0.6524972893808594,-0.7362409237951713,-1.8068031875038368,3.0588798830083768,-2.2873413305873522
221,0.7421766582877283,-0.6283049623404687,-1.1838489778398105,-0.02791968476833564,-0.6534672759125046,-0.7150579305711162,-1.8039013464253046,3.060027072902356,-2.2576237980422835
222,-0.261724766146806,-0.6283049623404687,-0.987330452684289,-0.02648531000894203,-0.6544544351611981,-0.692792021948442,-1.7986265393721017,3.0822359205113816,-2.229427530466811
223,0.07290904199803867,-0.6283049623404687,-0.987330452684289,-0.025711472386591806,-0.6554749642741124,-0.669438204942952,-1.807059194207706,3.082493932160838,-2.1993126307486444
224,0.07290904199803867,-0.4594362112009133,-0.7908119275287678,-0.02561127290131611,-0.6565445277581793,-0.6449990208351805,-1.8134882048261143,3.104956379002107,-2.1706833469393803
225,-0.2617247661468061,-0.6283049623404687,-0.987330452684289,-0.026193270134392165,-0.6576781332214626,-0.6194846215618276,-1.8373168587214619,3.104372205709104,-2.1402255838546473
226,-0.5963585742916508,-0.4594362112009133,-0.987330452684289,-0.02746132130159667,-0.6588900109554049,-0.5929127569912044,-1.8583387476961417,3.1271251277638856,-2.1112044725883097
227,0.40754285014288333,-0.6283049623404687,-0.7908119275287678,-0.0294144456273578,-0.6601934967521852,-0.5653086755686635,-1.902076375172038,3.125760775471583,-2.080467523587831
228,-0.2617247661468061,-0.6283049623404687,-0.7908119275287678,-0.03204670875483007,-0.6616009174438252,-0.5367049417879167,-1.939498598166051,-3.1343353738456328,-2.0511035124509105
229,0.7421766582877283,-0.6283049623404687,-0.7908119275287678,-0.035347127422163595,-0.6631234787193605,-0.5071411749444953,-2.006014732492349,-3.1364035809816486,-2.0201577424174832
230,-0.9309923824364956,-0.6283049623404687,-0.5942934023732466,-0.039299594099801625,-0.6647711548743888,-0.47666371464039403,-2.057825751239818,-3.112924605174504,-1.9905052184246377
231,0.07290904199803867,-0.6283049623404687,-0.39777487721772525,-0.04388282145484512,-0.6665525803199318,-0.4453252194590893,-2.1441685744429066,-3.115607136831806,-1.9594255235281897
232,-0.2617247661468061,-0.4594362112009133,-0.39777487721772525,-0.04907030647177793,-0.6684749429244343,-0.41318420605059364,-2.201822277683656,-3.091678309805592,-1.929542387747993
233,0.40754285014288333,-0.6283049623404687,-0.2012563520622038,-0.05483031414448772,-0.6705438795368353,-0.38030453648710955,-2.2963651994131937,-3.094874003754275,-1.8984063827306192
234,-0.9309923824364956,-0.6283049623404687,-0.39777487721772525,-0.06112588101735977,-0.6727633742765954,-0.34675486209568873,-2.346905034267294,-3.070430538009164,-1.8683524452836673
235,-0.5963585742916508,-0.6283049623404687,-0.2012563520622038,-0.06791483933857195,-0.6751356603452325,-0.3126080320291169,-2.434098807775192,-3.0740286569242925,-1.8372389915843328
236,-0.5963585742916508,-0.6283049623404687,-0.004737826906682482,-0.07514986311129328,-0.6776611262431251,-0.2779404746761132,-2.4676666893846404,-3.049003026660223,-1.8070746975045209
237,0.07290904199803867,-0.6283049623404687,-0.004737826906682482,-0.08277853812192752,-0.6803382274298719,-0.2428315597344267,-2.5370259070205816,-3.05288576987446,-1.776062751751568
238,0.07290904199803867,-0.6283049623404687,-0.2012563520622038,-0.0907434592810384,-0.6831634046784542,-0.20736294839958141,-2.551096287296108,-3.0272099965605346,-1.745848207897405
239,-0.5963585742916508,-0.6283049623404687,-0.004737826906682482,-0.09898236007166399,-0.6861310106236584,-0.17161793862199,-2.600014133540668,-3.0312553848041826,-1.7150159498428135
240,2.415345699011952,-0.12169870892180246,-0.004737826906682482,-0.10742828003769465,-0.6892332462558288,-0.13568081177401847,-2.5970831962909493,-3.004863507426511,-1.6848102046177746
241,1.7460780827222622,-0.12169870892180246,-0.004737826906682482,-0.11600977665386569,-0.6924601092985518,-0.0996361864483098,-2.6276539177924394,-3.00894851389506,-1.6542343882266848
242,-0.2617247661468061,-0.6283049623404687,-0.004737826906682482,-0.12465118721864558,-0.6957993563975755,-0.06356838455649072,-2.6116504906977704,-2.981779128452245,-1.6240949025214921
243,-0.2617247661468061,-0.6283049623404687,-0.004737826906682482,-0.13327294421742503,-0.6992364806907375,-0.027560814408849832,-2.6273162724855608,-2.985782881603017,-1.593850362244559
244,-0.596358574291651,-0.6283049623404687,0.19178069824883887,-0.14179194421092964,-0.7027547056664174,0.008304624987633857,-2.6017788402219915,-2.9577815909290925,-1.5638326007642707
245,-0.5963585742916508,-0.6283049623404687,-0.004737826906682482,-0.15012196703832956,-0.7063349955444123,0.04394811456489377,-2.6057478319730847,-2.9615884160585244,-1.5339918399114638
246,0.07290904199803867,-0.6283049623404687,-0.004737826906682482,-0.1581741403166275,-0.7099560820215582,0.07929245725041689,-2.5733789022315037,-2.932709990270752,-1.5041489112868767
247,0.40754285014288333,-0.6283049623404687,-0.004737826906682482,-0.16585744404785568,-0.7135945071565208,0.11426358821945698,-2.5682005761635898,-2.936212040761155,-1.4747817023152554
248,-0.5963585742916508,-0.6283049623404687,0.19178069824883892,-0.1730792507959372,-0.7172246822767777,0.14879105031868642,-2.530947580846652,-2.9064221197884375,-1.4451639815918724
249,-0.5963585742916508,-0.6283049623404687,0.3882992234043602,-0.17974589747005468,-0.720818962942799,0.18280843169919786,-2.5185343142194436,-2.909521428599815,-1.416336915296423
250,-0.2617247661468061,-0.2905674600613579,0.3882992234043602,-0.18576328493319044,-0.7243477401460249,0.21625376265584562,-2.477779146694368,-2.8787976970395013,-1.3869915917898457
251,-0.2617247661468061,-0.6283049623404687,0.3882992234043602,-0.19103750174480247,-0.7277795480134214,0.24906986867929146,-2.459539183830716,-2.8814075913232298,-1.3587675259533454
252,-0.5963585742916508,-0.6283049623404687,0.3882992234043602,-0.19547546874438512,-0.7310811882815722,0.28120467693758605,-2.416265831687571,-2.8497404403941036,-1.3297380386908613
253,-0.596358574291651,-0.6283049623404687,0.19178069824883892,-0.19898560190837744,-0.7342178716502676,0.3126114738310312,-2.393234761364628,-2.8517863394524356,-1.3021754218416013
254,0.07290904199803867,-0.6283049623404687,0.3882992234043602,-0.20147849175627264,-0.7371533758949018,0.3432491117819003,-2.3481521850931353,-2.8191790729673825,-1.273500771615047
255,1.7460780827222626,-0.6283049623404687,0.5848177485598816,-0.20286759841610016,-0.7398502204396149,0.3730821638687408,-2.32109636941912,-2.820598728824639,-1.2466528409090025
256,0.07290904199803867,-0.6283049623404687,0.5848177485598816,-0.203069962065859,-0.7422698570347724,0.40208102521985517,-2.2747232931381203,-2.787067386627988,-1.2183667840397212
257,0.7421766582877283,-0.4594362112009133,0.7813362737154029,-0.20200692829478079,-0.7443728762040013,0.43022196031797444,-2.2442155346736294,-2.787810653090342,-1.1922806474218506
258,-0.9309923824364956,-0.6283049623404687,0.7813362737154029,-0.19960488652726519,-0.7461192291537112,0.4574870957090338,-2.1969380982240962,-2.753383543984836,-1.1644107879970518
259,1.4114442745774172,-0.2905674600613578,0.7813362737154029,-0.1957960173364244,-0.7474684648097104,0.48386435818540796,-2.163411788129438,-2.753411789146675,-1.1391264198733577
260,-0.2617247661468061,-0.6283049623404687,0.5848177485598816,-0.19051904212086535,-0.7483799815108507,0.5093473593444587,-2.115522870110027,-2.7181288401005137,-1.1116932443904286
261,-0.5963585742916508,-0.6283049623404687,0.5848177485598816,-0.1837199667726881,-0.7488132926217668,0.5339352284175378,-2.0793105510648497,-2.717414126484429,-1.0872424559980836
262,-0.5963585742916508,-0.6283049623404687,0.5848177485598816,-0.17535280955285074,-0.7487283049549389,0.5576323962629495,-2.031036722835682,-2.681326144224249,-1.0602583821647917
263,-0.2617247661468061,-0.6283049623404687,0.5848177485598816,-0.16538030234306514,-0.7480856085158465,0.5804483342482543,-1.9923975075675489,-2.6798502805412996,-1.0366638453744672
264,-0.9309923824364956,-0.6283049623404687,0.5848177485598816,-0.15377455404826243,-0.746846775817357,0.6023972523208639,-1.943917528134711,-2.6430181933900396,-1.0101323603148953
265,-0.9309923824364956,-0.6283049623404687,0.5848177485598816,-0.14051766538443872,-0.7449746688873896,0.6234977609032735,-1.9030565656431162,-2.640771735222791,-0.9874067563604675
266,0.07290904199803867,-0.4594362112009133,0.5848177485598816,-0.12560228543329038,-0.7424337520654825,0.6437725014268987,-1.8545140416959016,-2.603265865328197,-0.9613217067369155
267,0.07290904199803867,-0.4594362112009133,0.5848177485598816,-0.10903210189202105,-0.739190408671893,0.6632477503937004,-1.811596342305624,-2.600247133766799,-0.9394670608198787
268,-0.5963585742916508,-0.6283049623404687,0.5848177485598816,-0.09082225860406974,-0.7352132595670648,0.6819530018496265,-1.7631084004958253,-2.5621465498401585,-0.9138121520920325
269,2.080711890867107,-0.6283049623404687,0.7813362737154029,-0.07099969531422097,-0.7304734814483315,0.6999205330767998,-1.7182687532612093,-2.558360736011345,-0.892819416320258
270,-0.9309923824364956,-0.6283049623404687,0.7813362737154029,-0.049603405258066224,-0.7249451224709234,0.7171849581842293,-1.6699320841732506,-2.519752730944571,-0.8675679834742561
271,-0.261724766146806,-0.6283049623404687,0.7813362737154029,-0.026684606019803495,-0.7186054125321207,0.7337827741566945,-1.6232823660731248,-2.515211138667496,-0.8474169379554874
272,-0.5963585742916508,-0.4594362112009133,0.7813362737154029,-0.002306818273704374,-0.7114350654189303,0.7497519038870604,-1.5751775992476205,-2.4761908564676016,-0.8225320572335789
273,-0.9309923824364956,-0.6283049623404687,0.7813362737154029,0.023454153793456185,-0.7034185699936417,0.7651312408091904,-1.5268123537783724,-2.470910313189567,-0.8031916056129457
274,-0.2617247661468061,-0.6283049623404687,0.7813362737154029,0.0505103465988677,-0.6945444676015464,0.7799601999313385,-1.4790073197494473,-2.4315805350122313,-0.7786266201919962
275,-0.2617247661468061,-0.6283049623404687,0.5848177485598816,0.07876187094026922,-0.6848056128708674,0.7942782802670778,-1.429008076377325,-2.425582993434176,-0.7600555521548741
276,-0.5963585742916508,-0.2905674600613579,0.5848177485598816,0.10809725868086303,-0.6741994150511406,0.8081246438014098,-1.3815601943683116,-2.386054090849207,-0.735755069898008
277,-0.2617247661468061,-0.6283049623404687,0.5848177485598816,0.13839392349301494,-0.6627280570408579,0.8215377161425262,-1.329998765947251,-2.3793664433893342,-0.7179033319844746
278,-0.2617247661468061,-0.6283049623404687,0.5848177485598816,0.1695187348168437,-0.6503986892631627,0.8345548138180044,-1.2829566991527723,-2.3397565035465173,-0.6938047071823245
279,-0.9309923824364956,-0.6283049623404687,0.5848177485598816,0.2013287023177643,-0.6372235955068621,0.8472118027418354,-1.229897667313003,-2.3324106281205275,-0.676615161019129
280,2.415345699011952,-0.6283049623404687,0.5848177485598816,0.2336717662765038,-0.6232203277970123,0.8595427917452664,-1.183302414795379,-2.2928457477054427,-0.652650401896968
281,0.07290904199803867,-0.6283049623404687,0.5848177485598816,0.2663876876004876,-0.6084118074144643,0.8715798643075,-1.1288050278054904,-2.2848787982330867,-0.6360609733648166
282,-0.5963585742916508,-0.6283049623404687,0.5848177485598816,0.2993090299382346,-0.5928263894130089,0.8833528507975045,-1.0826906336261026,-2.2454935332203925,-0.6121589473876642
283,0.7421766582877283,-0.6283049623404687,0.5848177485598816,0.33226222613120676,-0.5764978883517808,0.8948891426658323,-1.026810338037856,-2.2369484871826026,-0.5961050081803271
284,-0.2617247661468061,-0.2905674600613579,0.5848177485598816,0.3650687216898239,-0.5594655634070107,0.9062135491092789,-0.9812043986280776,-2.197886443254076,-0.5721937699911108
285,1.0768104664325728,-0.4594362112009133,0.7813362737154029,0.3975461882944643,-0.5417740614955648,0.9173481957752152,-0.9239942066419489,-2.188812933676101,-0.5566105581831287
286,-0.5963585742916508,-0.6283049623404687,0.7813362737154029,0.42950980005394324,-0.5234733174564542,0.9283124640964184,-0.8789183065815828,-2.1502274901575094,-0.5326196053140854
287,0.07290904199803867,-0.6283049623404687,0.7813362737154029,0.46077356466647845,-0.5046184106305994,0.9391229689063371,-0.8204301094017761,-2.140682971727443,-0.5174444854101435
288,0.7421766582877283,-0.6283049623404687,0.9778547988709244,0.49115170099003014,-0.4852693774027189,0.9497935711583897,-0.7759002106311715,-2.1027381313202316,-0.493306756792356
289,-0.2617247661468061,0.047170042217752915,0.9778547988709244,0.5204600537304287,-0.4654909795784642,0.9603354219187924,-0.7161860600757246,-2.0927894419287245,-0.47848114678413184
290,0.7421766582877283,-0.12169870892180246,1.1743733240264456,0.548517534892421,-0.44535242893461346,0.9707570333401342,-0.6722128168809605,-2.0556607779292633,-0.4541346226663361
291,0.742176658287728,-0.12169870892180246,1.1743733240264456,0.5751475804841093,-0.4249270687273193,0.981064372072022,-0.6113261731626796,-2.0453861598508496,-0.43960547559091406
292,0.40754285014288333,-0.6283049623404687,1.1743733240264456,0.6001796099626173,-0.40429201308801244,0.9912609705640943,-0.5679151382307082,-2.0092618034016603,-0.4149943071966451
293,2.7499795071567963,-0.6283049623404687,1.1743733240264456,0.6234504752144545,-0.38352774500548376,1.0013480519850135,-0.5059120910071557,-1.9987534546755086,-0.40071511288396316
294,0.07290904199803867,-0.2905674600613579,1.1743733240264456,0.6448058856671744,-0.36271767326696086,1.0113246649784136,-0.4630638011552071,-1.9638350170001524,-0.37579028780820906
295,-0.2617247661468061,-0.4594362112009133,1.1743733240264456,0.6641017966563638,-0.341947648703396,1.0211878251113666,-0.40000431174815776,-1.9532022222794208,-0.3617216367451164
296,0.07290904199803867,-0.12169870892180246,1.1743733240264456,0.6812057493184778,-0.32130544049298243,1.0309326605481675,-0.35771428375593434,-1.9197054469616324,-0.33644125069276787
297,-0.5963585742916508,-0.6283049623404687,1.1743733240264456,0.6959981512754896,-0.3008801739337011,1.040552560145519,-0.2936635354177444,-1.9090782826805237,-0.32255105399442896
298,0.7421766582877283,-0.6283049623404687,1.1743733240264456,0.7083734872212056,-0.28076173175345853,1.0500393227959437,-0.2519222018503673,-1.877233102896924,-0.29688029233894936
299,-0.596358574291651,-0.2905674600613579,1.1743733240264456,0.7182414468998258,-0.2610401216453189,1.0593833074421488,-0.18695210166302637,-1.866766667105602,-0.2831437693483188
300,1.4114442745774176,-0.2905674600613579,1.1743733240264456,0.7255279554517036,-0.24180481344190718,1.068573583746542,-0.14574459976660964,-1.8368162169681326,-0.2570547043375344
301,-0.5963585742916508,-0.6283049623404687,0.9778547988709244,0.7301760884643992,-0.2231440502720889,1.0775980839248855,-0.07993533883615898,-1.8266952706206567,-0.24345424229773616
302,4.088514739736175,-0.45943621120091327,0.9778547988709244,0.7321468518026941,-0.20514413909182622,1.0864437567226501,-0.03924091729000446,-1.7988932254293821,-0.21692553623993585
303,1.0768104664325728,-0.12169870892180246,0.9778547988709244,0.7314198047591924,-0.18788872704100731,1.09509672487324,0.027317585672603065,-1.789337007266371,-0.20345050505092535
304,1.0768104664325728,-0.6283049623404687,0.9778547988709244,0.7279935047894447,-0.17145807116132242,1.1035424475534723,0.06752682381366545,-1.7639424063849136,-0.17646708172425135
305,0.7421766582877283,0.38490754449686376,0.7813362737154029,0.7218857534880412,-0.15592831014287362,1.111765889303387,0.13473373824667845,-1.7552091844415805,-0.16311365194943928
306,2.7499795071567967,-0.4594362112009133,0.7813362737154029,0.7131336261322618,-0.14137074785822232,1.119751696624284,0.1744949999921912,-1.7324776440608318,-0.13566635708287222
307,9.108021861908847,0.89151379791553,0.7813362737154029,0.7017932701114081,-0.12785115933781996,1.1274843830332053,0.2422377076678865,-1.7248682604499679,-0.1224373229828368
308,2.749979507156796,-0.4594362112009133,0.7813362737154029,0.6879394609839897,-0.11542913040675476,1.1349485227129432,0.28160077943166895,-1.7050382583886805,-0.09452254715860091
309,2.7499795071567967,-0.6283049623404687,0.9778547988709244,0.6716649106607392,-0.10415744237335928,1.142128952038552,0.349754279108196,-1.69889748123109,-0.0814271110815732
310,-0.9309923824364956,-0.2905674600613579,1.1743733240264456,0.6530793318191687,-0.09408151306261663,1.1490109772475354,0.3887860832202929,-1.6821702947726243,-0.053046308115147836
311,-0.2617247661468061,3.9311513184275273,1.1743733240264456,0.6323082745162002,-0.0852389054582614,1.1555805855015038,0.457212506244881,-1.6778841931737478,-0.04009975026149316
312,1.0768104664325728,1.2292513001946408,1.1743733240264456,0.6094917610543603,-0.0776589152857825,1.1618246557476115,0.4960029738335485,-1.664396289842852,-0.01125876272566268
313,1.0768104664325728,0.38490754449686376,1.1743733240264456,0.584782750622493,-0.07136224815809884,1.1677311652624558,0.5645507431612515,-1.6623831782754601,0.0015180837893886729
314,-0.9309923824364956,0.047170042217752915,1.1743733240264456,0.5583454664840215,-0.0663607942977388,1.1732893875531185,0.6032199318079795,-1.6521707713904872,0.030809967026149094
315,-0.596358574291651,0.38490754449686376,1.370891849181967,0.530353617814709,-0.06265750457508222,1.178490077289495,0.6717220561368878,-1.65286279053969,0.0433914824956059
316,1.7460780827222622,0.38490754449686376,1.5674103743374883,0.5009885472942887,-0.060246367354672675,1.1833256380416,0.7104287849392559,-1.6458202441281689,0.07312277073276935
317,-0.2617247661468061,-0.6283049623404687,1.5674103743374883,0.4704373343405649,-0.05911248279897717,1.1877902687963524,0.7787000157706865,-1.649632665778399,0.08547955588554919
318,-0.9309923824364956,-0.2905674600613578,1.370891849181967,0.4388908822849777,-0.059232229853034085,1.1918800856374765,0.8176527697569784,-1.6454696222571643,0.11563809902438889
319,0.7421766582877283,0.38490754449686376,1.370891849181967,0.40654201620952635,-0.060573520567017765,1.195593215683108,0.8854854242270613,-1.6527561972588394,0.12773818442848808
320,-0.5963585742916508,0.047170042217752915,1.370891849181967,0.3735836168091342,-0.06309613643883802,1.1989298613355241,0.9249566723924775,-1.6509627387269734,0.1583129815936202
321,-0.5963585742916508,-0.12169870892180246,1.370891849181967,0.3402068141547697,-0.06675214190311843,1.2018923339174359,0.992114803801197,-1.6619590091675411,0.17012316713923525
322,-0.9309923824364956,-0.4594362112009133,1.370891849181967,0.3065992633418195,-0.07148637059277403,1.204485056682597,1.0324603337617204,-1.661792715568892,0.20110638803022024
323,0.07290904199803867,1.0603825490550856,1.370891849181967,0.27294352175976144,-0.07723698031048057,1.2067145379611397,1.0986716827476597,-1.6765554383368744,0.21259361747449412
324,-0.9309923824364956,2.2424638070319736,1.1743733240264456,0.23941554510602783,-0.08393607281208074,1.2085893158849264,1.1403572480471602,-1.6770657088876202,0.24398278663749462
325,-0.9309923824364956,0.047170042217752915,1.1743733240264456,0.2061833162998093,-0.09151037436919514,1.2101198767691783,1.2053020544166961,-1.6954235497753993,0.2551154663901956
326,-0.2617247661468061,0.5537762956364193,1.1743733240264456,0.1734056183345746,-0.09988197203863139,1.2113185497697343,1.248940777371316,-1.695522968465441,0.28691579231358433
327,0.07290904199803867,-0.12169870892180246,1.1743733240264456,0.14123095899855562,-0.10896909827994056,1.2121993808185207,1.3122360381748415,-1.717057139038217,0.2976649813875481
328,-0.5963585742916508,-0.6283049623404687,0.9778547988709244,0.10979665234539768,-0.11868695367220913,1.2127779890237185,1.3586418869133212,-1.7156353379753384,0.3298918589554295
329,-0.5963585742916508,-0.6283049623404687,1.1743733240264456,0.07922805901489509,-0.12894855514967332,1.2130714087286163,1.4198188838853847,-1.7397040086531024,0.3402322788813308
330,0.07290904199803867,-0.4594362112009133,1.1743733240264456,0.049637985211054475,-0.13966559611836354,1.2130979202961016,1.470084580336571,-1.7357609836127983,0.3729140592612442
331,0.40754285014288333,0.2160387933573084,1.1743733240264456,0.021126238270256757,-0.15074930504886555,1.212876872457858,1.528556256659523,-1.7615673055774568,0.38282489886132376
332,-0.5963585742916508,-0.12169870892180246,0.9778547988709244,-0.00622066487289474,-0.16211129024615437,1.2124284987939289,1.5841688940533134,-1.754331192936112,0.41600611016734107
333,0.07290904199803867,-0.6283049623404687,0.9778547988709244,-0.03232964130095185,-0.17366435984717038,1.2117737306500753,1.6391816000153379,-1.781018151180863,0.42547162118183235
334,-0.9309923824364956,-0.6283049623404687,1.1743733240264456,-0.05714104360636853,-0.1853233071734473,1.210934008544684,1.7021972029179409,-1.7700163181840045,0.45921694239113475
335,-0.5963585742916508,-0.6283049623404687,1.1743733240264456,-0.08060852562665664,-0.19700565234272377,1.2099310937860284,1.7527579832297704,-1.7967623451203334,0.4682268306660983
336,-0.5963585742916508,-0.6283049623404687,1.1743733240264456,-0.10269877955519471,-0.20863233191780672,1.2087868815962877,1.8260688076539848,-1.7818328496242601,0.5026262979490536
337,0.742176658287728,-0.6283049623404687,1.1743733240264456,-0.12339115279152657,-0.22012832967576057,1.2075232166192666,1.870834240685102,-1.8079251518380546,0.5111759146070477
338,-0.2617247661468061,-0.6283049623404687,1.370891849181967,-0.14267715444003096,-0.23142324328973624,1.2061617113888865,1.9585807909582722,-1.7891768270448962,0.5463521362461091
339,-0.2617247661468061,-0.4594362112009133,1.370891849181967,-0.160559862721778,-0.2424517836054913,1.2047235681910502,1.995686604897652,-1.8140512139841416,0.5544424663682398
340,0.7421766582877283,0.38490754449686376,1.3490564574980204,-0.1770532452508814,-0.2531542050738677,1.2032294047599397,2.103885450548341,-1.7917934573991474,0.5905611483615134
341,-0.5963585742916508,1.2292513001946408,1.3217622178930866,-0.1921814041023951,-0.2634766675761012,1.2016990844335167,2.1306920695000224,-1.8150421653610667,0.5981985697864607
342,0.40754285014288333,-0.6283049623404687,1.3217622178930866,-0.20597775716444142,-0.273371530990115,1.2001515517626538,2.268138272119233,-1.7897064372766602,0.6354846422426674
343,0.07290904199803867,-0.6283049623404687,1.3217622178930866,-0.21848416665874015,-0.28279758398110627,1.1986046750675063,2.280887568913629,-1.8110630692447,0.6426803807280206
344,-0.5963585742916508,0.5537762956364193,1.1252436927375653,-0.22975002500984232,-0.29172020769954254,1.1970750979701867,2.460208301040138,-1.7831309656021364,0.6814440181290186
345,0.07290904199803867,-0.2905674600613579,0.9287251675820438,-0.23983130751363663,-0.30011147401632204,1.1955781024276166,2.4537146313559712,-1.8024431381753598,0.6882131597654515
346,0.07290904199803867,-0.2905674600613579,0.9287251675820438,-0.2487896006110442,-0.3079501772703584,1.1941274861641353,2.691635766821645,-1.7723864388710435,0.7288943631218594
347,-0.9309923824364956,-0.6283049623404687,0.9287251675820438,-0.25669111411019147,-0.3152217982475261,1.1927354575436573,2.6596222499938635,-1.7895842606791985,0.7352541939171963
348,-0.5963585742916508,-0.6283049623404687,1.1743733240264456,-0.26360568543797513,-0.3219183989830229,1.1914125507249116,2.9731152064669453,-1.757813834024767,0.7785050225695722
349,-0.5963585742916508,-0.6283049623404687,1.1743733240264456,-0.269605783962457,-0.3280384470489194,1.1901675634371394,2.911013449338781,-1.772878660430631,0.7844723008737573
350,-0.9309923824364956,-0.6283049623404687,1.1743733240264456,-0.27476552377200353,-0.33358656851338353,1.1890075190795926,-2.980058654027854,-1.7396905109854452,0.8313236341514563
351,-0.261724766146806,-0.6283049623404687,0.9778547988709242,-0.2791596941724747,-0.33857322977941523,1.1879376543085682,-3.067657898249707,-1.7526249605469364,0.8369099873472857
352,-0.5963585742916508,-0.6283049623404687,0.9778547988709242,-0.2828628184626534,-0.34301434984670476,1.1869614329320604,-2.628944633782928,-1.718114882257507,0.8891563959063592
353,0.07290904199803867,-0.12169870892180246,0.9778547988709242,-0.2859482529733835,-0.34693084598959917,1.1860805867040747,-2.7221005617007767,-1.728911587600319,0.8943597492860834
354,0.40754285014288355,-0.6283049623404687,0.9778547988709242,-0.2884873396009394,-0.35034811726222254,1.1852951833297267,-2.2991583271770764,-1.6927706463862378,0.9556358919726322
355,0.7421766582877283,-0.6283049623404687,0.9778547988709242,-0.2905486258415931,-0.35329547150693863,1.1846037215522653,-2.373481886761602,-1.701370568401263,0.9604211143736564
356,1.7460780827222622,-0.6283049623404687,0.9778547988709242,-0.2921971663304274,-0.35580550259584887,1.1840032526080795,-2.013132089858022,-1.6621621576704928,1.0403752337066074
357,-0.9309923824364956,-0.6283049623404687,0.9778547988709242,-0.29349391880039816,-0.3579134255766596,1.1834895266777887,-2.0573990055588327,-1.668366709036294,1.0446130405799066
358,0.40754285014288333,-0.6283049623404687,0.9778547988709242,-0.2944952451308613,-0.3596563784216442,1.1830571622846355,-1.7497794936182425,-1.6186969387850352,1.1932872091070763
