,trial_index,interconnectivity_strength
0,1,21.523976854635084
1,2,19.222346462973263
2,3,18.067732444119738
3,4,18.950533167490793
4,5,18.34153288051874
5,6,20.16097591531208
6,7,13.385995811446394
7,8,11.018715201054126
8,9,10.94959902742827
9,10,11.119064498584052
10,11,9.64707245161526
11,12,11.288184814299605
12,13,15.592782214804988
13,14,14.867608412822788
14,15,12.111233364643187
15,16,9.932110081489641
16,17,8.792463040309125
17,18,12.100534961375116
18,19,13.479506139828002
19,20,13.646034500867026
20,21,5.701523907914017
21,22,7.8916336103676565
22,23,10.460817243988162
23,24,6.176354709106566
24,25,5.734028519595554
25,26,7.416063584322294
26,27,5.895781223514396
27,28,6.154124673108655
28,29,4.450422550917993
29,30,5.783095321777217
30,31,5.820977954455933
31,32,5.666669760214454
32,33,4.711590533979163
33,34,4.64129781194771
34,35,5.311113701113696
35,36,5.145174181029072
36,37,5.99777231429714
37,38,3.765929526711675
38,39,4.854587170883939
39,40,4.9750882916105725
40,41,5.241043292208817
41,42,5.698913285539047
42,43,4.468151702528914
43,44,5.533749268333031
44,45,4.774484208095527
45,46,6.266190817429348
46,47,7.851191477600404
47,48,4.237264752322938
48,49,6.207942535902957
49,50,8.100457639963603
50,51,5.302959039144392
51,52,5.645134218101984
52,53,7.916666924214025
53,54,7.236363873938166
54,55,9.602430839930735
55,56,10.378731649281942
56,57,9.913694994371602
57,58,10.323637808194094
58,59,1.0
59,60,0.0
60,61,0.0
61,62,0.0
62,63,0.0
63,64,0.0
64,65,0.0
65,66,0.0
66,67,0.0
67,68,0.0
68,69,0.0
69,70,0.0
70,71,0.0
71,72,0.0
72,73,0.0
73,74,0.0
74,75,0.0
75,76,0.0
76,77,0.0
77,78,0.0
78,79,0.0
79,80,0.0
80,81,0.0
81,82,0.0
82,83,0.0
83,84,0.0
84,85,0.0
85,86,0.0
86,87,0.0
87,88,0.0
88,89,0.0
89,90,0.0
90,91,0.0
91,92,0.0
92,93,0.0
93,94,0.0
94,95,0.0
95,96,0.0
96,97,0.0
97,98,1.0
98,99,1.0
99,100,1.0
100,101,1.0
101,102,1.0
102,103,1.0
103,104,1.0
104,105,1.0
105,106,1.0
106,107,1.0
107,108,1.0
108,109,1.0
109,110,1.0
110,111,1.0
111,112,1.0
112,113,1.0
113,114,1.0
114,115,1.0
115,116,1.0
116,117,1.0
117,118,1.0
118,119,1.0
119,120,1.0
120,121,1.0
121,122,1.0
122,123,1.0
123,124,1.0
124,125,1.0
125,126,1.0
126,127,1.0
127,128,1.0
128,129,1.0
129,130,1.0
130,131,1.0
131,132,1.0
132,133,1.0
133,134,1.0
134,135,1.0
135,136,1.0
136,137,1.0
137,138,1.0
138,139,1.0
139,140,0.0
140,141,1.0
141,142,1.0
142,143,38.792259833721786
143,144,42.05561056327868
144,145,40.81255664687458
145,146,35.27165653655482
146,147,33.702446475666015
147,148,36.837717073911755
148,149,35.28756908462884
149,150,33.30006474128782
150,151,30.565277444151242
151,152,30.608741550889548
152,153,31.335210692900887
153,154,31.763781520211
154,155,31.777838205302466
155,156,34.75005108231974
156,157,36.164626132669156
157,158,35.246981042974106
158,159,34.585417172876895
159,160,21.163037040069764
160,161,22.000282473307838
161,162,32.925679450910714
162,163,32.70729120418375
163,164,66.0697589082936
164,165,66.81475652062204
165,166,62.934826682490446
166,167,34.82758886575666
167,168,34.39062566093946
168,169,32.53484065281464
169,170,31.32260682281472
170,171,33.541579924150795
171,172,39.08266317208604
172,173,37.30713401098249
173,174,36.63204225352095
174,175,33.4089293096323
175,176,35.500453502399125
176,177,37.36403570875427
177,178,36.1629232983411
178,179,35.63622132168951
179,180,34.327784845914195
180,181,1.0
181,182,1.0
182,183,1.0
183,184,1.0
184,185,1.0
185,186,1.0
186,187,1.0
187,188,0.0
188,189,0.0
189,190,0.0
190,191,0.0
191,192,0.0
192,193,0.0
193,194,0.0
194,195,0.0
195,196,0.0
196,197,0.0
197,198,0.0
198,199,0.0
199,200,0.0
200,201,0.0
201,202,0.0
202,203,0.0
203,204,0.0
204,205,0.0
205,206,0.0
206,207,0.0
207,208,0.0
208,209,0.0
209,210,0.0
210,211,0.0
211,212,0.0
212,213,0.0
213,214,0.0
214,215,0.0
215,216,0.0
216,217,0.0
217,218,0.0
218,219,0.0
219,220,0.0
220,221,0.0
221,222,0.0
222,223,0.0
223,224,0.0
224,225,0.0
225,226,0.0
226,227,0.0
227,228,0.0
228,229,0.0
229,230,0.0
230,231,0.0
231,232,0.0
232,233,0.0
233,234,0.0
234,235,0.0
235,236,0.0
236,237,0.0
237,238,0.0
238,239,0.0
239,240,0.0
240,241,0.0
241,242,0.0
242,243,0.0
243,244,0.0
244,245,0.0
245,246,65.75507674706817
246,247,71.5321403741725
247,248,67.69496996875456
248,249,62.85877986211389
249,250,63.81652158493662
250,251,61.56884949638791
251,252,62.08592207792227
252,253,64.11360025421048
253,254,61.730982248520824
254,255,59.333505857259105
255,256,56.709297912713645
256,257,63.572992748836576
257,258,66.59614283767152
258,259,65.84018162713888
259,260,63.932248627606725
260,261,60.8613114015325
261,262,65.96021582733808
262,263,65.18833285520428
263,264,64.0197873097796
264,265,28.85610261247596
265,266,29.36426505624967
266,267,64.79487436166474
267,268,61.50901037938444
268,269,30.689421592523143
269,270,30.522550904172267
270,271,31.986093892000962
271,272,61.13770157485324
272,273,29.075457567556693
273,274,57.39294473154114
274,275,63.67336457402652
275,276,64.39009811436416
276,277,63.77787883524921
277,278,31.845654608250577
278,279,30.930284341524736
279,280,32.38053543858294
280,281,37.12530742451504
281,282,36.562102820481286
282,283,34.83362620495135
283,284,38.606199534331765
284,285,76.63229308468286
285,286,80.49417674095164
286,287,84.3605358451067
287,288,88.17767726121677
288,289,0.0
289,290,0.0
290,291,0.0
291,292,0.0
292,293,0.0
293,294,0.0
294,295,0.0
295,296,0.0
296,297,0.0
297,298,0.0
298,299,0.0
299,300,0.0
300,301,0.0
301,302,0.0
302,303,0.0
303,304,0.0
304,305,0.0
305,306,0.0
306,307,0.0
307,308,0.0
308,309,0.0
309,310,0.0
310,311,0.0
311,312,0.0
312,313,0.0
313,314,0.0
314,315,0.0
315,316,0.0
316,317,0.0
317,318,0.0
318,319,0.0
319,320,0.0
320,321,0.0
321,322,0.0
322,323,0.0
323,324,0.0
324,325,0.0
325,326,0.0
326,327,0.0
327,328,0.0
328,329,0.0
329,330,0.0
330,331,0.0
331,332,0.0
332,333,0.0
333,334,0.0
334,335,0.0
335,336,0.0
336,337,0.0
337,338,0.0
338,339,0.0
339,340,0.0
340,341,0.0
341,342,0.0
342,343,0.0
343,344,0.0
344,345,0.0
345,346,0.0
346,347,0.0
347,348,0.0
348,349,0.0
349,350,0.0
350,351,0.0
351,352,0.0
352,353,0.0
353,354,0.0
354,355,0.0
355,356,0.0
356,357,0.0
357,358,0.0
