,trial_index,interconnectivity_strength
0,1,0.0
1,2,0.0
2,3,0.0
3,4,0.0
4,5,0.0
5,6,0.0
6,7,0.0
7,8,0.0
8,9,0.0
9,10,0.0
10,11,0.0
11,12,0.0
12,13,0.0
13,14,0.0
14,15,0.0
15,16,0.0
16,17,0.0
17,18,0.0
18,19,0.0
19,20,0.0
20,21,0.0
21,22,0.0
22,23,0.0
23,24,0.0
24,25,0.0
25,26,0.0
26,27,0.0
27,28,1.0
28,29,1.0
29,30,1.0
30,31,1.0
31,32,1.0
32,33,1.0
33,34,1.0
34,35,1.0
35,36,1.0
36,37,1.0
37,38,1.0
38,39,1.0
39,40,1.0
40,41,1.0
41,42,1.0
42,43,1.0
43,44,1.0
44,45,1.0
45,46,1.0
46,47,1.0
47,48,1.0
48,49,1.0
49,50,1.0
50,51,1.0
51,52,1.0
52,53,1.0
53,54,1.0
54,55,1.0
55,56,1.0
56,57,1.0
57,58,1.0
58,59,1.0
59,60,1.0
60,61,1.0
61,62,1.0
62,63,1.0
63,64,1.0
64,65,1.0
65,66,1.0
66,67,1.0
67,68,1.0
68,69,1.0
69,70,1.0
70,71,1.0
71,72,1.0
72,73,1.0
73,74,1.0
74,75,1.0
75,76,1.0
76,77,1.0
77,78,1.0
78,79,1.0
79,80,1.0
80,81,1.0
81,82,1.0
82,83,1.0
83,84,1.0
84,85,0.0
85,86,0.0
86,87,0.0
87,88,0.0
88,89,0.0
89,90,0.0
90,91,0.0
91,92,0.0
92,93,0.0
93,94,1.0
94,95,1.0
95,96,1.0
96,97,1.0
97,98,1.0
98,99,1.0
99,100,1.0
100,101,1.0
101,102,1.0
102,103,1.0
103,104,1.0
104,105,1.0
105,106,1.0
106,107,1.0
107,108,1.0
108,109,1.0
109,110,1.0
110,111,1.0
111,112,1.0
112,113,1.0
113,114,1.0
114,115,0.0
115,116,0.0
116,117,1.0
117,118,1.0
118,119,1.0
119,120,1.0
120,121,1.0
121,122,1.0
122,123,1.0
123,124,1.0
124,125,1.0
125,126,1.0
126,127,1.0
127,128,1.0
128,129,1.0
129,130,1.0
130,131,1.0
131,132,1.0
132,133,1.0
133,134,1.0
134,135,1.0
135,136,1.0
136,137,1.0
137,138,1.0
138,139,1.0
139,140,1.0
140,141,1.0
141,142,1.0
142,143,1.0
143,144,1.0
144,145,1.0
145,146,1.0
146,147,1.0
147,148,1.0
148,149,1.0
149,150,1.0
150,151,1.0
151,152,1.0
152,153,55.9999999999998
153,154,32.89912280701747
154,155,114.26153846153801
155,156,128.60714285714275
156,157,125.42857395147902
157,158,95.30555755914621
158,159,87.75324675324622
159,160,69.3541666666667
160,161,58.099174709749086
161,162,50.021213486307325
162,163,47.5833333333333
163,164,38.0974358974362
164,165,35.898242945676856
165,166,33.19047619047641
166,167,33.10026748517112
167,168,37.861810587042555
168,169,40.30219780219807
169,170,36.610537638944436
170,171,35.98979591836706
171,172,36.44415715320214
172,173,34.66964285714277
173,174,1.0
174,175,42.644728761514884
175,176,48.407717444549974
176,177,37.838329930296
177,178,31.416861930731823
178,179,35.723686306817136
179,180,35.87740263661039
180,181,38.87745339188422
181,182,48.05952669973029
182,183,55.573427438042195
183,184,59.12878883351438
184,185,82.1458385560282
185,186,89.95455113636444
186,187,88.8666680407832
187,188,85.93333475382893
188,189,70.78181933344115
189,190,66.09917457188536
190,191,76.13679423004379
191,192,74.99091017872894
192,193,69.1545501691368
193,194,84.45555700062066
194,195,77.98990028191808
195,196,131.93334169593692
196,197,108.27778484231949
197,198,1.0
198,199,1.0
199,200,1.0
200,201,1.0
201,202,1.0
202,203,1.0
203,204,1.0
204,205,1.0
205,206,1.0
206,207,1.0
207,208,1.0
208,209,1.0
209,210,1.0
210,211,1.0
211,212,1.0
212,213,1.0
213,214,1.0
214,215,1.0
215,216,1.0
216,217,1.0
217,218,1.0
218,219,1.0
219,220,1.0
220,221,164.50928462467866
221,222,160.4407312465714
222,223,147.71915797103458
223,224,140.15142384358208
224,225,109.7340774147494
225,226,85.13851661491893
226,227,105.6671712034632
227,228,62.509564330768335
228,229,64.95591769926664
229,230,71.69964357469507
230,231,45.5899428585603
231,232,45.493789426226556
232,233,49.595969307073176
233,234,46.56687778559665
234,235,45.183215545076415
235,236,41.85388724653287
236,237,53.4949567675032
237,238,56.588392930715564
238,239,57.70940720707952
239,240,45.480216076059754
240,241,57.76289873268595
241,242,13.684001241949893
242,243,15.400121102028354
243,244,29.24262010463167
244,245,30.932509264586947
245,246,30.173712735636396
246,247,14.995770999441355
247,248,27.16302669991346
248,249,30.93917041719234
249,250,37.221245056872576
250,251,46.539263836464166
251,252,45.73360951834837
252,253,34.37950951177189
253,254,39.179498529588585
254,255,46.045714789994676
255,256,44.851175965404224
256,257,20.7144242627425
257,258,18.07829113114925
258,259,37.89438887334226
259,260,32.00910386743044
260,261,30.122313151286775
261,262,30.24505274094971
262,263,17.218244611620456
263,264,37.01013928516792
264,265,25.458665747486684
265,266,25.05176990137995
266,267,26.150057010931196
267,268,24.20694385317635
268,269,32.21881015746827
269,270,33.143519146435054
270,271,35.25980458444381
271,272,40.14444519478963
272,273,40.625000775780556
273,274,55.75193904364855
274,275,51.536235884265885
275,276,52.847829989677436
276,277,38.10441836791622
277,278,38.21379266230558
278,279,43.99423477645366
279,280,45.43621857141867
280,281,44.82613610939926
281,282,51.738868831373566
282,283,64.49574081423779
283,284,64.32055589775109
284,285,93.46399115000764
285,286,35.386700978119116
286,287,33.27000207570838
287,288,31.496392802300093
288,289,33.14293939072441
289,290,14.957551932621001
290,291,18.175781162847755
291,292,16.384575907085594
292,293,33.46253070632122
293,294,16.814046187363815
294,295,20.63748100065417
295,296,21.007491005834733
296,297,20.87388864349372
297,298,55.82755905511846
298,299,26.786554992451034
299,300,55.1184317553273
300,301,29.241240941644953
301,302,40.06689672525872
302,303,43.05478754371613
303,304,42.69071164600548
304,305,41.520674643278475
305,306,59.015578555738166
306,307,213.15436661184995
307,308,211.57188058328208
308,309,213.5858357523357
309,310,0.0
310,311,0.0
311,312,0.0
312,313,1.0
313,314,1.0
314,315,1.0
315,316,1.0
316,317,1.0
317,318,1.0
318,319,1.0
319,320,1.0
320,321,1.0
321,322,1.0
322,323,1.0
323,324,1.0
324,325,1.0
325,326,1.0
326,327,1.0
327,328,42.65625731026227
328,329,45.151792628958994
329,330,42.13044180089127
330,331,21.02761620534666
331,332,24.28711380060038
332,333,19.957466678488014
333,334,25.869232465831608
334,335,25.097798959450053
335,336,54.4708805882207
336,337,55.153472334440934
337,338,56.41500697167784
338,339,56.40206926708574
339,340,53.80000730460136
340,341,30.284184363454195
341,342,65.6768381967253
342,343,64.80247840781135
343,344,32.469228326525446
344,345,85.36948987200499
345,346,39.43832791499693
346,347,44.97544207081541
347,348,87.28683260350267
348,349,1.0
349,350,1.0
350,351,1.0
351,352,1.0
352,353,1.0
353,354,0.0
354,355,0.0
355,356,0.0
356,357,0.0
357,358,0.0
358,359,0.0
359,360,0.0
360,361,0.0
361,362,0.0
362,363,0.0
363,364,0.0
364,365,0.0
365,366,0.0
366,367,0.0
367,368,0.0
368,369,0.0
369,370,0.0
370,371,0.0
371,372,0.0
372,373,0.0
373,374,0.0
374,375,0.0
375,376,0.0
376,377,0.0
377,378,0.0
378,379,0.0
379,380,0.0
380,381,0.0
381,382,0.0
382,383,0.0
383,384,0.0
384,385,1.0
385,386,70.1289393443712
386,387,72.89020202483464
387,388,73.92400193749398
388,389,75.4773679178235
389,390,115.57641010379764
390,391,54.60490464412927
391,392,74.46120334161415
392,393,55.148498773441275
393,394,54.71929062844237
394,395,53.85233170400319
395,396,44.657948175945606
396,397,41.99347781118849
397,398,40.66124278841189
398,399,39.376777851551665
399,400,38.24302902434854
400,401,36.51062833471399
401,402,33.658531439324136
402,403,31.44022711900258
403,404,29.55290852318741
404,405,27.894463097075636
405,406,34.3620496278555
