trial_index,pfc_mag_standardized,dms_mag_standardized,prpd_standardized,pfc_mag_filtered,dms_mag_filtered,prpd_filtered,pfc_phase,dms_phase,prpd_phase
1,2.2138774391144183,-0.8616648871186691,-0.7330903107944146,2.3218782825105295,-0.9085473342800099,-0.743654056765361,-0.7884251365548348,2.5275907617303273,2.0905419730806876
2,-0.4156514080243182,0.5754727262835558,-0.7330903107944146,2.154389048873336,-0.8702147519801858,-0.6634911205158527,-0.2507249670579647,2.948275439644771,2.532915483034778
3,-0.8539062158807739,0.21618832293299947,-0.7330903107944146,1.9885008180312553,-0.8318059897087021,-0.5835928029379956,-0.22823634571919982,2.977735948642066,2.5218318493838376
4,-0.8539062158807739,-0.5023804837681127,-0.7330903107944146,1.8247390277446087,-0.7934196647479667,-0.5042057552100413,0.08234479279200156,-3.1019529249155737,2.895167253977279
5,-0.8539062158807742,-1.2209492904692252,0.23161304824107648,1.6636144560106196,-0.7551519615636901,-0.42557208372129823,0.11661605215301565,-3.070214157042489,2.90489054627082
6,-0.4156514080243182,-0.14309608041755664,0.23161304824107648,1.5056194784274102,-0.7170958940891794,-0.34792758642715965,0.350758232541784,-2.924976344916604,-2.952231942845756
7,-1.29216102373723,-1.2209492904692252,0.23161304824107648,1.3512245918679282,-0.6793406291106987,-0.27150006711979247,0.3954685973423937,-2.8917996910368187,-2.869448826332439
8,-0.634778811952546,1.2940415329846682,0.23161304824107648,1.2008752494242834,-0.6419708802283022,-0.1965077485013878,0.5870306094538045,-2.7748045050292554,-2.3784615948049317
9,-0.8539062158807742,0.2161883229329997,0.5531808345862401,1.0549890407651092,-0.605066380852344,-0.12315780353596655,0.6414097023268879,-2.740517901251647,-2.158041444051615
10,0.6799856116168222,-0.8616648871186688,0.713964727758822,0.9139532418058989,-0.568701443608997,-0.05164502251940635,0.8039974706465358,-2.640683552646554,-1.7654304110251722
11,0.6799856116168222,0.21618832293299947,0.8104350636623712,0.7781227481133776,-0.53294461155819,0.017849369031856507,0.8674815827772316,-2.605449904631302,-1.4992535004751437
12,-0.8539062158807742,-0.14309608041755664,0.8747486209314039,0.6478183982852607,-0.4978584038518341,0.08515872911401111,1.008155257210891,-2.517400878113063,-1.2953816393918538
13,-1.29216102373723,-0.502380483768113,0.92068687612357,0.5233256872443333,-0.46349915568006783,0.1501318448605597,1.0802545480486077,-2.4813050222538253,-1.0785257979706617
14,-1.29216102373723,-0.14309608041755664,0.92068687612357,0.40489386471718997,-0.4299169501562666,0.21263359847164798,1.2032904933806905,-2.4019986263639246,-0.9751263087897357
15,0.6799856116168222,-0.14309608041755664,0.92068687612357,0.29273540988269287,-0.39715563814471544,0.27254545020619586,1.2835262177665019,-2.3650780088763117,-0.8079473636120148
16,-1.29216102373723,-0.14309608041755664,0.713964727758822,0.18702586816233074,-0.3652529407284192,0.3297657385764425,1.391822909981341,-2.292606662942153,-0.7455777625441626
17,-0.8539062158807741,-1.2209492904692252,0.713964727758822,0.0879040305558225,-0.3342406279541434,0.38420980114531816,1.4796924247188907,-2.2548644596301766,-0.6124106615784891
18,-0.8539062158807742,0.5754727262835556,0.713964727758822,-0.004527569253550627,-0.3041447666497751,0.4358099223092863,1.5754027676844027,-2.187938951782571,-0.5676104472527197
19,0.46085820768859437,-0.5023804837681127,0.713964727758822,-0.09020186921088377,-0.2749860295549303,0.4845151170083893,1.6703580554790676,-2.149350480337179,-0.4572551949622077
20,0.24173080376036593,-0.8616648871186691,0.5210240559517239,-0.16908623772264103,-0.24678005779654644,0.5302907613757047,1.7552110839536392,-2.0870460759778062,-0.4207274707504562
21,0.8991130155450504,0.934757129634112,0.5210240559517239,-0.24118121342026533,-0.21953786872715825,0.5731180829518215,1.856645166869972,-2.0475623533024514,-0.3262946836862366
22,1.1182404194732782,0.2161883229329997,0.5210240559517239,-0.30651906418618696,-0.1932663011077904,0.6129935242904377,1.9321240521180811,-1.9891819994308573,-0.29404106328313623
23,0.6799856116168222,-0.8616648871186691,0.5746186870092511,-0.36516220366654617,-0.167968489397709,0.6499279945606699,2.039362907544062,-1.9487320822440255,-0.2112504521750561
24,1.1182404194732782,0.21618832293299947,0.5746186870092511,-0.41720150135740397,-0.1436443583230439,0.6839460241079006,2.1068087798003594,-1.8937276457046037,-0.18141488925942537
25,0.6799856116168222,-0.14309608041755664,0.5746186870092511,-0.46275451864698225,-0.1202911279739484,0.7150848369480759,2.2191077859859423,-1.8522205580997222,-0.10750188500129491
26,0.8991130155450501,0.21618832293299947,0.5746186870092511,-0.5019636985149569,-0.0979038188593139,0.7433933559699012,2.2797816038660565,-1.800145334738044,-0.07917142721997023
27,-0.634778811952546,-1.2209492904692252,0.5746186870092511,-0.534994531449663,-0.07647574593514204,0.7689311552961211,2.39632618476241,-1.7574719449049254,-0.012274950240238685
28,-0.634778811952546,-0.14309608041755664,0.5746186870092511,-0.5620337150041578,-0.05599899050987504,0.7917673738317313,2.4514449060072563,-1.7079511112307777,0.015017646869412057
29,-0.19652400409608975,-1.2209492904692252,0.5746186870092511,-0.583287319856965,-0.03646483911309614,0.8119796034938687,2.5713552826398267,-1.6639859829162171,0.07619924069156597
30,1.3373678234015063,-0.8616648871186688,0.617494391855273,-0.5989789718903157,-0.017864179247771755,0.8296527649700429,2.6221111283115643,-1.6166977218357017,0.10269902272872675
31,-0.41565140802431805,-0.8616648871186688,0.617494391855273,-0.6093480576819091,-0.00018784371846381452,0.8448779830990164,2.7444510855755575,-1.571300694641551,0.1591079294133553
32,-0.634778811952546,0.21618832293299947,0.617494391855273,-0.6146479590722194,0.016573102132341533,0.8577514731372861,2.792018975278106,-1.5259636426837384,0.18494529889567393
33,-0.8539062158807742,0.2161883229329997,0.617494391855273,-0.6151443202378648,0.03242713281563258,0.8683734482954528,2.9158084354176403,-1.4789807105227515,0.237285178802808
34,-0.634778811952546,-0.14309608041755664,0.617494391855273,-0.6111133481635486,0.04738209426933283,0.8768470580239066,2.961344799955141,-1.4353449434821524,0.2625307273768881
35,-1.29216102373723,0.2161883229329997,0.8104350636623712,-0.6028401455556492,0.06144509204074203,0.8832773655999124,3.085575875519145,-1.3866080256868956,0.31134263245725174
36,-1.0730336198090022,-0.5023804837681127,0.617494391855273,-0.5906170746915385,0.07462243249101998,0.8877703726278046,3.130211148108511,-1.3444478500037207,0.33603647904617073
37,-0.19652400409609005,0.21618832293299947,0.617494391855273,-0.574742151289103,0.08691961314908274,0.8904320971482665,-3.02931811761393,-1.29377324481573,0.38174818713605857
38,-0.41565140802431805,2.3718947430363366,0.617494391855273,-0.5555174687554267,0.09834135821681647,0.8913677111919722,-2.9844915255259257,-1.2528807559628388,0.40591630133656537
39,-1.0730336198090022,-1.2209492904692252,0.617494391855273,-0.5332476546347799,0.10889169516273352,0.8906807427695546,-2.8624146120804657,-1.2000661716105454,0.44887532599688296
40,-0.634778811952546,-1.2209492904692252,0.617494391855273,-0.50823836223648,0.11857406877285506,0.8884723463808943,-2.8163573385099645,-1.1602448400888234,0.47253886067817624
41,0.6799856116168222,-0.14309608041755664,0.617494391855273,-0.4807948011279638,0.12739149005685763,0.8848406451142897,-2.6968284364349464,-1.1050648469134106,0.5130350675765305
42,-0.634778811952546,-0.14309608041755664,0.617494391855273,-0.45122031063498935,0.13534671806483156,0.8798801463237883,-2.6485708227917923,-1.06612242454724,0.5362157396884124
43,-1.0730336198090022,-0.5023804837681127,0.617494391855273,-0.4198149807421489,0.14244247182156577,0.8736812317703573,-2.532500649093383,-1.0083219824478755,0.5744971143157369
44,-1.0730336198090022,0.2161883229329997,0.8104350636623712,-0.3868743246665939,0.14868166738085942,0.8663297220191187,-2.481159702709615,-0.9700617355972367,0.5972202352406815
45,0.6799856116168222,-0.8616648871186691,0.8104350636623712,-0.3526880071526303,0.15406767254679848,0.8579065138328841,-2.369378599849381,-0.9093470521152878,0.63350399725414
46,-0.8539062158807742,1.2940415329846677,0.8104350636623712,-0.3175386328371896,0.1586045697812115,0.8484872883628166,-2.3141740200520315,-0.871555862131873,0.6558000365552654
47,-0.634778811952546,1.6533259363352242,0.8104350636623712,-0.28170059994086777,0.16229741625077462,0.8381422872070841,-2.2074114809702787,-0.8075816088437544,0.6902805079391778
48,0.02260339983213809,1.6533259363352246,0.8104350636623712,-0.24543902546300495,0.16515248908009797,0.8269361529385948,-2.1476796527106097,-0.770013191257955,0.7121857011873576
49,1.556495227329734,-0.8616648871186688,0.8104350636623712,-0.20900874865139382,0.1671775043901236,0.8149278304522611,-2.046546476701077,-0.70236524939515,0.7450398556269103
50,-0.4156514080243179,0.2161883229329997,0.8104350636623712,-0.17265341980413784,0.16838180103772166,0.8021705253635828,-1.9817516082238935,-0.6647165014341831,0.7665961586251895
51,0.4608582076885941,0.934757129634112,0.8104350636623712,-0.1366046811751004,0.16877648330881112,0.7887117156423844,-1.8867254641242581,-0.5928898544114178,0.7979874722622112
52,-1.29216102373723,-0.5023804837681127,0.617494391855273,-0.10108144551873718,0.16837451956952762,0.7745932126659063,-1.8164673670632372,-0.5547678714415117,0.8192420416438233
53,2.2138774391144183,1.6533259363352242,0.617494391855273,-0.06628927599668363,0.16719079529109093,0.7598512679014946,-1.7278823364898919,-0.4781399060207868,0.8493230690752734
54,1.1182404194732785,-0.5023804837681127,0.617494391855273,-0.03241986962293838,0.1652421195033878,0.7445167214188,-1.6519006462911718,-0.4390160271496614,0.870327384502408
55,0.02260339983213809,3.090463549737449,0.617494391855273,0.00034935478765222433,0.16254718448546399,0.728615188296277,-1.5699410302320336,-0.3568165727607354,0.8992413654672471
56,0.24173080376036624,0.934757129634112,0.617494391855273,0.031855564959472206,0.1591264798764751,0.7121672786840182,-1.4881159229691499,-0.31596223097771464,0.9200500838997779
57,0.02260339983213809,-0.8616648871186691,0.617494391855273,0.061950723318559185,0.15500216474439243,0.6951888468630222,-1.412814318147505,-0.22724490623940116,0.9479318232286686
58,-0.8539062158807742,-0.14309608041755664,0.617494391855273,0.09050170140756178,0.1501979045886201,0.6776912641939463,-1.3251640511193332,-0.18364350342405902,0.9686014617724269
59,0.8991130155450504,-0.8616648871186691,0.8104350636623712,0.11739030885546034,0.1447386839464667,0.6596817104473122,-1.2564034551094976,-0.08727119920836608,0.9955777025692698
60,-0.8539062158807742,0.934757129634112,0.8104350636623712,0.14251324567150372,0.13865060764968437,0.6411634777001445,-1.163079196197645,-0.03950318034929969,1.016165268832928
61,2.2138774391144183,-0.14309608041755664,0.8104350636623712,0.16578198612423453,0.13196070401175078,0.6221362808420504,-1.1005985873236437,0.0658219321454662,1.0423547709488559
62,-1.073033619809002,-0.8616648871186691,0.8104350636623712,0.18712260171592723,0.12469674207041664,0.6025965688505308,-1.0018770095653,0.11971080427002222,1.062916474353192
63,-1.0730336198090022,-0.502380483768113,0.8104350636623712,0.20647553039699293,0.11688707372535678,0.5825378314188184,-0.9452796643263338,0.23530913291947556,1.0884299926461267
64,-1.0730336198090022,-0.8616648871186691,0.6174943918552728,0.22379529918407973,0.10856051054093231,0.5619508962029944,-0.8415538524979818,0.29790745661626655,1.109020160182856
65,0.4608582076885941,-1.2209492904692252,0.6174943918552728,0.23905020685611048,0.0997462435294528,0.5408242127864102,-0.7903176546291099,0.4247605937588865,1.1339604765289333
66,-0.8539062158807741,-0.14309608041755664,0.6174943918552728,0.2522219714108882,0.09047381183982252,0.5191441203101085,-0.6820868696830411,0.49921792372092655,1.1546307572141858
67,-0.19652400409608992,-0.5023804837681127,0.6174943918552728,0.26330534357989005,0.08077312301326141,0.496895096475908,-0.635575799469165,0.6372336860707473,1.1790928606415758
68,4.405151478396698,-0.5023804837681128,0.6174943918552728,0.27230768406454675,0.07067452382081356,0.47405998624740076,-0.5234344298847408,0.7267255117177823,1.1998917516434724
69,-0.4156514080243179,-0.861664887118669,0.6174943918552728,0.27924849948838026,0.06020891722228887,0.4506202091013781,-0.4809103570098762,0.8736101920961639,1.2239632065748927
70,0.24173080376036624,-0.14309608041755664,0.6174943918552728,0.2841589313368918,0.04940791797711136,0.42655594421204285,-0.365536235387147,0.9800170790506667,1.2449358964137018
71,1.9947500351861904,0.5754727262835558,0.42455372004817465,0.2870811938427076,0.03830403679270791,0.40184629354731577,-0.32617039775662576,1.1302996574600055,1.2686974057402889
72,-0.8539062158807741,-0.14309608041755664,0.617494391855273,0.28806796001168317,0.026930880495620115,0.37646942352642426,-0.2083127857831197,1.252344452408021,1.2898859093844537
73,3.090387054827331,0.934757129634112,0.4245537200481749,0.2871816981379859,0.015323353841963018,0.3504026865909148,-0.17119683695308172,1.3979007110042385,1.3134120569340624
74,-0.8539062158807741,2.3718947430363366,0.4245537200481749,0.2844939635227249,0.003517847753553905,0.3236227247309873,-0.051664505919629365,1.5302696422875417,1.3348555990116373
75,-0.19652400409609005,1.6533259363352242,0.6174943918552728,0.28008465216011613,-0.008447600647533426,0.29610555767205826,-0.01582134438725736,1.663151179029781,1.3582157326390525
76,0.4608582076885941,0.934757129634112,0.4245537200481749,0.27404122519261853,-0.020533188482157298,0.26782665908522546,0.1045289689715861,1.798194508392643,1.3799513147360196
77,-0.634778811952546,-0.8616648871186691,0.23161304824107648,0.2664579144320574,-0.032697275987645394,0.23876102488202722,0.14013423716201728,1.9138892446834364,1.4032105102915464
78,-0.19652400409608992,-0.14309608041755664,0.23161304824107648,0.25743491950771563,-0.04489636615871857,0.20888323841451772,0.26040893721745917,2.044808767924588,1.425273582256804
79,0.24173080376036624,-1.2209492904692252,0.03867237643397832,0.24707760620875188,-0.057085132342662326,0.17816753816408765,0.29685741154936246,2.1430875486497625,1.4484936123622794
80,-0.19652400409608992,-0.14309608041755664,0.03867237643397832,0.23549571385988297,-0.06921648798147248,0.14658789410986744,0.41613690991802127,2.26585328008511,1.470918753172503
81,0.8991130155450501,-0.14309608041755664,-0.15426829537311984,0.22280257762469421,-0.08124169226894459,0.1141180992829023,0.4545431582131155,2.3492308299862708,1.4941589685071823
82,-1.29216102373723,0.5754727262835558,-0.15426829537311984,0.2091143698585902,-0.09311048677740207,0.08073188299990078,0.5718930334597029,2.4624566718195355,1.5169804693064095
83,0.4608582076885941,-0.5023804837681127,-0.15426829537311984,0.194549363257943,-0.10477125979910543,0.04640305195673393,0.6133906457754709,2.534296053886478,1.5402984922986296
84,-0.19652400409608992,-0.8616648871186688,-0.347208967180218,0.17922721741917666,-0.11617123625610977,0.011105664786681521,0.7278738648486637,2.638226698196452,1.5635507383437313
85,2.4330048430426467,0.5754727262835558,-0.347208967180218,0.16326828918368944,-0.1272566913652401,-0.02518575509545607,0.7735985930263584,2.701632392462202,1.5870028849056712
86,-1.073033619809002,-0.8616648871186691,-0.5401496389873164,0.14679296591355517,-0.13797318631970137,-0.062495964485126135,0.8842896851003782,2.7972391988609533,1.6107204613667245
87,-0.19652400409608992,-0.14309608041755664,-0.5401496389873164,0.12992102030533517,-0.14826582458362178,-0.10084870043518673,0.935359329018519,2.854686462908404,1.6343618415704593
88,1.3373678234015063,1.2940415329846677,-0.3472089671802182,0.11277098583856474,-0.15807952796734398,-0.14026633386565718,1.0413615216884282,2.943134607900149,1.6585793290134705
89,0.24173080376036624,-0.14309608041755664,-0.3472089671802182,0.09545955283986285,-0.16735933207764758,-0.18076947671653038,1.0988516762641218,2.9964685648599776,1.6824636190620184
90,0.4608582076885941,-0.5023804837681127,-0.3472089671802182,0.07810098573900165,-0.1760507006001586,-0.2223765441642565,1.1993179956104085,3.0788701564433554,1.7072150876087118
91,0.8991130155450501,-0.14309608041755664,-0.5401496389873164,0.06080656263513288,-0.18409985694773184,-0.26510327482570584,1.2642327242950737,3.1294248305433494,1.7313940078784058
92,-1.073033619809002,-0.8616648871186691,-0.5401496389873164,0.04368403933002588,-0.19145413044740722,-0.30896221299786736,1.3583918705413973,-3.0764352545814972,1.7567122622869076
93,-0.634778811952546,-0.8616648871186691,-0.5401496389873164,0.026837141395189536,-0.19806231327536675,-0.35396215786500795,1.4316285220468885,-3.027707059706128,1.7812348347638454
94,0.24173080376036593,-0.14309608041755664,-0.7330903107944146,0.010365088886722655,-0.2038750243707035,-0.40010758540607794,1.5188160044659322,-2.9546455569104406,1.8071504934218976
95,-0.4156514080243179,0.5754727262835558,-0.7330903107944146,-0.0056378416809898454,-0.20884507750670223,-0.4473980495796315,1.6011237645573309,-2.9070654124567543,1.8320621680394493
96,-0.19652400409608975,1.6533259363352246,-0.7330903107944146,-0.02108271461526595,-0.21292785200998046,-0.4958275702890166,1.680818098044318,-2.8375991943993455,1.8586026618469162
97,0.4608582076885941,-0.5023804837681127,-0.7330903107944146,-0.03588628971375906,-0.21608166535355772,-0.5453840166354148,1.7727505290938934,-2.7906836887192563,1.8839443932290427
98,-0.8539062158807742,-1.2209492904692252,-0.7330903107944146,-0.04997133387827181,-0.21826814611890005,-0.5960484950259349,1.8446134012728526,-2.7242668023673957,1.9111329588341093
99,0.6799856116168222,0.2161883229329997,-0.5401496389873164,-0.06326689021557612,-0.21945260370086792,-0.6477947527415762,1.9464765139451277,-2.6776711732577168,1.9369403039251054
100,-0.4156514080243179,-1.2209492904692252,-0.5401496389873164,-0.07570850581862981,-0.2196043889178599,-0.7005886084629542,2.010394824313097,-2.613858309932378,1.9647950388450781
101,0.46085820768859437,-0.14309608041755664,-0.5401496389873164,-0.08723841986090451,-0.21869723873571892,-0.7543874218647101,2.122194017303114,-2.567336922284328,1.9910973430944698
102,-1.29216102373723,-0.5023804837681127,-0.5401496389873164,-0.09780571389639202,-0.2167095988048292,-0.8091396146033747,2.178320355998345,-2.505764096138066,2.019630390927362
103,0.02260339983213809,-0.8616648871186691,-0.5401496389873164,-0.1073664263972839,-0.2136249187439439,-0.8647842547844921,2.2997114638318576,-2.459142545772164,2.046450132033437
104,1.3373678234015063,-0.502380483768113,-0.5401496389873164,-0.1158836338214487,-0.2094319164838455,-0.9212507163442413,2.3484980547120307,-2.399510836608659,2.075667064856776
105,0.8991130155450501,-0.8616648871186688,-0.5401496389873164,-0.12332750102015216,-0.20412480937361677,-0.9784584238057898,2.478749449709743,-2.3526660945789035,2.103019416012729
106,0.8991130155450504,1.2940415329846682,-0.5401496389873164,-0.12967530403914004,-0.1977035112358256,-1.036316691632416,2.520969292054764,-2.2947284224952877,2.132918866421043
107,-0.8539062158807741,0.2161883229329997,-0.5401496389873164,-0.13491142736919415,-0.19017379603562212,-1.0947246659170802,2.6589430904733615,-2.2475747057932423,2.1608115189966646
108,-0.634778811952546,0.5754727262835558,-0.7330903107944146,-0.139027335243753,-0.18154742974772725,-1.1535713744246359,2.6956917138711116,-2.1911254135191656,2.19138508729668
109,-0.8539062158807741,-1.2209492904692252,-0.9260309826015127,-0.14202151376770925,-0.1718422716819419,-1.2127358890611997,2.8398521901033598,-2.1436042827700312,2.219818343969001
110,-0.4156514080243179,-0.14309608041755664,-0.9260309826015127,-0.14389937904494654,-0.16108234497910065,-1.2720876027707904,2.872524597447092,-2.088471225975885,2.2510507771719444
111,0.24173080376036593,-0.14309608041755664,-0.9260309826015127,-0.14467314674372744,-0.14929787419952448,-1.331486620806656,3.020980005579543,-2.0405448269792315,2.280017898527059
112,-1.29216102373723,-0.5023804837681127,-1.118971654408611,-0.14436166016925459,-0.13652528698863794,-1.3907842644323494,3.0512197769815423,-1.9865834981399708,2.3118875104393224
113,-0.19652400409608992,0.5754727262835558,-1.118971654408611,-0.14299017588240392,-0.1228071769309884,-1.4498236833971376,-3.081385916794845,-1.9382299750156542,2.341375272054009
114,-0.4156514080243179,-1.2209492904692252,-1.3119123262157093,-0.1405901076462115,-0.10819222529673538,-1.508440571932341,-3.051764666759054,-1.885319079624917,2.373854550551893
115,-0.8539062158807742,0.2161883229329997,-1.5048529980228074,-0.13719873110211542,-0.09273507987634852,-1.5664639814903338,-2.901402294506909,-1.836529406312378,2.403843949864482
116,0.4608582076885941,-0.14309608041755664,-1.6977936698299056,-0.13285885331463357,-0.07649618943926714,-1.6237172220456844,-2.8705144792276562,-1.7845674882620564,2.436900286499938
117,3.090387054827331,0.5754727262835558,-1.6977936698299056,-0.12761845304709224,-0.05954159275762416,-1.6800188426072133,-2.722751887418997,-1.7353432933602002,2.467367334160511
118,-1.29216102373723,-0.502380483768113,-1.6977936698299056,-0.12153029872704257,-0.04194266159243283,-1.7351836807602716,-2.6887522457735114,-1.684246199745689,2.500963810318522
119,-0.634778811952546,0.5754727262835556,-1.890734341637004,-0.11465155066418858,-0.023775797228084688,-1.7890239706022968,-2.5458765793534632,-1.6345983568825153,2.53188034133993
120,-0.19652400409609005,0.21618832293299922,-2.0836750134441018,-0.10704335203313281,-0.005122079864226576,-1.841350498266837,-2.5070685715918066,-1.5842974263813303,2.565976506661031
121,0.4608582076885941,-0.8616648871186691,-2.0836750134441018,-0.09877041073419314,0.013933130418846463,-1.8919737942382695,-2.371144529003219,-1.5342452808704077,2.5973109502968477
122,0.4608582076885941,-1.2209492904692252,-1.890734341637004,-0.08990057309329566,0.033300643019458565,-1.9407053518202098,-2.3260738650715993,-1.484686162775086,2.631863536456762
123,0.6799856116168222,-0.14309608041755664,-2.0836750134441018,-0.08050439046733424,0.052887938622325006,-1.987358861466961,-2.1988406031283256,-1.4342572532269644,2.6635815954334103
124,-0.4156514080243179,-0.502380483768113,-2.0836750134441018,-0.07065467988155623,0.0725997248478566,-2.031751451157279,-2.1463627516661274,-1.3853991807099388,2.6985451234417686
125,-0.634778811952546,-0.8616648871186691,-2.0836750134441018,-0.06042607901226614,0.0923385451975826,-2.073704923423979,-2.0291649184700358,-1.3346292190352016,2.7306103301411113
126,-0.19652400409608992,1.2940415329846682,-2.0836750134441018,-0.04989459454100127,0.1120054380773716,-2.113046979948597,-1.968481280711781,-1.2864444814096394,2.7659375876825645
127,-1.073033619809002,-0.5023804837681127,-2.2766156852512003,-0.03913714211596754,0.13150064006873288,-2.149612424803002,-1.862238278570732,-1.2353773575301814,2.7983117245269606
128,1.556495227329734,0.934757129634112,-2.2766156852512003,-0.028231076477070106,0.15072432565814645,-2.183244337521729,-1.7929012622467129,-1.1878508210132495,2.833954110227984
129,-0.41565140802431805,-0.8616648871186691,-2.2766156852512003,-0.01725371152619918,0.16957737462307046,-2.213795207266416,-1.6981124024378764,-1.1365385940772612,2.866597500510757
130,0.02260339983213809,1.2940415329846682,-2.2766156852512003,-0.006281831417334849,0.18796215813224182,-2.2411280194573022,-1.6200041348265286,-1.0896673447463756,2.902505247652978
131,-0.4156514080243179,-0.14309608041755664,-2.2766156852512003,0.004608805658101803,0.20578333488553094,-2.265117286434471,-1.536782639340578,-1.038170369813083,2.93537693400513
132,-1.29216102373723,-0.5023804837681128,-2.469556357058299,0.015343969376073206,0.22294864888852617,-2.2856500139403146,-1.4500750022368467,-0.9919636518332031,2.971499232882924
133,-0.19652400409609005,0.21618832293299947,-2.469556357058299,0.02585146317748129,0.23936972063955692,-2.302626595429245,-1.3782014960898505,-0.9403509965764092,3.004557063945974
134,1.1182404194732782,-0.8616648871186691,-2.469556357058299,0.03606163145530306,0.25496282348237126,-2.3159616264249157,-1.2833058622749458,-0.8948305542664583,3.0408421039224103
135,0.02260339983213809,2.3718947430363366,-2.469556357058299,0.04590786342592074,0.2696496363383432,-2.3255846314421724,-1.2222915990427645,-0.843180767175998,3.074042751081019
136,-0.19652400409609005,0.934757129634112,-2.469556357058299,0.05532708717162089,0.28335796301721994,-2.33144069642801,-1.1198054892300673,-0.7983816167274501,3.110437704440811
137,1.3373678234015063,3.090463549737449,-2.469556357058299,0.06426024639753194,0.2960224076638267,-2.3334910002225846,-1.0689569256111167,-0.7467838651676045,-3.13944867661575
138,0.6799856116168222,-0.8616648871186691,-2.469556357058299,0.07265275264215615,0.3075849968743795,-2.3317132391221036,-0.9596131357919082,-0.7027555602300246,-3.102997707834444
139,0.02260339983213809,-0.5023804837681127,-2.469556357058299,0.08045490659472637,0.3179957421371918,-2.3261019391908273,-0.918092082251574,-0.6513112972889291,-3.0696463068962174
140,-1.0730336198090022,-0.502380483768113,-2.469556357058299,0.08762228353957893,0.32721314047647265,-2.3166686515128863,-0.8027141128010828,-0.6081199799501554,-3.033194359855841
141,-0.8539062158807742,-0.5023804837681127,-2.469556357058299,0.0941160794839824,0.3352046143616852,-2.3034420261093027,-0.769590216998151,-0.5569455069249296,-2.9998376180701967
142,0.4608582076885941,-0.5023804837681127,-2.6624970288653964,0.09990341538036926,0.3419468925177188,-2.286467760791274,-0.6490559891472959,-0.5146770878824213,-2.9634409283607055
143,2.8712596508991024,-0.861664887118669,-2.6624970288653964,0.10495759623523329,0.34742633135347245,-2.2658084218168617,-0.6233500613941216,-0.4639071821264322,-2.9301273482315504
144,-0.8539062158807741,-0.14309608041755664,-2.6624970288653964,0.10925832031239643,0.3516391734671435,-2.241543133946548,-0.49856417189749686,-0.42267157771489633,-2.893843368448689
145,0.8991130155450504,0.2161883229329997,-2.6624970288653964,0.11279183278637972,0.35459173599726057,-2.2137671384615167,-0.4792819241894483,-0.37246386115262137,-2.8606228031065775
146,1.1182404194732782,0.5754727262835558,-2.6624970288653964,0.11555101923172509,0.35630051790657286,-2.182591218978885,-0.3511556323957784,-0.33239979702316824,-2.824510148242063
147,-0.634778811952546,2.7311791463868933,-2.6624970288653964,0.11753543668921779,0.3567922120973368,-2.148140996440655,-0.3373125303623085,-0.2829392582919813,-2.7914336963736117
148,-1.073033619809002,1.2940415329846682,-2.6624970288653964,0.11875128241245025,0.3561036063393401,-2.110556096391898,-0.2067507257945923,-0.2442190494270669,-2.755551989476449
149,0.24173080376036624,5.964738776541899,-2.6624970288653964,0.11921130195509749,0.35428135724585025,-2.0699891935485177,-0.19738967022971723,-0.19572216209555762,-2.7226717818536184
150,0.6799856116168222,-0.5023804837681127,-2.6624970288653964,0.11893463862439718,0.35138162472332984,-2.026604940677601,-0.06528419292041328,-0.1585560402354206,-2.687081384663855
151,-0.8539062158807741,0.2161883229329997,-2.469556357058299,0.11794662542134723,0.3474695606542034,-1.9805787909815007,-0.05948771577926508,-0.11127421093563516,-2.654450253315853
152,0.6799856116168222,-1.2209492904692252,-2.2766156852512003,0.11627851904709116,0.3426186539156872,-1.9320957254777713,0.07328399772731196,-0.07591417997880283,-2.6192118799368425
153,1.9947500351861904,2.0126103396857804,-2.0836750134441018,0.11396717430123973,0.33690994150774056,-1.881348899222308,0.07638603008349977,-0.030136692862622914,-2.586882916374334
154,0.6799856116168222,0.5754727262835558,-1.8907343416370037,0.11105465669841955,0.3304311000396218,-1.828538222461753,0.20895834614439862,0.003119827360829549,-2.5520571460538553
155,0.6799856116168222,1.2940415329846682,-1.6977936698299056,0.1075877916654695,0.3232754330812622,-1.7738688947061627,0.2101849865370258,0.04706326753912061,-2.5200831753116204
156,0.6799856116168222,-0.5023804837681127,-1.5048529980228074,0.10361765059026881,0.315540770135001,-1.7175499111117187,0.3416986560996788,0.07787030660288531,-2.4857299011627796
157,0.02260339983213809,2.7311791463868933,-1.3119123262157093,0.0991989770209345,0.3073282940599141,-1.659792561374265,0.34181741376244473,0.1196082528256927,-2.4541629169839467
158,1.1182404194732782,-1.2209492904692252,-1.1189716544086108,0.09438955949900185,0.298741315755261,-1.6008089415404243,0.47141171770689905,0.14757010497317272,-2.4203407811521247
159,0.4608582076885941,0.2161883229329997,-0.9260309826015127,0.0892495600939874,0.2898840170726209,-1.5408104987487838,0.4711401807459254,0.1866911203163465,-2.3892313953543645
160,-0.8539062158807742,-0.5023804837681127,-0.7330903107944146,0.08384080967304483,0.28086018478176183,-1.4800066279262558,0.5979421823423594,0.21136558753806073,-2.3559972629091797
161,-1.0730336198090022,-1.2209492904692252,-0.7330903107944146,0.07822608253506586,0.2717719594603299,-1.4186033378937422,0.5979501250137518,0.2474258765010265,-2.32539421879349
162,0.4608582076885941,-0.861664887118669,-0.7330903107944146,0.07246836405746215,0.26271862279317465,-1.35680200221209,0.7210600658867506,0.2683357297753237,-2.292802734967752
163,0.6799856116168222,-0.5023804837681127,-0.7330903107944146,0.0666301248537795,0.25379544471138826,-1.2947982075199116,0.7219701534041189,0.3008768836546831,-2.2627525226150613
164,-0.634778811952546,-0.14309608041755664,-0.7330903107944146,0.06077261358901342,0.2450926083727377,-1.2327807092656058,0.8404416213235681,0.31753536073074956,-2.2308557812707916
165,-0.19652400409609005,-0.5023804837681128,-0.7330903107944146,0.0549551789791709,0.23669422681707014,-1.1709305018481362,0.8428263146082197,0.3461184229778569,-2.2014023714409445
166,0.6799856116168222,-0.14309608041755664,-0.7330903107944146,0.04923463048106982,0.22867746100100436,-1.1094200074395208,0.9556395421317845,0.3580769025647646,-2.1702496985945983
167,-0.634778811952546,0.934757129634112,-0.7330903107944146,0.04366464666147434,0.2211117454153227,-1.0484123852589065,0.9600107893692348,0.38234040802698244,-2.141434387725875
168,-0.8539062158807741,-1.2209492904692252,-0.7330903107944146,0.03829523971693317,0.21405812479144043,-0.9880609608298038,1.0660369383257833,0.3892670299621657,-2.1110722226148826
169,0.4608582076885941,0.5754727262835558,-0.7330903107944146,0.03317228390402357,0.20756870345411113,-0.9285087727810983,1.0728221801481115,0.40901486535881026,-2.0829335648289957
170,-0.41565140802431805,0.934757129634112,-0.7330903107944146,0.028337114652077493,0.20168620752242175,-0.8698882330474026,1.1707751724710622,0.4108079248007451,-2.0534054094430902
171,-0.8539062158807741,0.2161883229329997,-0.7330903107944146,0.023826203762351554,0.19644365918530757,-0.8123208948830533,1.180266108703583,0.4261237272978635,-2.0259792037280375
172,-0.8539062158807741,0.934757129634112,-0.7330903107944146,0.019670914470588434,0.1918641617155916,-0.7559173219237576,1.268637060386596,0.42304842226765,-1.9973256063176954
173,-0.4156514080243182,0.21618832293299947,-0.9260309826015127,0.015897338366839077,0.18796079407618735,-0.7007770506104262,1.2808823956360114,0.4344136505157589,-1.970644902601582
174,-0.8539062158807742,-1.2209492904692252,-0.7330903107944146,0.012526213981172298,0.18473661498400976,-0.6469886376466943,1.357851228223784,0.4272239848496777,-1.9429034365209947
175,1.7756226312579626,-1.2209492904692252,-0.7330903107944146,0.009572924091858552,0.18218477754458368,-0.5946297838329837,1.372429793866541,0.4355908346643048,-1.916998520217124
176,-0.19652400409609005,-0.5023804837681128,-0.5401496389873164,0.0070475659523255504,0.18028875603458075,-0.5437675256235633,1.4357534059779415,0.4255716058409736,-1.890203716021298
177,0.24173080376036593,-0.8616648871186691,-0.5401496389873164,0.004955086575727123,0.17902268518732922,-0.49445848601490117,1.451279653163886,0.43232888186091917,-1.8651020288511537
178,-1.29216102373723,0.2161883229329997,-0.5401496389873164,0.003295474586649687,0.17835180930316194,-0.44674917673103004,1.4981830310730715,0.42119488914897235,-1.8392852191993736
179,1.7756226312579626,3.449747953088005,-0.5401496389873164,0.0020640006163040805,0.17823303457800532,-0.40067634398133534,1.511179404575389,0.42799332606696816,-1.8150111793960049
180,0.6799856116168222,-1.2209492904692252,-0.5401496389873164,0.0012514987880542505,0.1786155747378955,-0.3562673503020553,1.5383878064065706,0.4176394089565343,-1.7902002242665427
181,-0.634778811952546,-0.14309608041755664,-0.5401496389873164,0.0008446820932081975,0.1794416787562758,-0.313540585236392,1.5405680942736113,0.4261155163850928,-1.7667749161186574
182,-0.19652400409608975,-0.5023804837681127,-0.5401496389873164,0.0008264849473177682,0.18064743036794026,-0.2725058979636327,1.545059987460654,0.4182980074690656,-1.7429937787985172
183,1.5564952273297348,-0.14309608041755664,-0.5401496389873164,0.0011764273065671405,0.18216361085247998,-0.2331650455166393,1.5165065054864586,0.4298013544119949,-1.7204344788423585
184,-1.29216102373723,0.21618832293299947,-0.5401496389873164,0.0018709958761054524,0.18391661722875816,-0.1955121509451614,1.4992740337341965,0.42587647241707804,-1.697702617748821
185,-0.19652400409609005,-0.14309608041755664,-0.3472089671802181,0.002884038632513984,0.18582942706130318,-0.15953416668242132,1.3924117127701308,0.4413030019063655,-1.6760221199511283
186,1.3373678234015063,0.934757129634112,-0.3472089671802181,0.0041871692020784695,0.18782259945261426,-0.12521133942413198,1.3728779183374855,0.4421080435517267,-1.6543536624540216
187,1.556495227329734,-0.14309608041755664,-0.15426829537311995,0.005750177757960433,0.18981530047855685,-0.09251767395663457,1.0965156981225053,0.4618746442560977,-1.633559374088559
188,-1.29216102373723,-0.5023804837681127,0.03867237643397832,0.0075414452624089565,0.19172634068127437,-0.06142139444928739,1.1442198888637294,0.46775355387927736,-1.6129620599686048
189,-0.4156514080243182,0.934757129634112,0.03867237643397832,0.009528358691931839,0.19347521212475915,-0.03188540261443195,0.662241823666018,0.49187838206496504,-1.5930548726617766
190,-0.19652400409608975,-0.14309608041755664,0.03867237643397832,0.011677726420517572,0.1949831125344852,-0.003867732717983737,0.8537149655115567,0.5027941162458516,-1.5735287995741714
191,-0.4156514080243182,0.21618832293299947,0.03867237643397832,0.013956194084380667,0.19617394388014375,0.022677996357823756,0.3303076990752475,0.5310201087595349,-1.5545017915499941
192,-0.4156514080243179,-0.8616648871186688,0.03867237643397832,0.016330660956606312,0.19697527249289265,0.047802131882340504,0.6074676364795849,0.5466889542546335,-1.5360380491939323
193,-1.0730336198090022,-0.502380483768113,0.03867237643397832,0.018768695317291022,0.19731923753365832,0.07155854099164782,0.17468389582760072,0.5786015539208995,-1.5178751241501374
194,0.46085820768859437,3.090463549737449,0.03867237643397832,0.02123894527791665,0.19714339407420242,0.09400416769731698,0.45857637991974337,0.5986086688432837,-1.5004544442499275
195,0.4608582076885941,0.5754727262835556,0.23161304824107648,0.023711539359665045,0.19639147610365285,0.11519859368229395,0.12569753654356144,0.6337252665551822,-1.483129041205759
196,-0.8539062158807739,-0.5023804837681127,0.23161304824107648,0.026158469004430994,0.19501406424684065,0.1352036034448441,0.38990231312097406,0.6576074599739267,-1.4667206101838353
197,0.24173080376036624,4.527601163139674,0.23161304824107648,0.028553943522266124,0.1929691440592033,0.15408275440716085,0.1312421376064229,0.6954359528522981,-1.4501946337297251
198,1.7756226312579626,0.2161883229329997,0.23161304824107648,0.030874707013164755,0.19022254367351907,0.17190095274630585,0.3722246482246749,0.7227339106403615,-1.4347552286084089
199,-0.19652400409608975,-0.14309608041755664,0.23161304824107648,0.03310030641089972,0.18674824371654658,0.1887240359827559,0.16520317520633862,0.76280674685752,-1.4189783631390036
200,2.871259650899103,-1.2209492904692252,0.23161304824107648,0.035213300026654314,0.18252855729260412,0.204618363735393,0.3849896079220502,0.793094512953034,-1.4044519810068774
201,-0.634778811952546,1.2940415329846682,0.23161304824107648,0.0371993973141486,0.17755418259742795,0.2196504184346954,0.2143816665126094,0.8349859698762163,-1.389361554788426
202,2.4330048430426467,0.21618832293299947,0.23161304824107648,0.03904752333295269,0.17182413384322387,0.23388641811742228,0.41570516220638803,0.8678852733641546,-1.3756796916859435
203,-0.634778811952546,1.6533259363352242,0.23161304824107648,0.04074980520064526,0.16534555703945655,0.24739194368768264,0.2715877400995812,0.9112181595864483,-1.361201226279602
204,-0.4156514080243182,0.2161883229329997,0.23161304824107648,0.04230148196697452,0.15813343710079888,0.2602315832216916,0.4568170894386059,0.9464034056972798,-1.3482839103578461
205,1.3373678234015063,0.934757129634112,0.23161304824107648,0.04370074303560017,0.15021020346860736,0.27246859602048945,0.33260145480383285,0.9908497358151789,-1.334332427202248
206,-0.634778811952546,-0.14309608041755664,0.23161304824107648,0.04494850286747724,0.14160524340695577,0.28416459917987735,0.5036191240247719,1.0280479943315333,-1.322090031617278
207,2.871259650899103,0.5754727262835556,0.23161304824107648,0.04604812112492775,0.13235433470269087,0.2953792794529863,0.3948011630309521,1.073326910363436,-1.3085721012746738
208,-1.29216102373723,-0.5023804837681127,0.23161304824107648,0.047005078347674804,0.12249901181873883,0.3061701331311277,0.5530887170139359,1.1123158057522184,-1.2969078654944741
209,-0.8539062158807739,0.5754727262835556,0.23161304824107648,0.04782661860123883,0.1120858811617059,0.31659223656549923,0.45650869265386607,1.1581906552332533,-1.2837242861938767
210,-0.4156514080243182,-0.8616648871186688,0.03867237643397832,0.04852137236412681,0.1011659019646945,0.32669804979502337,0.60325513971585,1.1987956747832795,-1.2725373715788022
211,-0.4156514080243179,0.5754727262835558,0.03867237643397832,0.049098974155272083,0.08979364948471985,0.33653725551330366,0.5166589314573015,1.245071095249906,-1.2595862645626403
212,-1.29216102373723,-0.5023804837681127,0.03867237643397832,0.049569688938460886,0.07802657693801142,0.3461566352369108,0.6528499619644469,1.2871629779432778,-1.2487750755933316
213,-0.19652400409608992,-0.14309608041755664,0.03867237643397832,0.04994405918401273,0.06592429200638177,0.3555999839380918,0.5746216720000253,1.3336823158208717,-1.2359551004805045
214,-0.634778811952546,-1.2209492904692252,0.03867237643397832,0.050232581436559266,0.05354786297367649,0.3649080635331789,0.701103886557928,1.3771747852867098,-1.2254205345294684
215,0.02260339983213809,-0.861664887118669,0.23161304824107648,0.050445417962631404,0.04095916855244455,0.37411859452363383,0.6300957733556084,1.423817927728032,-1.2126338801687793
216,-0.19652400409609033,-0.861664887118669,0.23161304824107648,0.05059214584874926,0.02822030392275951,0.383266283885096,0.747619681121123,1.4686657876210774,-1.2022821542997502
217,0.02260339983213809,0.5754727262835556,0.42455372004817465,0.05068154312043981,0.015393053100524754,0.3923828861257354,0.683038809918507,1.5153472889078314,-1.1894369814011982
218,-0.634778811952546,-1.2209492904692252,0.42455372004817465,0.050721409300331276,0.002538434628795193,0.4014972934264397,0.7922863458561284,1.561544698556924,-1.1791817515051741
219,1.5564952273297348,-0.8616648871186691,0.42455372004817465,0.05071841627870997,-0.0102836755872718,0.4106356500466707,0.7336155470898603,1.608211966883364,-1.166193864965341
220,0.4608582076885941,-1.2209492904692252,0.42455372004817465,0.05067798428826537,-0.023014843185526695,0.4198214857772282,0.8352172270572898,1.655790671472752,-1.155957488575725
221,1.1182404194732785,-0.14309608041755664,0.4031158676251636,0.050604177293724094,-0.03559829735432367,0.42907586309870555,0.782157496407656,1.702422041180958,-1.1427511653378206
222,-0.19652400409608975,-0.8616648871186691,0.6174943918552728,0.05049961265728558,-0.04797908015981671,0.43841753275214823,0.8767030188469673,1.7514493953471297,-1.1324651120977798
223,-1.0730336198090022,0.2161883229329997,0.6174943918552728,0.05036538163001455,-0.06010413070906849,0.44786309255006107,0.8291293880786543,1.7980519614631794,-1.1189731472805247
224,0.46085820768859437,-0.5023804837681127,0.6174943918552728,0.050200979309445594,-0.07192231483564517,0.4574271444450697,0.9171739290762329,1.8486285909721918,-1.108577679740105
225,0.8991130155450501,0.5754727262835558,0.6174943918552728,0.050004244040891606,-0.08338441347197524,0.4671224452036408,0.875098886940548,1.89523575067111,-1.0947408081552323
226,0.02260339983213809,0.5754727262835556,0.6174943918552728,0.04977130634955048,-0.09444308445133957,0.47696004655555807,0.957165744032282,1.9474928356242134,-1.0841841306581281
227,0.24173080376036593,2.0126103396857804,0.6174943918552728,0.049496547062709055,-0.10505281309002974,0.48694942136524366,0.920705666131887,1.9941617479170728,-1.0699500375360635
228,1.1182404194732782,-1.2209492904692252,0.6174943918552728,0.04917256433288827,-0.11516986632537145,0.49709857310362704,0.9972857806386645,2.0482581876388988,-1.0591871485397322
229,-1.0730336198090022,0.2161883229329997,0.6174943918552728,0.04879015007094235,-0.1247522632652431,0.5074141266184798,0.9666284389310336,2.095067669250106,-1.0445093002028325
230,0.02260339983213809,0.934757129634112,0.6174943918552728,0.04833827740527518,-0.1337597721852491,0.5179013988812962,1.0381780859050003,2.1511875922410963,-1.033500775913912
231,0.6799856116168222,-0.14309608041755664,0.6174943918552728,0.0478041016728084,-0.142153941314773,0.5285644490256272,1.013551382214997,2.198237131147059,-1.0183372748499275
232,1.556495227329734,2.0126103396857804,0.6174943918552728,0.04717297780026903,-0.1498981687566949,0.5394061075845865,1.0804891548160658,2.2565881722700705,-1.0070481688285517
233,-0.8539062158807739,0.2161883229329997,0.6174943918552728,0.046428496943953075,-0.1569578150789239,0.5504279853833133,1.062131945188145,2.3039986549887406,-0.9913607875163136
234,0.6799856116168222,-0.502380483768113,0.6174943918552728,0.045552545657297695,-0.16330035964988457,0.5616304630447764,1.1248358352015424,2.364811184456331,-0.979759774656628
235,-0.4156514080243176,0.934757129634112,0.6174943918552728,0.044525392038294594,-0.1688955984970275,0.5730126625236688,1.1129721837129762,2.4127278868218607,-0.9635132670245566
236,-0.8539062158807742,0.5754727262835556,0.6174943918552728,0.04332580467979565,-0.17371587798278,0.5845724024925036,1.1717774031477917,2.476255280710706,-0.9515721039479226
237,-0.8539062158807739,-1.2209492904692252,0.6174943918552728,0.04193121089288252,-0.17773635563082174,0.5963061397656122,1.166595355648588,2.5248538088136314,-0.9347338406720753
238,-0.634778811952546,-0.8616648871186691,0.6174943918552728,0.04031790013720472,-0.18093527715842853,0.6082088992597773,1.2217928811346355,2.591373683790244,-0.9224271637982097
239,-0.8539062158807739,-1.2209492904692252,0.6174943918552728,0.03846127681383452,-0.183294257175015,0.6202741952539439,1.223427933543705,2.6408694968593287,-0.9049670919461348
240,0.24173080376036593,-0.5023804837681127,0.6174943918552728,0.036336163753135524,-0.18479855057077738,0.6324939469240622,1.2752635189755979,2.710685297313306,-0.8922725325778978
241,-0.19652400409608975,0.2161883229329997,0.6174943918552728,0.033917154390097216,-0.18543730280218684,0.6448583912919001,1.2837868717532805,2.7613471421515783,-0.8741634237970495
242,0.6799856116168222,-0.5023804837681127,0.6174943918552728,0.03117900848328429,-0.1852037696303136,0.6573559968378713,1.3324610055426789,2.8347886000014437,-0.8610619881593639
243,-0.8539062158807739,-1.2209492904692252,0.6174943918552728,0.028097083899387816,-0.1840954992556961,0.6699733810868774,1.3478732629604826,2.8869556872895394,-0.8422799137961394
244,0.6799856116168222,-0.8616648871186691,0.6174943918552728,0.024647795665994836,-0.1821144714933972,0.6826952354821909,1.3935431074260418,2.964375552753101,-0.8287565555732229
245,0.46085820768859437,-0.5023804837681127,0.6174943918552728,0.020809092939589956,-0.17926718991541238,0.695504260814881,1.4157739609466293,3.0184777360889705,-0.8092815118146022
246,-1.29216102373723,-0.502380483768113,0.6174943918552728,0.0165609443223843,-0.1755647245067207,0.7083811163746625,1.4585578020672607,3.1002409423227824,-0.7953258147871121
247,0.46085820768859437,0.5754727262835558,0.6174943918552728,0.011885821854363952,-0.17102270457702717,0.721304385831786,1.4874710977721464,-3.126365096192893,-0.775142415262411
248,0.6799856116168222,-0.502380483768113,0.6174943918552728,0.006769173855429453,-0.16566126389280647,0.7342505626482674,1.5274547945432888,-3.039905428575864,-0.7607493027830827
249,0.8991130155450501,0.5754727262835558,0.6174943918552728,0.001199876438799749,-0.15950494150520142,0.7471940575499907,1.5628572966515024,-2.9801760825582226,-0.7398474584385282
250,-0.19652400409608975,-0.14309608041755664,0.6174943918552728,-0.004829346792384018,-0.1525825422299198,0.7601072302687404,1.600101694871289,-2.888723646295466,-0.7250178527062168
251,0.46085820768859437,-1.2209492904692252,0.6174943918552728,-0.011321546974391299,-0.14492696037771433,0.7729604473848157,1.6417536513645974,-2.825031911787306,-0.7033933670554589
252,0.02260339983213809,-0.861664887118669,0.6174943918552728,-0.018275222989093308,-0.13657496965893973,0.7857221676664828,1.6763020995210993,-2.7284225258950903,-0.6881347321176153
253,-0.634778811952546,0.5754727262835558,0.6174943918552728,-0.02568405255583333,-0.12756698188389887,0.7983590558121282,1.7239281509353772,-2.6598328800699558,-0.6657897518738061
254,2.4330048430426463,-0.5023804837681127,0.6174943918552728,-0.03353668755025277,-0.11794677767868798,0.8108361249547498,1.7558135422735957,-2.558147697708403,-0.6501164677068205
255,0.46085820768859437,-0.5023804837681127,0.6174943918552728,-0.04181661893718785,-0.1077612137668548,0.8231169076866148,1.8091128940508399,-2.483663054885306,-0.6270597422477135
256,0.02260339983213809,0.5754727262835558,0.6174943918552728,-0.05050211574609617,-0.09705991267298247,0.8351636547049299,1.8383637873430232,-2.377377725204778,-0.6109932713690402
257,-0.19652400409608975,0.21618832293299947,0.6174943918552728,-0.05956624064372111,-0.08589494147713297,0.8469375594677698,1.897018972400243,-2.2960714714401838,-0.5872401882301005
258,0.6799856116168222,0.934757129634112,0.8104350636623712,-0.06897694196812779,-0.07432048649157051,0.8583990064872516,1.923664663144835,-2.1862154681984145,-0.5708090106193104
259,-0.8539062158807739,1.2940415329846682,0.8104350636623712,-0.07869721957706804,-0.06239253037277301,0.8695078400977435,1.9873487182016933,-2.097447056344391,-0.5463813889107223
260,-1.073033619809002,-1.2209492904692252,1.0033757354694695,-0.08868536035007521,-0.05016853689615576,0.8802236497903929,2.011423277702396,-1.9857082983226255,-0.5296206980272018
261,1.9947500351861904,1.2940415329846682,1.0033757354694695,-0.09889523871065609,-0.03770714635542567,0.890506067616969,2.0798052219140484,-1.8893941444223301,-0.5045463420794312
262,-0.8539062158807739,-0.8616648871186688,1.0033757354694695,-0.10927667780413972,-0.025067881876657008,0.9003150728483642,2.101350342999812,-1.7780704397712674,-0.4874975213901104
263,0.4608582076885941,-0.14309608041755664,1.0033757354694695,-0.11977586749450911,-0.01231086470613858,0.909611299073358,2.1740988107685633,-1.674914162706751,-0.4618095697086184
264,-0.634778811952546,-1.2209492904692252,1.0033757354694695,-0.13033583544606214,0.0005034647591009838,0.918356339197385,2.19316540401512,-1.566634032831147,-0.44451950697862874
265,0.46085820768859437,0.5754727262835558,1.0033757354694695,-0.14089696700575388,0.0133146237044048,0.9265130442398604,2.269950592528875,-1.458175336241787,-0.41825564838053436
266,2.871259650899103,0.21618832293299947,1.0033757354694695,-0.1513975688551921,0.026062364226997488,0.9340458123198255,2.286599446736093,-1.3554234110420607,-0.40077597434918266
267,-0.41565140802431805,-0.8616648871186691,1.0033757354694695,-0.16177447060169645,0.03868695279423459,0.9409208646968894,2.3670938777086312,-1.2438188107601007,-0.37397761882863007
268,-1.0730336198090022,-0.8616648871186691,1.0033757354694695,-0.17196365689812868,0.05112945207414703,0.9471065061771702,2.3813958915946096,-1.1484480670662092,-0.3563639569184588
269,-1.29216102373723,0.2161883229329997,1.0033757354694695,-0.18190091987243034,0.06333200440277989,0.9525733676014821,2.4652745854507274,-1.0360499960675238,-0.3290754355187528
270,-0.4156514080243182,0.5754727262835558,1.0033757354694695,-0.191522518730716,0.0752381150761883,0.9572946285080338,2.477311067884506,-0.9490013719221355,-0.3113867272419598
271,-1.29216102373723,0.934757129634112,1.0033757354694695,-0.20076583227624628,0.08679293218926684,0.9612462184072668,2.5642516248752143,-0.8379272398145816,-0.28365456992903093
272,-0.634778811952546,0.934757129634112,1.0033757354694695,-0.20956999144414473,0.09794351849797031,0.9644069954251511,2.5741148229317288,-0.7592476313316505,-0.2659525155329918
273,-0.634778811952546,-1.2209492904692252,1.0033757354694695,-0.21787648185814382,0.10863911070596564,0.9667589013663428,2.663797374819131,-0.6511088790634287,-0.23782483316271744
274,-0.8539062158807739,-0.5023804837681127,1.0033757354694695,-0.22562970968875914,0.11883136280644864,0.9682870925233528,2.671590776590315,-0.5801846026942057,-0.22017346739986873
275,1.7756226312579622,0.934757129634112,1.0033757354694695,-0.23277752714379946,0.1284745716486131,0.9689800458155763,2.7636973316031264,-0.47601952075091514,-0.19169944721248267
276,-1.29216102373723,0.934757129634112,1.0033757354694695,-0.2392717164125792,0.13752588353723574,0.9688296400861119,2.7695351927698817,-0.4118716490477195,-0.17416485715516078
277,-0.634778811952546,0.934757129634112,1.0033757354694695,-0.24506843238265913,0.14594548031158244,0.9678312126182451,2.863748052956227,-0.31222121169142075,-0.14539437073773606
278,0.24173080376036624,-0.502380483768113,1.0033757354694695,-0.2501286048212124,0.15369674314435125,0.9659835911608486,2.8677539625995663,-0.25375080827356106,-0.12804455564438486
279,0.8991130155450501,-0.5023804837681127,1.0033757354694695,-0.2544183005398914,0.16074639322834833,0.9632891019763574,2.963753262745796,-0.15879155142202542,-0.09902787307514894
280,-0.4156514080243179,1.2940415329846682,1.0033757354694695,-0.25790904599074677,0.1670646101669267,0.9597535546500532,2.9660579020198217,-0.10493661973598234,-0.08193274444223707
281,-0.19652400409609005,-0.14309608041755664,1.0033757354694695,-0.26057811058881397,0.17262513009471556,0.9553862046288025,3.0635185271865684,-0.01461100254853864,-0.0527203473042975
282,-0.19652400409608975,0.2161883229329997,1.0033757354694695,-0.26240875029333793,0.1774053258987974,0.9501996946948071,3.0642568432591335,0.03557453132455603,-0.03595186931325663
283,-0.19652400409608975,-0.502380483768113,1.0033757354694695,-0.2633904097893627,0.18138627194385673,0.9442099768289828,-3.1203403251846478,0.12145570173625551,-0.0065943572353626715
284,-0.19652400409608975,0.2161883229329997,0.8104350636623712,-0.26351888068069695,0.1845527958812525,0.937436216179669,-3.1210323436863976,0.1687750569735851,0.009773167613867598
285,0.8991130155450504,-0.5023804837681127,0.8104350636623712,-0.2627964126899014,0.18689352016489003,0.9299006791061932,-3.0216627593452374,0.25046171602908657,0.03922507928028907
286,-1.0730336198090022,-0.5023804837681128,0.8104350636623712,-0.2612317746343313,0.18840089537155413,0.9216286074515739,-3.02365158342143,0.2955769555644828,0.05511457076209754
287,-1.0730336198090022,-0.14309608041755664,0.8104350636623712,-0.2588402615271999,0.1890712262787123,0.9126480812263541,-2.923862370513737,0.3733347163658035,0.08460996612190365
288,-0.4156514080243182,0.5754727262835556,0.8104350636623712,-0.255643643609552,0.18890469005038474,0.9029898717138388,-2.92702071850261,0.41678132755057984,0.09994097015362695
289,-0.634778811952546,0.5754727262835556,0.8104350636623712,-0.2516700530613864,0.18790534405015336,0.8926872866849132,-2.8271927304619977,0.4908648393096531,0.1294285811564872
290,-1.073033619809002,-0.14309608041755664,0.8104350636623712,-0.24695380511325143,0.18608111919958856,0.8817760090327779,-2.831403733633192,0.5330704395577452,0.14411653662033974
291,-1.073033619809002,-0.14309608041755664,0.8104350636623712,-0.2415351521534429,0.18344379395100519,0.8702939297727591,-2.7319398307691736,0.6037090098768843,0.17354457497372994
292,-1.073033619809002,-0.5023804837681127,0.8104350636623712,-0.23545997173644434,0.18000894385521352,0.8582809760256223,-2.737101890457986,0.6450120502284665,0.18749999085654792
293,1.3373678234015063,2.3718947430363366,0.8104350636623712,-0.22877939198554623,0.1757958617791468,0.8457789343205987,-2.63842965659326,0.7124031227830515,0.21681603969508448
294,0.8991130155450501,3.090463549737449,0.8104350636623712,-0.2215493606200061,0.17082744367915445,0.8328312693192382,-2.644462704603245,0.7530699606918505,0.22994364815480678
295,-1.29216102373723,-0.5023804837681127,0.8104350636623712,-0.21383016598192897,0.16513003517860417,0.8194829378757074,-2.547037132970755,0.8173774870022235,0.25909470655431466
296,0.8991130155450506,0.2161883229329997,0.8104350636623712,-0.205685919017293,0.1587332363932594,0.8057801982155445,-2.553891375813416,0.8576174580098133,0.2712926701637208
297,0.24173080376036593,-0.8616648871186688,0.8104350636623712,-0.19718400414843168,0.15166966668663298,0.791770413935283,-2.458197672302643,0.9189732607025255,0.3002254587783421
298,-0.4156514080243179,-0.14309608041755664,0.8104350636623712,-0.18839450536964134,0.1439746954923406,0.7775018525016744,-2.4658660262436896,0.9589517727216971,0.3113847242972428
299,1.1182404194732785,-0.8616648871186691,0.6174943918552728,-0.17938961249208224,0.1356861478123699,0.763023477959957,-2.372422151917567,1.0174583508849495,0.3400463782285332
300,-0.634778811952546,0.21618832293299947,0.6174943918552728,-0.17024301121237848,0.126843992908163,0.7483847376243954,-2.3809574362652945,1.0573077581024761,0.3500502878841628
301,-0.41565140802431805,-0.14309608041755664,0.8104350636623712,-0.16102925935280213,0.11749002296694043,0.7336353425603903,-2.2903152186254867,1.1130411624662973,0.37838958533688505
302,-0.4156514080243179,1.2940415329846682,0.8104350636623712,-0.15182315034703275,0.10766752632558434,0.7188250416083751,-2.2998531176956267,1.152869289281055,0.38711388365488325
303,-0.8539062158807742,0.934757129634112,0.8104350636623712,-0.14269906423327014,0.09742095806545759,0.7040033885659652,-2.2125958086641093,1.2058814176613446,0.4150831909742662
304,-1.073033619809002,-0.5023804837681127,0.8104350636623712,-0.1337303064858063,0.08679561013140702,0.6892195020743055,-2.2233845045727163,1.2457781678103634,0.4223966069951957
305,0.46085820768859437,-1.2209492904692252,0.8104350636623712,-0.12498843611202529,0.07583728382850959,0.6745218178849739,-2.1401172751245836,1.2960984982861925,0.4499547610705862
306,-0.8539062158807742,0.2161883229329997,0.8104350636623712,-0.11654258633783737,0.06459196898631425,0.6599578335349963,-2.1525542055647655,1.336141200976292,0.45572038732631676
307,-0.8539062158807742,-0.5023804837681127,0.8104350636623712,-0.10845878342551321,0.053105534940246016,0.645573845960961,-2.0738822018348735,1.383778040033218,0.4828367524791077
308,-1.29216102373723,0.934757129634112,0.8104350636623712,-0.10079927127899838,0.04142343791952721,0.6314146831766627,-2.088557232179432,1.4240358798660278,0.48691444389325234
309,1.5564952273297348,-1.2209492904692252,0.8104350636623712,-0.09362185149209004,0.029590447902045677,0.6175234317989166,-2.0150434512440896,1.4689769184663688,0.5135743423188776
310,0.24173080376036593,0.934757129634112,0.8104350636623712,-0.08697925064278683,0.017650396577051492,0.6039411629293207,-2.03278473610294,1.5095145221382973,0.5158243065669315
311,0.6799856116168222,0.5754727262835556,0.6174943918552728,-0.08091852861205359,0.005645947282774136,0.5907066596817702,-1.9648773458534694,1.5517264872539411,0.5420359284670432
312,0.02260339983213809,-0.14309608041755664,0.6174943918552728,-0.07548054252585139,-0.006381612438462341,0.577856150462603,-1.986789529150451,1.5926068546155758,0.5423235691590281
313,-1.29216102373723,-0.5023804837681127,0.42455372004817465,-0.07069948011231057,-0.018392554778712326,0.5654230528926332,-1.924707090060442,1.6320342154212222,0.5681263126408618
314,1.556495227329734,0.2161883229329997,0.23161304824107648,-0.06660247460079638,-0.03034887050815026,0.553437733889062,-1.952179293374867,1.6733212681080196,0.5663282003549074
315,0.8991130155450501,-0.8616648871186691,0.23161304824107648,-0.06320931195853273,-0.04221440037841713,0.5419272917649178,-1.8957469064516017,1.7098838856090006,0.5918021723004548
316,2.2138774391144187,-1.2209492904692252,0.23161304824107648,-0.06053224052416191,-0.05395493652068453,0.530915366141534,-1.9303896555595301,1.7516447496451868,0.5878127643261024
317,1.9947500351861904,-1.2209492904692252,0.23161304824107648,-0.05857589192187012,-0.06553829190276085,0.5204219809581079,-1.8788378234365644,1.7852340505973798,0.6130889395077985
318,1.3373678234015063,0.21618832293299947,0.23161304824107648,-0.05733731916733697,-0.07693433749693888,0.5104634249649848,-1.9222916183035441,1.8275409184661433,0.6068274005048471
319,-1.0730336198090022,0.934757129634112,0.23161304824107648,-0.05680615268920905,-0.08811500935012588,0.5010521729620346,-1.8740728330115575,1.858013839818241,0.6320977713286352
320,-0.19652400409608975,-0.14309608041755664,0.23161304824107648,-0.056964868548638824,-0.09905429064446952,0.4921968498482412,-1.9276412381059065,1.900945151517729,0.6235140242570855
321,-1.29216102373723,0.934757129634112,0.23161304824107648,-0.05778915733379043,-0.10972817586812357,0.4839022383693914,-1.8803815548725096,1.9281150059697778,0.6490410478622334
322,-1.0730336198090022,-0.5023804837681127,0.42455372004817465,-0.05924837882504997,-0.12011462450678669,0.4761693303146359,-1.9445169200132415,1.9717559533358742,0.6381200385198117
323,-0.4156514080243182,-1.2209492904692252,0.42455372004817465,-0.06130608721253233,-0.13019351047970565,0.46899541984345977,-1.8952522832122534,1.9953794845287998,0.6642448584761106
324,0.46085820768859437,0.21618832293299947,0.42455372004817465,-0.06392061372954791,-0.13994657196283014,0.4623742366852084,-1.9690720416235055,2.039822235731328,0.6510079920032171
325,0.8991130155450501,0.5754727262835558,0.42455372004817465,-0.06704569670173663,-0.14935736532638005,0.4562961162328079,-1.9148320224636726,2.0595818994619024,0.6781573735223837
326,0.6799856116168222,0.934757129634112,0.42455372004817465,-0.07063115174816798,-0.15841122696964363,0.45074820309402636,-1.9959645071372671,2.104925940252354,0.6626602563621633
327,-0.8539062158807739,0.934757129634112,0.42455372004817465,-0.07462357606994878,-0.16709524710327184,0.4457146844193889,-1.934532336354584,2.1204055217171796,0.6913530302115888
328,-1.073033619809002,-0.502380483768113,0.42455372004817465,-0.07896708021731727,-0.17539825879949775,0.44117704920184553,-2.019490354818667,2.166758315606091,0.6736790746484288
329,0.46085820768859437,-0.14309608041755664,0.42455372004817465,-0.08360403943368665,-0.18331084343664503,0.4371143696718028,-1.9499665459833042,2.1774086730998587,0.7045342175300734
330,2.2138774391144187,-1.2209492904692252,0.42455372004817465,-0.08847585602398308,-0.19082535075578858,0.4335036008670348,-2.034910698786698,2.224886861699725,0.6847843431635531
331,-0.4156514080243179,-0.14309608041755664,0.42455372004817465,-0.0935237245022291,-0.19793592942791768,0.4303198944347867,-1.9577944317055203,2.2299764568025804,0.7185347559824214
332,0.02260339983213809,0.934757129634112,0.42455372004817465,-0.09868939136941796,-0.20463856314057363,0.42753692272093796,-2.0392909810865847,2.2787075772538627,0.6968143143957076
333,-0.8539062158807739,-1.2209492904692252,0.42455372004817465,-0.10391590012813631,-0.21093110757287295,0.4251272092163634,-1.9561212679873743,2.2772480966873623,0.7343331634607516
334,0.02260339983213809,-0.502380483768113,0.42455372004817465,-0.1091483100475617,-0.21681332431413483,0.4230624614616492,-2.0315799355670654,2.327371857944917,0.7107382312175575
335,-1.073033619809002,-0.8616648871186691,0.42455372004817465,-0.11433437576068176,-0.22228690811442053,0.4213139025562639,-1.9444104332423877,2.3180010617447615,0.7530891267106264
336,-1.29216102373723,-0.14309608041755664,0.42455372004817465,-0.1194251748280061,-0.22735550408633662,0.41985259747539794,-2.01215921920518,2.369667656723836,0.727695462703292
337,0.02260339983213809,1.2940415329846682,0.42455372004817465,-0.12437567173433559,-0.23202471221047502,0.41864977046537705,-1.923110197909566,2.35045591569712,0.7762258269681601
338,0.24173080376036593,-0.14309608041755664,0.42455372004817465,-0.12914520896689308,-0.2363020775876273,0.41767710986531115,-1.9822452041475773,2.4038155569016566,0.749085460589625
339,-0.4156514080243179,-0.861664887118669,0.42455372004817465,-0.133697918416688,-0.2401970653943526,0.41690705678710677,-1.8932198226340127,2.3719292384827044,0.8055997936973441
340,-0.4156514080243182,-1.2209492904692252,0.42455372004817465,-0.1380030486495463,-0.24372101883409375,0.4163130741768929,-1.9433833944008623,2.427098724240282,0.7767537177750031
341,-1.073033619809002,-0.14309608041755664,0.42455372004817465,-0.1420352050565576,-0.2468870971499646,0.41586989287716936,-1.855915288167407,2.378176276983877,0.8438462970210152
342,0.46085820768859437,-0.14309608041755664,0.42455372004817465,-0.14577450075398599,-0.24971019026284197,0.4155537314095791,-1.897091988328893,2.4351457141032697,0.8133707970615072
343,-0.634778811952546,-0.8616648871186691,0.6174943918552728,-0.14920661706211433,-0.25220680736255907,0.4153424863055202,-1.8122359522981228,2.3620404332715212,0.8951201033778696
344,-1.0730336198090022,0.5754727262835558,0.6174943918552728,-0.15232277373035535,-0.2543949381614928,0.4152158899479444,-1.8445931732764913,2.420416642005353,0.8632500455602199
345,0.8991130155450504,-1.2209492904692252,0.6174943918552728,-0.15511961052629425,-0.25629388663812946,0.41515563311731446,-1.7627061383734326,2.3103289651069345,0.9669118806599516
346,0.46085820768859437,-0.14309608041755664,0.6174943918552728,-0.157598983118075,-0.25792407769926257,0.4151454498487285,-1.7864650566410871,2.368598916742215,0.9343672560517958
347,1.1182404194732785,-0.8616648871186691,0.6174943918552728,-0.15976767717221313,-0.25930683753630973,0.4151711628509349,-1.70636407730857,2.1948747661530827,1.0758765189379542
348,-1.0730336198090022,-0.8616648871186691,0.6174943918552728,-0.16163704477411112,-0.2604641489162551,0.4152206885652492,-1.721636138568557,2.2480968782518373,1.0448585920015083
349,-0.8539062158807741,-0.502380483768113,0.6174943918552728,-0.16322256624950193,-0.2614183835059201,0.41528400186147296,-1.6349134495786797,1.9282615468674238,1.28262097178686
