trial_index,pfc_mag_standardized,dms_mag_standardized,prpd_standardized,pfc_mag_filtered,dms_mag_filtered,prpd_filtered,pfc_phase,dms_phase,prpd_phase
1,0.4158837088628979,-1.1158025986054467,-0.2012563520622038,0.5259464475344463,-0.9715878810275697,-0.2723474248244271,0.5606452964203982,2.147345868922132,1.661045179936978
2,-0.9134588605381513,-0.7285814563984383,1.7639288994930096,0.47936699473175526,-0.9224197622696451,-0.28165187277745835,0.7355008604944625,2.566734962415843,1.7034369659657327
3,-0.24878757583762662,-0.18647185730862614,0.7813362737154029,0.4336015704490684,-0.8725228498061981,-0.2925531891433235,0.8194424102579718,2.5662808214250834,1.707001062442902
4,-0.9134588605381514,1.2075242546366043,0.45380539845620066,0.38875949528122156,-0.822104908040131,-0.3050839939253053,0.9161210533304537,2.838148896196314,1.7342249927683278
5,-0.581123218187889,-0.6511372279570369,0.29003996082659955,0.34494329039380905,-0.7713754161879498,-0.31926708006050963,0.9881722408354342,2.841956325596846,1.7396350656526383
6,1.0805549935634229,-1.1158025986054467,0.19178069824883892,0.3022480628388444,-0.7205437010598521,-0.33511483745504433,1.0661770143614584,3.0666734935482536,1.764235592360646
7,-0.581123218187889,-0.1090276288672247,0.45380539845620066,0.26076098136709863,-0.6698171073520215,-0.3526287868500744,1.131889035512272,3.0757818553111225,1.7715874395935258
8,-0.581123218187889,-0.18647185730862614,0.36022514838214287,0.22056084866940917,-0.6193992293085697,-0.37179923403625564,1.200578340552402,-3.0082464222735315,1.7961438866427217
9,0.08354806651263563,2.136854995933425,0.29003996082659955,0.18171777375538617,-0.5694882255363893,-0.3926050522527097,1.2621159298018156,-2.9927875871300915,1.8054685780840987
10,-0.24878757583762662,0.5105261986639889,0.23545148161673252,0.14429294654980274,-0.5202752371603587,-0.41501359814106,1.3249188777859755,-2.8112182213822527,1.830946880441839
11,-0.5811232181878889,-0.8060256848398397,0.19178069824883892,0.10833851526388603,-0.4719429273919109,-0.43898076413943404,1.383389208928645,-2.788307646282806,1.8422155036955765
12,0.4158837088628981,-0.34136031419142987,-0.004737826906682428,0.07389756546512424,-0.4246641572804477,-0.4644511676793973,1.4419917452917823,-2.6208029347835677,1.8690342959410056
13,0.7482193512131604,-0.18647185730862656,-0.004737826906682428,0.041004198190089144,-0.3786008085044126,-0.4913584750862192,1.4980491538832201,-2.589298031699855,1.8821710350974228
14,-1.2457945028884136,2.2142992243748276,-0.004737826906682428,0.009683703167551377,-0.3339027608081716,-0.5196258557666253,1.553422417821612,-2.4342768612703805,1.910494879909411
15,-0.581123218187889,0.5879704271053907,-0.004737826906682428,-0.02004717758695595,-0.29070702957495753,-0.5491665601376509,1.607492503280062,-2.3930315678914704,1.9253907688962213
16,-0.9134588605381514,-0.9609141417226434,-0.004737826906682428,-0.048179901021971984,-0.24913706717196607,-0.5798846127837326,1.660257254700597,-2.2499073754114476,1.9552466444498662
17,-1.2457945028884136,0.355637741781186,-0.004737826906682428,-0.07471369511505868,-0.2093022290847074,-0.6116756104436981,1.7126383925594764,-2.197836497261956,1.9717719073647708
18,0.4158837088628981,0.4330819702225875,-0.004737826906682428,-0.09965505931628163,-0.17129740265412266,-0.6444276125257722,1.7632240155720693,-2.066565248238569,2.0031073706567195
19,-0.24878757583762662,-0.9609141417226434,-0.9873304526842892,-0.12301720330173704,-0.1352027935005083,-0.6780221098769789,1.8141396912544339,-2.0027360252944604,2.0211216456909966
20,-0.581123218187889,0.8203031124295959,-0.9873304526842892,-0.14481943645656636,-0.10108386301971956,-0.7123350555646152,1.8628635404479539,-1.8835469871113009,2.0538383560854245
21,0.4158837088628981,-0.49624877107423315,-0.9873304526842892,-0.1650865224329502,-0.06899140936609276,-0.7472379397266785,1.9124916670094425,-1.8072944895639849,2.0731987215841974
22,0.4158837088628981,0.9751915693123996,-1.3148613279434913,-0.18384801423220126,-0.03896178366636634,-0.7825988894962795,1.9596023395930668,-1.7004927572754662,2.107173462536539
23,2.0775619206142095,0.3556377417811856,-1.4786267655730927,-0.20113758564320944,-0.011017232615818995,-0.8182837748230799,2.0080924728864553,-1.611547937226283,2.1277404704735403
24,0.7482193512131604,-0.8834699132812416,-1.5768860281508534,-0.21699237447337777,0.014833642127852483,-0.8541573016178117,2.0537947879586524,-1.5173487183047327,2.1628389244586113
25,0.7482193512131604,-0.4188045426328313,-1.5768860281508534,-0.23145235141607,0.038595318320142694,-0.890084074833365,2.1012784547788814,-1.415958371899438,2.184480940065434
26,0.4158837088628979,-0.1090276288672247,-1.3148613279434913,-0.24455972538173587,0.06028469275616878,-0.9259296157449561,2.145748429545243,-1.3343457019490828,2.2205668604649955
27,-0.581123218187889,-0.03158340042582285,-1.4084415780175492,-0.25635839217449574,0.0799303379088798,-0.9615613196886831,2.1923454369643283,-1.2213558932090323,2.2431630194382857
28,-0.9134588605381514,1.7496338537264164,-1.4786267655730927,-0.2668934295320588,0.0975716868117745,-0.9968493426464871,2.2357396179557814,-1.1519758907546498,2.2801043119044975
29,-0.9134588605381514,-0.5736929995156346,-1.5332152447829597,-0.2762106386825246,0.11325815663655563,-1.0316674070852698,2.2815620716630685,-1.0288497850486644,2.303546392899566
30,-0.5811232181878889,-1.1158025986054467,-1.5768860281508534,-0.2843561312072434,0.12704822117301662,-1.0658935192648877,2.324023613713348,-0.9709552488125553,2.3412190683795866
31,0.4158837088628981,0.8977473408709977,-1.7734045533063747,-0.2913759601436983,0.13900844290132952,-1.0994105918950863,2.369178562619368,-0.8397069379021513,2.3654125521318345
32,0.08354806651263563,0.27819351333978415,-1.7734045533063747,-0.29731579537471164,0.14921247591053483,-1.1321069676835465,2.4108412340221457,-0.7921660311330464,2.4037032080110463
33,0.7482193512131604,-0.4188045426328315,-1.7734045533063747,-0.3022206444937662,0.15774005090852086,-1.1638768410806826,2.4554322763474365,-0.6552127177101829,2.428567749560069
34,-0.9134588605381514,1.362412711519408,-1.5768860281508532,-0.30613462067984054,0.16467595315734065,-1.1946205774372616,2.49642291606892,-0.6165812920575678,2.4673750297949653
35,-0.24878757583762662,0.2007492848983823,-1.5768860281508532,-0.30910075843801377,0.17010900397251494,-1.224244930815399,2.5405509108100137,-0.4765394128481694,2.492844507147855
36,1.0805549935634224,-0.49624877107423315,-1.3803675029953322,-0.3111608768269029,0.1741310567216742,-1.252663163699933,2.5809907183466296,-0.4451802421612226,2.5320798399610855
37,-0.24878757583762662,-1.1932468270468486,-1.3803675029953322,-0.31235548863308804,0.17683601889949369,-1.2797950736595531,2.624753842872604,-0.30464647406799283,2.5581020847173415
38,-0.5811232181878889,-0.34136031419142987,-1.5768860281508532,-0.31272375300722566,0.17831891239779107,-1.3055669334602096,2.66475891733701,-0.278867507141899,2.597689895069687
39,0.08354806651263585,0.27819351333978415,-1.3803675029953322,-0.31230346804245485,0.17867498385067784,-1.3299113521998511,2.7082523802239185,-0.14022642682765513,2.6242261776932363
40,-0.5811232181878891,-0.6511372279570364,-1.3803675029953322,-0.31113109860110244,0.17799887555832491,-1.3527670657882496,2.7479338981621546,-0.11840905889330933,2.664103714983499
41,-0.5811232181878891,-0.49624877107423315,-1.3803675029953322,-0.30924183376453135,0.17638386542978585,-1.3740786656570412,2.791249607268272,0.016303566195907757,2.69112804311488
42,-1.2457945028884136,-0.263916085750028,-1.3803675029953322,-0.3066696678852719,0.17392118236795553,-1.3937962750149318,2.830713975777414,0.03560715559741066,2.731244928468776
43,-0.5811232181878891,-0.49624877107423315,-1.3803675029953322,-0.303447499376889,0.17069940175956283,-1.4118751822472855,2.87394040290443,0.16477538935289363,2.7587432023980183
44,-0.24878757583762662,-1.1158025986054467,-1.3803675029953322,-0.29960724210179684,0.16680392397390936,-1.4282754411843228,2.9132895952268214,0.18278448557671545,2.799060768130821
45,-0.9134588605381514,-0.6511372279570364,-1.3803675029953322,-0.2951799454900321,0.16231653680319078,-1.4429614479577124,2.956511913938247,0.3052240139279853,2.8270298215394063
46,2.0775619206142095,0.3556377417811856,-1.3803675029953322,-0.2901959210240355,0.1573150605260341,-1.45590150407238,2.9958439905185985,0.32290886955103903,2.8675202905035
47,-1.2457945028884136,-1.1932468270468486,-1.1838489778398105,-0.2846848738890551,0.1518730717470469,-1.4670673751582053,3.039144380012869,0.43783555273048447,2.895966833072767
48,-0.24878757583762662,-0.573692999515635,-1.1838489778398105,-0.27867603890870307,0.14605969955143894,-1.4764338546245666,3.07855406611238,0.4559254921891231,2.9366123690488126
49,-0.9134588605381512,3.0661857372302466,-1.1838489778398105,-0.2721983192937107,0.13993948512201188,-1.4839783410712046,3.122012054429478,0.5628991202137766,2.9655518411986614
50,1.0805549935634224,1.1300800261952029,-1.1838489778398105,-0.2652804258183818,0.13357229407908244,-1.4896804377418016,-3.121593958050817,0.5819091048518448,3.0063434934098034
51,-0.5811232181878889,1.8270780821678183,-1.1838489778398105,-0.2579510135443019,0.12701327000764473,-1.4935215815102625,-3.077901040941681,0.680768433381139,3.0357988454558913
52,-1.2457945028884136,0.04586082801557859,-1.1838489778398105,-0.250238813191354,0.1203128188116749,-1.4954847079082956,-3.038062044545299,0.7010354981975534,3.0767354136352862
53,-0.5811232181878891,-0.18647185730862614,-1.1838489778398105,-0.24217275425937668,0.11351661682091845,-1.4955539576189212,-2.9940582994733,0.7918360058428329,3.106735832970717
54,0.7482193512131604,-0.7285814563984383,-1.1838489778398105,-0.23378207700849596,0.1066656397258859,-1.4937144287347883,-2.9538701608883624,0.8135593166466553,-3.135362617560426
55,0.4158837088628979,0.12330505645698045,-1.1838489778398105,-0.22509643080835984,0.09979621270583142,-1.489951977938179,-2.9094798473479764,0.8965198672215587,-3.1047829958922386
56,-0.9134588605381512,0.3556377417811856,-1.1838489778398105,-0.21614595703906592,0.09294008361453841,-1.4842530726107026,-2.8688518906824916,0.9197998662647945,-3.0635350824944987
57,0.7482193512131604,0.04586082801557901,-1.3803675029953322,-0.20696135495489748,0.08612452104822238,-1.4766046947343425,-2.8239974740068723,0.9952600408738006,-3.0323384409380747
58,-0.5811232181878889,0.9751915693123996,-1.3803675029953322,-0.19757392839975513,0.07937243848856768,-1.466994296327412,-2.782835042105771,1.02013364692337,-2.9909144377787222
59,-0.9134588605381514,-0.8834699132812416,-1.5768860281508532,-0.188015610441149,0.07270254537091782,-1.4554098051329312,-2.737434285177932,1.0885210734796724,-2.9590604756180685
60,-0.9134588605381512,-0.49624877107423315,-1.5768860281508532,-0.17831896242855866,0.06612952615200222,-1.441839678444733,-2.695634669364864,1.114991440013366,-2.9174421277536684
61,0.4158837088628979,-0.883469913281242,-1.5768860281508532,-0.1685171439855752,0.0596642488838835,-1.4262730024174162,-2.649596144341661,1.176797381791663,-2.8848891592695214
62,-0.5811232181878889,-0.03158340042582285,-1.3803675029953322,-0.15864385113811846,0.05331400477356979,-1.408699634002267,-2.607042314194076,1.2048575410013833,-2.8430559142928056
63,-0.24878757583762662,0.27819351333978415,-1.3803675029953322,-0.14873322095727692,0.04708277929187878,-1.3891103827325,-2.5602583581838347,1.2606183293007212,-2.809761848623361
64,-1.2457945028884136,-0.49624877107423315,-1.3803675029953322,-0.13881970224607953,0.040971553821309264,-1.3674972298080734,-2.516809290808478,1.290268183259899,-2.7676916568212544
65,-1.2457945028884136,0.04586082801557901,-1.1838489778398105,-0.12893789270487555,0.03497863528702006,-1.3438535821363315,-2.469145139708903,1.3405499470481872,-2.7336148685697252
66,-0.24878757583762662,0.12330505645698087,-1.1838489778398105,-0.1191223440556929,0.029100010174063086,-1.3181745590629217,-2.4246211122576513,1.3718063680535435,-2.6912848766241346
67,-0.5811232181878889,0.2007492848983823,-0.987330452684289,-0.10940733829227307,0.0233297187609997,-1.2904573094469753,-2.3758983776773897,1.4171911392327603,-2.656384992820991
68,2.0775619206142095,0.27819351333978415,-0.987330452684289,-0.099826640503568,0.01766024509028992,-1.2607013564808573,-2.3300587199521936,1.4500915102209797,-2.613772156298855
69,-0.9134588605381514,-1.1932468270468486,-0.987330452684289,-0.09041323587377009,0.012082918119030207,-1.2289089671970719,-2.28003041165446,1.4911635817789148,-2.5780107829808676
70,-0.24878757583762662,-0.5736929995156348,-0.987330452684289,-0.08119905960096516,0.006588319614042923,-1.1950855429313454,-2.2325399106292094,1.5257635209537364,-2.5350924134226167
71,-0.9134588605381514,-0.1090276288672247,-0.987330452684289,-0.07221472834192039,0.001166694325076604,-1.159240026169396,-2.1808527117285537,1.56309555438281,-2.4984338094775405
72,1.7452262782639474,0.12330505645698045,-1.1838489778398105,-0.06348928109773166,-0.004191642670136088,-1.1213853182976112,-2.1312304503601602,1.5994618159729852,-2.4551880529721917
73,0.4158837088628981,-0.1090276288672247,-1.1838489778398105,-0.05504993711664795,-0.009495907810666934,-1.0815387019259435,-2.077366801464345,1.6336006823989369,-2.4175997373395233
74,1.0805549935634224,-0.34136031419142987,-1.1838489778398105,-0.04692187837354135,-0.014754467763857013,-1.0397222607732202,-2.0249062522811028,1.6718004900340693,-2.3740059613470272
75,0.08354806651263563,-0.7285814563984383,-1.3803675029953322,-0.039128063594573624,-0.019974483548480547,-0.9959632897055648,-1.9680927542857602,1.7032534218914062,-2.335459222735
76,-0.5811232181878889,3.530851107878657,-1.3803675029953322,-0.03168907910658437,-0.025161589055363635,-0.95029468746453,-1.9117330215178,1.743342018038134,-2.291498278395035
77,-0.9134588605381514,-0.1090276288672247,-1.3803675029953322,-0.024623029534895452,-0.030319613099418642,-0.9027553249361454,-1.850790969912398,1.7725643304051204,-2.2519685549835633
78,0.7482193512131604,0.12330505645698045,-1.1838489778398105,-0.01794546960951794,-0.03545035357264721,-0.8533903824996308,-1.7889028962972178,1.8145729742422394,-2.2076228902011117
79,-0.24878757583762662,0.7428588839881941,-1.1838489778398105,-0.0116693777553135,-0.04055341037591781,-0.8022516510265747,-1.7219973300279674,1.841958911003141,-2.16709000274132
80,0.7482193512131604,-1.0383583701640453,-0.987330452684289,-0.005805172560881224,-0.04562608087280334,-0.7493977923706907,-1.652019951222896,1.8858855193607849,-2.122343625073289
81,1.4128906359136848,0.4330819702225875,-0.7908119275287678,-0.0003607738119245432,-0.05066331881640597,-0.6948945565250778,-1.5762331006254549,1.9117634598731863,-2.0807918750708123
82,0.7482193512131604,1.1300800261952029,-0.7908119275287678,0.004658290280575159,-0.05565775591616619,-0.6388149538690917,-1.494059377073423,1.9575672849906882,-2.035630194748697
83,0.7482193512131604,-0.4188045426328313,-0.5942934023732466,0.009248729120352427,-0.060599784326116554,-0.5812393819728029,-1.4046923211097302,1.9821994647015608,-1.9930483687098777
84,0.4158837088628979,0.8203031124295959,-0.5942934023732466,0.013409290611258631,-0.06547769767532899,-0.5222557072198826,-1.3037223571370082,2.029799873021672,-1.9474579768560543
85,-0.9134588605381512,0.9751915693123996,-0.39777487721772525,0.017140521198197534,-0.07027788724383492,-0.46195930205272706,-1.1933649252761849,2.0533858159376557,-1.903839313072432
86,1.0805549935634229,-1.0383583701640449,-0.2012563520622038,0.02044449201087168,-0.0749850883870452,-0.40045303897752765,-1.063607641698431,2.102664534024094,-1.8578077571126805
87,-0.9134588605381513,0.9751915693123996,-0.2012563520622038,0.023324499939740298,-0.07958267054806932,-0.33784724261877325,-0.9220510417721267,2.1253472888730194,-1.8131499287155681
88,0.08354806651263541,0.2007492848983823,-0.2012563520622038,0.02578475338652838,-0.08405296245607599,-0.27425960106830705,-0.7520792871554899,2.176153438294544,-1.7666655390247634
89,-0.5811232181878887,-0.8834699132812416,-0.2012563520622038,0.02783005259715586,-0.0883776026233475,-0.20981503752186906,-0.5719779497467631,2.198027835869958,-1.720970693838436
90,-0.9134588605381512,-1.1158025986054472,-0.004737826906682482,0.029465474166145436,-0.09253790412587688,-0.1446455427945717,-0.36188955853276034,2.2501850278656517,-1.67402250138941
91,1.0805549935634229,-0.1090276288672243,-0.004737826906682482,0.030696068541211506,-0.09651522197352619,-0.07888996887379723,-0.15650714877870586,2.2713071438426056,-1.6272973815371075
92,-0.5811232181878891,-0.41880454263283173,-0.004737826906682482,0.03152657818384685,-0.10029131143828579,-0.012693783285711895,0.06258806972755604,2.324621771453832,-1.5798751484160773
93,-1.2457945028884136,-0.8834699132812416,0.19178069824883887,0.03196118274228034,-0.10384866667610554,0.05379121628245777,0.25508033594116075,2.3450186965219055,-1.5321312927760653
94,0.7482193512131604,-1.1932468270468486,-0.004737826906682482,0.03200327649902395,-0.10717083049466766,0.12040722797807518,0.44238371808384713,2.3992884615992396,-1.4842256603721453
95,0.4158837088628979,-0.6511372279570364,0.19178069824883887,0.03165528242649279,-0.11024266775176692,0.18699081356321068,0.5970035802757675,2.4189674738908726,-1.4354796778247423
96,1.4128906359136848,-0.8060256848398402,0.19178069824883887,0.030918506234141475,-0.11305059665050968,0.25337330937882774,0.7412900488227204,2.4739892654355513,-1.387082426709554
97,-1.2457945028884136,-0.263916085750028,0.19178069824883887,0.029793033123479952,-0.11558277434618958,0.3193812820269225,0.8601758251335712,2.4929457060234887,-1.3373563183831323
98,-0.5811232181878889,0.2007492848983823,0.19178069824883887,0.02827767013067324,-0.11782923566153058,0.3848370303205661,0.9707058938447312,2.548522198680778,-1.288460725671503
99,0.4158837088628979,-0.18647185730862614,0.19178069824883887,0.026369937738844204,-0.11978198585772734,0.44955913494706756,1.0644762321708163,2.566745601382829,-1.2377822259453883
100,-0.9134588605381512,-0.6511372279570364,0.19178069824883887,0.024066114921410364,-0.12143504990582765,0.5133630570483896,1.1524834507229218,2.6226902044589266,-1.1883834982283479
101,-0.9134588605381512,-0.6511372279570369,0.19178069824883887,0.02136134129732488,-0.12278448145977536,0.5760617865061542,1.2299740529946233,2.640168539180736,-1.136786397326262
102,-0.24878757583762662,0.6654146555467926,0.19178069824883887,0.018249778833072328,-0.12382833507815144,0.6374665400900372,1.303485467231394,2.6963087076338437,-1.086882150586555
103,-0.9134588605381512,-1.1158025986054467,0.3882992234043603,0.014724833878600324,-0.12456660563395783,0.6973875087771122,1.3705319401573055,2.713030945105583,-1.0344065564287144
104,-1.2457945028884136,-1.1932468270468486,0.5848177485598817,0.010779438326930423,-0.12500113943822977,0.7556346524980168,1.4346922628829768,2.7692100975221514,-0.9839973092641607
105,0.4158837088628979,-0.9609141417226434,0.7813362737154029,0.006406386336817019,-0.1251355223111252,0.8120185393935578,1.4949927171082802,2.7851673014680576,-0.9306898054957518
106,-0.24878757583762662,4.460181849175478,0.5848177485598817,0.0015987204982061617,-0.12497495078853418,0.8663512255236663,1.5530740783435792,2.841245437091341,-0.8797794532282351
107,-1.2457945028884136,0.4330819702225875,0.7813362737154029,-0.003649841190175463,-0.12452609379116661,0.9184471700166479,1.609001081271101,2.8564303278271903,-0.8256931196639123
108,0.7482193512131604,-0.34136031419142987,0.7813362737154029,-0.009344448309470312,-0.12379695235000202,0.9681241799270758,1.6631292594530507,2.9122832507200043,-0.7742893681161808
109,1.7452262782639474,0.12330505645698045,0.9778547988709242,-0.015488643385981807,-0.12279672307124778,1.0152043784970384,1.7162441443116832,2.9266882127372624,-0.7194836478156305
110,0.08354806651263585,-0.8834699132812416,1.1743733240264458,-0.022083883121636446,-0.12153566727877765,1.0595151899865043,1.7678363804764765,2.982205688489839,-0.6675983984245529
111,0.7482193512131604,-0.49624877107423315,1.1743733240264458,-0.029129069165820892,-0.12002498419736149,1.1008903337621712,1.8191914122338781,2.995820029376411,-0.6121388094701959
112,-0.24878757583762662,-1.1158025986054467,0.9778547988709242,-0.03662010100581583,-0.11827668470555366,1.1391708200084276,1.869213240041145,3.0509041436058664,-0.5597884914210182
113,0.4158837088628981,-0.573692999515635,1.1743733240264458,-0.04454946149163142,-0.11630346215050996,1.1742059393123947,1.919529849809706,3.0637119471951104,-0.503746188823923
114,0.4158837088628981,-0.8834699132812416,1.1743733240264458,-0.05290584340796867,-0.11411855785253927,1.2058542384139326,1.9686488335901213,3.118276749710384,-0.4509520352551708
115,0.08354806651263563,-0.7285814563984383,1.1743733240264458,-0.061673823947077204,-0.11173562073529672,1.2339844744593922,2.018426280721693,3.1302556585031254,-0.39440323646776343
116,-0.5811232181878889,-0.34136031419142987,1.1743733240264458,-0.07083359283729077,-0.10916856265790811,1.2584765400707036,2.0671074824665134,-3.0989574163420714,-0.34119150195105546
117,0.7482193512131604,0.9751915693123996,1.370891849181967,-0.0803607389798967,-0.10643141320149926,1.2792223514559835,2.1166918155184073,-3.0878375999816967,-0.2842167924349419
118,1.0805549935634229,-0.03158340042582285,1.370891849181967,-0.09022609969894065,-0.10353817953635422,1.2961266916914234,2.1652593711895047,-3.0345180219495576,-0.23061890224987552
119,-0.5811232181878889,-1.0383583701640453,1.370891849181967,-0.10039567608102173,-0.10050271813807207,1.309108001239041,2.2148888593867584,-3.0242990816875266,-0.17330243562929668
120,-0.24878757583762662,0.8203031124295963,1.370891849181967,-0.11083061708463078,-0.09733862530344045,1.3180991077844508,2.2635670800777423,-2.9716807933343143,-0.11935505161388402
121,0.08354806651263585,1.90452231060922,1.370891849181967,-0.12148727396005607,-0.09405915295107875,1.3230478876180445,2.3134031426668518,-2.9624249603806025,-0.061783661199489255
122,2.0775619206142095,1.5947453968436132,1.5674103743374883,-0.132317325384312,-0.09067715547335896,1.3239178510174143,2.3623448004102943,-2.910551205280683,-0.007528650409841436
123,-0.24878757583762662,-0.263916085750028,1.5674103743374883,-0.14326797288274046,-0.0872050720994203,1.320688644375321,2.4124936822549343,-2.9023583140990254,0.05020910431773335
124,-0.9134588605381513,-0.4188045426328313,1.5674103743374883,-0.15428220517515356,-0.0836549466428512,1.3133564621700733,2.4617999968063398,-2.8512795257156585,0.10472480653418233
125,-0.24878757583762662,-0.9609141417226434,1.5674103743374883,-0.16529912854409257,-0.08003848291276805,1.3019343623650548,2.512328327432947,-2.8443163784434713,0.1625396289744114
126,-0.9134588605381514,0.8203031124295959,1.5674103743374883,-0.176254358602132,-0.07636713088401968,1.2864524795009382,2.5620634136770946,-2.7941116368087235,0.2172642642408195
127,1.7452262782639474,-0.8834699132812416,1.5674103743374883,-0.18708046793411953,-0.07265219713302494,1.266958130584322,2.6130096149377593,-2.78865905139267,0.2750671110124977
128,-0.5811232181878889,-0.6511372279570364,1.5674103743374883,-0.19770748426098084,-0.06890497294579058,1.243515809818557,2.663211099656594,-2.739470009513316,0.3299444456474302
129,0.4158837088628981,0.8977473408709977,1.5674103743374883,-0.20806343417907303,-0.0651368740333777,1.2162070692265534,2.714593791796235,-2.735998274738942,0.38764747865646876
130,-0.24878757583762662,-0.263916085750028,1.370891849181967,-0.21807492725549948,-0.061359586371308616,1.185130283273931,2.7652805777883396,-2.6880845059811596,0.44261723854210944
131,-0.24878757583762662,-1.0383583701640453,1.370891849181967,-0.2276677742277628,-0.057585213156093995,1.1504002967064209,2.817104706710668,-2.6873813751548945,0.5001346981617227
132,0.08354806651263585,-0.6511372279570364,1.370891849181967,-0.2367676318537047,-0.05382641815984855,1.1121479559275775,2.8682826463527635,-2.6412187870502497,0.5551330698035195
133,-1.2457945028884136,-0.34136031419142987,1.370891849181967,-0.24530066608601775,-0.05009656100835562,1.0705195252992277,2.9205440122616593,-2.6446240416348985,0.6123820330871361
134,-0.9134588605381514,-0.49624877107423315,1.370891849181967,-0.25319422483900206,-0.0464098205816135,1.0256759907229605,2.972210160961201,-2.6010976890688546,0.6673422081496991
135,-0.24878757583762662,-0.573692999515635,1.370891849181967,-0.2603775117348205,-0.04278130406767583,0.9777922538071823,3.024898854818059,-2.6109717101067167,0.7242432057869147
136,-0.24878757583762662,1.4398569399608094,1.370891849181967,-0.26678225298791747,-0.03922714084610089,0.9270562209292023,3.077044698578834,-2.57179421765334,0.7790959495440716
137,1.4128906359136848,0.9751915693123996,1.1743733240264458,-0.2723433508784279,-0.035764561777180945,0.8736677926289116,3.130147672853566,-2.592550054729268,0.8355734289086838
138,-0.5811232181878889,1.5947453968436132,0.9778547988709242,-0.2769995184473173,-0.03241196507219338,0.8178377600284825,-3.100423831801853,-2.5612781426894546,0.8902476565273912
139,-0.9134588605381513,-0.8834699132812416,0.7813362737154029,-0.2806938903629959,-0.029188969163002967,0.75978661629857,-3.0469209817805707,-2.601921559984317,0.9462302867897115
140,0.4158837088628981,-0.6511372279570364,0.7813362737154029,-0.2833746042079697,-0.026116450769250857,0.6997432924465561,-2.993852597566268,-2.5867572587969647,1.000653627345005
141,-0.24878757583762662,-1.1158025986054467,0.5848177485598817,-0.28499534536471194,-0.02321656354820089,0.6379438277248107,-2.939964457694372,-2.667891642381622,1.056074442476937
142,-1.2457945028884136,0.2007492848983823,0.5848177485598817,-0.28551584798894725,-0.02051273076319255,0.5746299856603869,-2.886455399526897,-2.6903759768216178,1.1101737632344133
143,-1.2457945028884136,-1.038358370164045,0.5848177485598817,-0.2849023444053282,-0.01802960521507363,0.5100478271215437,-2.832195824726363,-2.8637846900276394,1.1649701400590209
144,-0.24878757583762662,-0.7285814563984383,0.3882992234043603,-0.28312795554307785,-0.015792990958767246,0.44444625205757443,-2.7782595530680143,-2.982800424816367,1.2186720062238012
145,-0.24878757583762662,0.2007492848983823,0.19178069824883887,-0.28017301590731514,-0.013829723194658,0.3780755216723182,-2.723640752391358,2.9444677639800805,1.2727854873112923
146,-1.2457945028884136,-0.263916085750028,0.19178069824883887,-0.27602532811440555,-0.012167504605759431,0.3111857728645198,-2.669289251593151,2.6837613038345975,1.3260165469874945
147,-0.5811232181878889,-0.1090276288672247,0.19178069824883887,-0.2706803437702442,-0.010834698119801964,0.2440255367617576,-2.6143207838340494,2.3160142852266974,1.3793925350290779
148,-0.24878757583762662,-0.03158340042582285,0.19178069824883887,-0.2641412690116067,-0.00986007743207147,0.1768402730356251,-2.5595634700431447,2.1359907383685828,1.4320798336630896
149,-1.2457945028884136,-0.573692999515635,0.19178069824883887,-0.25641909442181393,-0.00927253748898138,0.10987093143591978,-2.5042511938488534,1.9747846147816268,1.4846671951828445
150,-0.9134588605381514,-0.1090276288672247,-0.004737826906682482,-0.24753255049280787,-0.009100767635507538,0.04335255173658349,-2.449093819404913,1.9075821816119845,1.5367384348099962
151,-1.2457945028884136,-0.9609141417226434,-0.2012563520622038,-0.2375079914001912,-0.009372890580695993,-0.02248708684444447,-2.3934388574848486,1.852002544927136,1.5884890598251193
152,-1.2457945028884136,0.4330819702225875,-0.2012563520622038,-0.22637921169098874,-0.010116070982359303,-0.08742875570535763,-2.337882466363159,1.836654109723064,1.6398728297445488
153,2.0775619206142095,-0.8834699132812416,-0.39777487721772525,-0.21418720272978709,-0.011356098377915923,-0.15126299536801133,-2.281880257484174,1.824452053791181,1.6907411991957195
154,2.409897562964472,-0.263916085750028,-0.5942934023732466,-0.20097985817296915,-0.013116950300739581,-0.21379125154578318,-2.22592030788803,1.8334798124381408,1.741367207815898
155,0.08354806651263563,-0.7285814563984383,-0.7908119275287678,-0.1868116393144899,-0.015420342564820222,-0.2748269182405573,-2.1695599342439125,1.8418145169972304,1.7913100122139318
156,-0.24878757583762662,-0.9609141417226434,-0.987330452684289,-0.17174321055692698,-0.018285274864780744,-0.3341962779449549,-2.1131858459203485,1.8638792216397013,1.841109339585011
157,0.08354806651263585,0.27819351333978415,-0.987330452684289,-0.15584105228266537,-0.02172758118734184,-0.39173932994559507,-2.0564499203941424,1.8834845853301059,1.8900851744388345
158,-0.24878757583762662,2.059410767492024,-0.987330452684289,-0.13917705450404702,-0.025759496128645885,-0.4473104990167203,-1.9996452578763397,1.9133086766641507,1.938990551076605
159,-0.9134588605381514,1.1300800261952029,-0.987330452684289,-0.12182809171079582,-0.030389249655462067,-0.5007792184444811,-1.9425104085449671,1.9398709722281167,1.9869596981204745
160,0.4158837088628981,-0.34136031419142987,-0.987330452684289,-0.10387557797656397,-0.035620703228427114,-0.5520303832034281,-1.885253518868043,1.9746875249034352,2.034905807179258
161,-1.2457945028884136,2.291743452816229,-0.987330452684289,-0.08540500122856072,-0.041453038792951966,-0.6009646710374769,-1.8276911251088548,2.00594947338281,2.0818301041289535
162,-0.5811232181878889,0.5879704271053909,-0.987330452684289,-0.06650543610446204,-0.047880509189607234,-0.6474987310327559,-1.7699558271297395,2.04415826797404,2.1287539095831467
163,0.4158837088628981,-0.8834699132812416,-0.987330452684289,-0.04726903576918348,-0.05489225496784529,-0.6915652409407201,-1.7119326522422365,2.078819051659509,2.174596721127317
164,0.7482193512131604,0.4330819702225875,-0.987330452684289,-0.027790504314258693,-0.06247218908601965,-0.7331128360027841,-1.6536887209668263,2.119418940792144,2.220437843057688
165,-0.9134588605381514,-0.34136031419142987,-0.7908119275287678,-0.008166552631812846,-0.07059894794892578,-0.7721059133452121,-1.5951672983728462,2.156666372974251,2.26516416275678
166,0.7482193512131604,-0.6511372279570369,-0.7908119275287678,0.011504658541455617,-0.07924590515597413,-0.808524317144521,-1.5363807043368036,2.1989912487626193,2.309865338899497
167,0.08354806651263563,-0.573692999515635,-0.987330452684289,0.031124084605531573,-0.08838124344182242,-0.8423629106663296,-1.477319529178163,2.2382833632017207,2.3534420645913454
168,0.4158837088628979,-0.03158340042582285,-1.1838489778398105,0.05059236859362261,-0.0979680803292807,-0.8736310419089854,-1.4179525473018255,2.281868693545053,2.3969497495689773
169,-0.24878757583762662,-0.34136031419142987,-0.987330452684289,0.06981041504205711,-0.1079646436288996,-0.9023519099789742,-1.3583062176259482,2.322823220576232,2.4393461827881597
170,-0.9134588605381514,-0.6511372279570364,-1.1838489778398105,0.08867996349141764,-0.11832449384812399,-0.928561839649053,-1.2983175391040507,2.3673331985758637,2.4816113420214583
171,1.4128906359136848,0.4330819702225875,-1.1838489778398105,0.1071041592167651,-0.12899679152801713,-0.9523094719659952,-1.2380369526568353,2.409667305092605,2.5227999597597366
172,1.4128906359136848,-0.1090276288672247,-0.987330452684289,0.12498811881311127,-0.13992660829723647,-0.9736548793216799,-1.1773818694813656,2.454852096184458,2.5637791048099503
173,-0.9134588605381514,0.12330505645698045,-0.987330452684289,0.14223948809452908,-0.15105528094167675,-0.9926686140119652,-1.1164145222000368,2.498347192074051,2.603736631914269
174,0.08354806651263563,0.5105261986639893,-0.987330452684289,0.15876899000839884,-0.16232080792578835,-1.0094306998853844,-1.0550452174574767,2.544016202115203,2.6433931190902538
175,-0.581123218187889,0.7428588839881944,-0.987330452684289,0.17449096115128915,-0.1736582874354092,-1.0240295771255812,-0.9933356490161231,2.588496178199622,2.68210190396095
176,-0.5811232181878889,-0.03158340042582285,-0.987330452684289,0.18932387628131425,-0.1850003950951383,-1.0365610104446223,-0.9312016484651572,2.634500549135982,2.7204074962035483
177,0.08354806651263563,-1.0383583701640453,-0.7908119275287677,0.20319086006089565,-0.19627789808149557,-1.0471269709943793,-0.8686920824019968,2.6798178290677015,2.7578571750760115
178,0.7482193512131604,1.2849684830780066,-0.7908119275287677,0.2160201840260989,-0.20742020062081745,-1.0558345021786963,-0.8057408575083749,2.726038738456161,2.7947938524711535
179,-0.5811232181878889,-0.9609141417226434,-0.7908119275287677,0.22774574505890655,-0.21835591428225568,-1.0627945792749478,-0.7423719551202842,2.7720652801550165,2.8309832725559607
180,1.4128906359136848,-0.8060256848398402,-0.9873304526842892,0.23830752013297463,-0.22901344538499677,-1.0681209723028762,-0.6785495407920913,2.8184061542503427,2.866545258187176
181,0.08354806651263585,-0.8060256848398402,-0.9873304526842892,0.24765199121421977,-0.23932159119878363,-1.071929120901921,-0.6142611402330839,2.8650277355269536,2.9014846068900986
182,0.7482193512131604,1.1300800261952029,-0.9873304526842892,0.25573253396536116,-0.24921013638890746,-1.0743350291944236,-0.5495126909260779,2.9114091229641015,2.935680546127221
183,-0.5811232181878889,-1.1158025986054467,-1.1838489778398105,0.2625097641899199,-0.258610441433747,-1.0754541878819512,-0.4842445403719685,2.9585217702339595,2.969393599210215
184,0.7482193512131604,-0.8834699132812416,-0.9873304526842892,0.2679518365308076,-0.2674560152893173,-1.0754005302598422,-0.41851490206189473,3.004877955863854,3.0022487863739595
185,0.4158837088628981,-0.8060256848398402,-0.9873304526842892,0.2720346904532771,-0.2756830649357799,-1.0742854284625718,-0.35220751290145835,3.052385713613656,3.0347751325573733
186,1.4128906359136848,0.6654146555467926,-1.1838489778398105,0.27474223873912723,-0.28323101466933176,-1.0722167360257995,-0.2854419436145036,3.0986624399884524,3.0663336106293975
187,2.0775619206142095,-1.0383583701640453,-1.1838489778398105,0.2760664938280885,-0.290042988537347,-1.0692978827012631,-0.21803768292660988,-3.1367093224350624,3.0977306351497442
188,1.4128906359136848,-0.6511372279570369,-0.9873304526842892,0.27600762801956413,-0.2960662501335053,-1.0656270273487765,-0.15018281984759574,-3.090556395981639,3.128056917289964
189,1.0805549935634229,-1.0383583701640453,-0.9873304526842892,0.2745739654084657,-0.3012525946430844,-1.061296274675508,-0.08162734999209038,-3.042520579528017,-3.12478404909112
190,-0.9134588605381514,-0.7285814563984383,-0.9873304526842892,0.2717819065555952,-0.3055586885311904,-1.0563909616052876,-0.012632594603167202,-2.9965269070218206,-3.0956039453815967
191,-1.2457945028884136,-0.7285814563984383,-0.9873304526842892,0.2676557905611321,-0.3089463530458907,-1.0509890190642333,0.05712306290374749,-2.9483469610846207,-3.066215794712803
192,-0.5811232181878889,-1.0383583701640453,-0.9873304526842892,0.2622277020612524,-0.3113827890127143,-1.045160414868507,0.12730334484121714,-2.902539772088433,-3.03807433031764
193,-0.5811232181878891,-0.18647185730862614,-0.7908119275287677,0.25553723145482465,-0.3128407420361814,-1.038966683181568,0.1982996814962056,-2.854288638030916,-3.0095265889730753
194,2.409897562964472,-0.8060256848398402,-0.7908119275287677,0.24763119515105603,-0.3132986089005396,-1.0324605457119462,0.26970275534770977,-2.8086873816375135,-2.982295994798493
195,-0.5811232181878889,0.04586082801557901,-0.7908119275287677,0.23856331987460883,-0.3127404874843136,-1.0256856294473795,0.341967398575804,-2.76043287825766,-2.954455578831145
196,-0.9134588605381513,-1.1158025986054467,-0.5942934023732465,0.22839389271945576,-0.3111561737370231,-1.0186762852089761,0.41461760048326124,-2.7150496357849683,-2.9279906415376153
197,0.08354806651263585,-0.263916085750028,-0.39777487721772514,0.21718937761502505,-0.30854111014862984,-1.0114575106042223,0.488159998997979,-2.6668546124371364,-2.9007106669707903
198,4.071575774715783,1.7496338537264164,-0.5942934023732465,0.20502199867585907,-0.3048962907470302,-1.004044980028738,0.5620634365266703,-2.621694623167554,-2.8748530239065824
199,-0.9134588605381514,-0.8060256848398402,-0.5942934023732465,0.19196929073634805,-0.3002281280079625,-0.9964451831793815,0.6368690988280057,-2.573617286171322,-2.8479777350509248
200,-0.581123218187889,0.5879704271053907,-0.5942934023732465,0.17811361753642413,-0.2945482868560385,-0.9886556720910598,0.712008040621469,-2.528679647566822,-2.822561476338055
201,-0.24878757583762662,-0.8834699132812416,-0.39777487721772514,0.16354165930615178,-0.28787348983880146,-0.9806654150894577,0.788032790808907,-2.480774069055411,-2.795932278900946
202,-0.5811232181878889,-0.7285814563984383,-0.39777487721772514,0.1483438733358859,-0.28022529582803446,-0.9724552543982241,0.8643601456020666,-2.4360525640268444,-2.770790430943972
203,-0.9134588605381512,-0.1090276288672247,-0.39777487721772514,0.13261393192028925,-0.2716298530570642,-0.9639984624906468,0.9415248285799129,-2.388369241995975,-2.744252507100426
204,0.7482193512131604,-1.1158025986054467,-0.5942934023732465,0.11644814114350115,-0.2621176265729378,-0.9552613905572319,1.0189590506496011,-2.3438530851096147,-2.7192238029936946
205,0.08354806651263585,-0.263916085750028,-0.7908119275287677,0.09994484199703112,-0.25172310031435385,-0.9462042006237639,1.0971450992037157,-2.296439295928155,-2.692632666107583
206,0.4158837088628981,-0.18647185730862614,-0.7908119275287677,0.08320379328490535,-0.24048445470381288,-0.936781670995149,1.175565992321757,-2.2521135511263983,-2.6675679391425224
207,1.4128906359136848,-1.1932468270468486,-0.9873304526842892,0.06632553438535471,-0.22844322153636534,-0.9269440630257446,1.2546125655594849,-2.2050133062248953,-2.64079527331492
208,2.0775619206142095,-0.8834699132812416,-1.1838489778398105,0.0494107256056701,-0.21564391887048626,-0.9166380359179159,1.3338588536788116,-2.160858873030746,-2.6155628505207584
209,1.4128906359136852,-0.8834699132812416,-1.1838489778398105,0.032559464780679774,-0.20213366960025356,-0.9058075954206489,1.4135625618865415,-2.114112454302382,-2.5885010810252744
210,-0.9134588605381513,-0.18647185730862614,-1.1838489778398105,0.01587058106871432,-0.18796180863542844,-0.8943950619594833,1.4934322637420112,-2.0701056579164545,-2.5629907102926412
211,1.0805549935634229,0.3556377417811856,-1.1838489778398105,-0.0005590895682037918,-0.17317948526836646,-0.8823420438630111,1.5735503962394661,-2.0237488143862024,-2.5355559597297797
212,-0.9134588605381512,0.9751915693123996,-1.1838489778398105,-0.01663543885015919,-0.1578392690351049,-0.8695904018881166,1.6538047430261749,-1.979860734497134,-2.5096810483940604
213,-0.9134588605381513,0.6654146555467926,-1.380367502995332,-0.03226781932273219,-0.14199476847066655,-0.8560831920549138,1.7340623136970645,-1.9339237413689425,-2.481814395360326
214,-0.9134588605381513,0.3556377417811858,-1.1838489778398105,-0.04736976345217359,-0.1257002719977075,-0.8417655747683341,1.8144331786777939,-1.8901195566311904,-2.4555125974073513
215,0.08354806651263585,0.12330505645698045,-1.1838489778398105,-0.061859676080794866,-0.10901041867368175,-0.8265856792908285,1.8945331645044754,-1.8446264673282369,-2.4271797916509237
216,1.0805549935634229,1.052635797753801,-1.1838489778398105,-0.07566148893394693,-0.09197990414214818,-0.8104954138421119,1.974733104127097,-1.8008651519214782,-2.4004121835503422
217,-1.2457945028884136,0.2007492848983823,-0.9873304526842892,-0.08870526767155622,-0.07466322458234449,-0.7934512128965662,2.0543685208289606,-1.755833515518994,-2.3716021295470306
218,-0.9134588605381514,-0.9609141417226434,-0.9873304526842892,-0.10092776340446913,-0.057114459117457175,-0.7754147145346931,2.1341020615436848,-1.7120680529759746,-2.3443513289882145
219,-0.24878757583762662,-0.34136031419142987,-0.9873304526842892,-0.11227290128386225,-0.03938708910558614,-0.7563533618926639,2.212968309725653,-1.6675091318175608,-2.315073718859168
220,-0.24878757583762662,0.4330819702225875,-1.1838489778398105,-0.12269219930130974,-0.021533851216516173,-0.7362409237951713,2.291943089909533,-1.6236871727054067,-2.2873413305873522
221,-0.9134588605381513,-0.49624877107423315,-1.1838489778398105,-0.13214511150792,-0.003606620556653492,-0.7150579305711162,2.3697491176585928,-1.5796064999992905,-2.2576237980422835
222,-0.581123218187889,0.04586082801557859,-0.987330452684289,-0.14059929142566122,0.014343679705573015,-0.692792021948442,2.447685584862942,-1.5356712578731098,-2.229427530466811
223,0.08354806651263563,0.7428588839881944,-0.987330452684289,-0.14803077303595888,0.032267145288844695,-0.669438204942952,2.524162577738975,-1.492069316912268,-2.1993126307486444
224,1.0805549935634229,-0.49624877107423315,-0.7908119275287678,-0.15442406820497034,0.050114937110079326,-0.6449990208351805,2.600801122480992,-1.4479605186251265,-2.1706833469393803
225,-1.2457945028884136,-0.573692999515635,-0.987330452684289,-0.1597721806348772,0.06783930974502317,-0.6194846215618276,2.67570782703106,-1.4048334179558055,-2.1402255838546473
226,-0.5811232181878889,0.4330819702225875,-0.987330452684289,-0.164076537093779,0.08539362498494216,-0.5929127569912044,2.7508127143361976,-1.360488248958312,-2.1112044725883097
227,-1.2457945028884136,0.5105261986639893,-0.7908119275287678,-0.16734683672642942,0.10273235348390305,-0.5653086755686635,2.823937144073573,-1.317828376189444,-2.080467523587831
228,0.4158837088628981,0.5879704271053912,-0.7908119275287678,-0.16960081933479404,0.11981106727396862,-0.5367049417879167,2.8972972246973816,-1.273182425150015,-2.0511035124509105
229,-0.581123218187889,-0.9609141417226434,-0.7908119275287678,-0.1708639543515753,0.13658642572510704,-0.5071411749444953,2.9684550970851427,-1.2309790850496811,-2.0201577424174832
230,-0.9134588605381514,1.2075242546366047,-0.5942934023732466,-0.1711690537279097,0.153016157731503,-0.47666371464039403,3.039881699795494,-1.1859673021318982,-1.9905052184246377
231,0.08354806651263563,-0.7285814563984383,-0.39777487721772525,-0.17055581347500764,0.16905904341970265,-0.4453252194590893,3.1089121848413037,-1.1442073615076638,-1.9594255235281897
232,-1.2457945028884136,0.355637741781186,-0.39777487721772525,-0.16907028981173577,0.18467489906767082,-0.41318420605059364,-3.104950642060291,-1.098765064801983,-1.929542387747993
233,0.4158837088628981,-1.0383583701640449,-0.2012563520622038,-0.1667643169676618,0.19982456898993242,-0.38030453648710955,-3.0381912832470195,-1.0574336223917307,-1.8984063827306192
234,0.08354806651263585,0.04586082801557901,-0.39777487721772525,-0.1636948748653912,0.2144699278858689,-0.34675486209568873,-2.9711318554270445,-1.0114975431498814,-1.8683524452836673
235,-0.24878757583762662,-0.03158340042582285,-0.2012563520622038,-0.15992341601351212,0.2285738964678608,-0.3126080320291169,-2.90677820875048,-0.9705785660011971,-1.8372389915843328
236,-0.24878757583762662,0.8203031124295963,-0.004737826906682482,-0.155515161663964,0.24210047201423587,-0.2779404746761132,-2.842136819707208,-0.9240878440858636,-1.8070746975045209
237,-0.581123218187889,0.8203031124295963,-0.004737826906682482,-0.1505383774949719,0.25501477412996115,-0.2428315597344267,-2.780323476061981,-0.8835646554324399,-1.776062751751568
238,1.7452262782639474,-0.03158340042582285,-0.2012563520622038,-0.14506363900496316,0.26728310504738007,-0.20736294839958141,-2.7182601611539585,-0.8364616868941762,-1.745848207897405
239,0.4158837088628981,0.27819351333978415,-0.004737826906682482,-0.13916309669895877,0.27887302368541217,-0.17161793862199,-2.6591319202478494,-0.7963172426863946,-1.7150159498428135
240,-0.24878757583762662,-0.5736929995156346,-0.004737826906682482,-0.1329097507941963,0.28975343326083103,-0.13568081177401847,-2.5998218828303723,-0.748548392554316,-1.6848102046177746
241,1.0805549935634229,0.7428588839881944,-0.004737826906682482,-0.1263767440680168,0.29989468288932297,-0.0996361864483098,-2.543544994455126,-0.7087654156790033,-1.6542343882266848
242,-0.24878757583762662,-0.49624877107423315,-0.004737826906682482,-0.1196366795925505,0.309268683765742,-0.06356838455649072,-2.4871898629139237,-0.660281704692229,-1.6240949025214921
243,-0.9134588605381513,1.362412711519408,-0.004737826906682482,-0.11276096801798798,0.31784904009665016,-0.027560814408849832,-2.4339643130492234,-0.6208427559600437,-1.593850362244559
244,-0.9134588605381513,-0.263916085750028,0.19178069824883887,-0.10581920737242771,0.32561119432390084,0.008304624987633857,-2.3808043690936387,-0.571600562152857,-1.5638326007642707
245,0.4158837088628981,-0.573692999515635,-0.004737826906682482,-0.09887859743248988,0.3325325857239473,0.04394811456489377,-2.3308769003601086,-0.5324880200193443,-1.5339918399114638
246,0.4158837088628981,-0.9609141417226434,-0.004737826906682482,-0.09200339082443566,0.3385928212627506,0.07929245725041689,-2.281203712083006,-0.48244975195092044,-1.5041489112868767
247,0.7482193512131604,1.1300800261952029,-0.004737826906682482,-0.0852543838747643,0.34377385721743714,0.11426358821945698,-2.2348809102096565,-0.4436456246156188,-1.4747817023152554
248,-0.9134588605381514,-0.4188045426328313,0.19178069824883892,-0.07868845096136207,0.3480601890199958,0.14879105031868642,-2.1890494861089818,-0.39278029791140634,-1.4451639815918724
249,1.0805549935634229,-0.263916085750028,0.3882992234043602,-0.07235812600080913,0.35143904508104573,0.18280843169919786,-2.146709939689973,-0.3542657388677774,-1.416336915296423
250,1.7452262782639474,-0.49624877107423315,0.3882992234043602,-0.06631123383596729,0.3539005786106274,0.21625376265584562,-2.105148960230016,-0.30254930401573277,-1.3869915917898457
251,-1.2457945028884136,4.7699587629410845,0.3882992234043602,-0.06059057309598321,0.35543805005079443,0.24906986867929146,-2.067252461548298,-0.2643036028850492,-1.3587675259533454
252,-0.24878757583762662,1.2849684830780062,0.3882992234043602,-0.05523365065195737,0.35604799179442437,0.28120467693758605,-2.0304693544715007,-0.2117188275534972,-1.3297380386908613
253,-0.581123218187889,-0.49624877107423315,0.19178069824883892,-0.0502724661124679,0.35573034707262774,0.3126114738310312,-1.9975584277347873,-0.17371768618524827,-1.3021754218416013
254,-0.24878757583762662,-0.1090276288672247,0.3882992234043602,-0.04573334352617305,0.35448857714768756,0.3432491117819003,-1.9661323995901945,-0.1202535481066179,-1.273500771615047
255,-0.9134588605381513,0.6654146555467926,0.5848177485598816,-0.041636807316927135,0.3523297346957259,0.3730821638687408,-1.9388167176561457,-0.08246670156572716,-1.2466528409090025
256,-0.581123218187889,-0.7285814563984383,0.5848177485598816,-0.03799750044602053,0.3492645044566318,0.40208102521985517,-1.9133672127870165,-0.02811757066836489,-1.2183667840397212
257,0.4158837088628981,1.2075242546366043,0.7813362737154029,-0.03482414433802359,0.34530721349093463,0.43022196031797444,-1.892275027071484,0.00949391132437941,-1.1922806474218506
258,-0.581123218187889,0.2007492848983823,0.7813362737154029,-0.032119541825164515,0.34047581313778663,0.4574870957090338,-1.873386843434663,0.06472890569998123,-1.1644107879970518
259,-0.24878757583762662,1.0526357977538014,0.7813362737154029,-0.02988062600627381,0.334791834148533,0.48386435818540796,-1.8590621193240628,0.10221543902290038,-1.1391264198733577
260,2.0775619206142095,-0.5736929995156346,0.5848177485598816,-0.028098559203157472,0.3282803161972171,0.5093473593444587,-1.8471462254552387,0.15833273795231803,-1.1116932443904286
261,1.0805549935634229,1.052635797753801,0.5848177485598816,-0.026758886898748856,0.3209697132148971,0.5339352284175378,-1.839872863497296,0.19575927935747275,-1.0872424559980836
262,-0.24878757583762662,0.6654146555467926,0.5848177485598816,-0.025841751357625852,0.31289177653733846,0.5576323962629495,-1.8349542806108416,0.25275096485792203,-1.0602583821647917
263,0.4158837088628981,-0.8834699132812416,0.5848177485598816,-0.0253221682146765,0.30408141837557134,0.5804483342482543,-1.8345135008395557,0.29020047180428654,-1.0366638453744672
264,1.0805549935634229,0.6654146555467926,0.5848177485598816,-0.025170366876755026,0.2945765585119303,0.6023972523208639,-1.835979591860006,0.3480540534930553,-1.0101323603148953
265,0.4158837088628981,0.2007492848983823,0.5848177485598816,-0.025352192985425563,0.2844179573687565,0.6234977609032735,-1.8414059278832213,0.385631478813981,-0.9874067563604675
266,1.7452262782639474,-0.6511372279570364,0.5848177485598816,-0.02582956901305948,0.273649038542711,0.6437725014268987,-1.8478209539806736,0.4443293093402811,-0.9613217067369155
267,-1.2457945028884136,0.5105261986639893,0.5848177485598816,-0.026561007037505018,0.26231570347877803,0.6632477503937004,-1.8572974997824094,0.4821663024135571,-0.9394670608198787
268,1.0805549935634229,-1.1932468270468486,0.5848177485598816,-0.027502165448004975,0.25046614029565933,0.6819530018496265,-1.8664426055606622,0.5416845456923138,-0.9138121520920325
269,-1.2457945028884136,1.5947453968436132,0.7813362737154029,-0.028606438977742968,0.2381506279177312,0.6999205330767998,-1.8774866330989035,0.5799451712705742,-0.892819416320258
270,-0.9134588605381513,0.8977473408709977,0.7813362737154029,-0.029825569682343574,0.22542133562768843,0.7171849581842293,-1.8867200865329021,0.6402523181196581,-0.8675679834742561
271,-1.2457945028884136,-0.18647185730862614,0.7813362737154029,-0.031110265811076267,0.21233211725550033,0.7337827741566945,-1.896669381536634,0.6791403255454109,-0.8474169379554874
272,-0.24878757583762662,1.4398569399608094,0.7813362737154029,-0.0324108161495921,0.19893829904368057,0.7497519038870604,-1.9034965969303568,0.7401953352917469,-0.8225320572335789
273,-0.5811232181878889,-0.7285814563984383,0.7813362737154029,-0.03367768927576391,0.18529646101408717,0.7651312408091904,-1.9100849655202103,0.7799637577710269,-0.8031916056129457
274,-0.5811232181878889,-1.1158025986054472,0.7813362737154029,-0.034862109827263794,0.17146421297697037,0.7799601999313385,-1.912657226453057,0.8417138796805996,-0.7786266201919962
275,0.7482193512131604,0.9751915693123993,0.5848177485598816,-0.035916606619396114,0.15749996740866937,0.7942782802670778,-1.9143942301682735,0.8826778824536805,-0.7600555521548741
276,0.7482193512131604,-0.8060256848398397,0.5848177485598816,-0.03679552968698298,0.1434627116856788,0.8081246438014098,-1.9117155053272008,0.9450559756567989,-0.735755069898008
277,1.0805549935634229,0.5105261986639889,0.5848177485598816,-0.03745553471072627,0.129411781506531,0.8215377161425262,-1.9079474587513052,0.987610007579768,-0.7179033319844746
278,-0.24878757583762662,-0.4188045426328313,0.5848177485598816,-0.0378560335284579,0.11540663623452946,0.8345548138180044,-1.8997877864693056,1.050530993364356,-0.6938047071823245
279,-0.9134588605381513,-0.7285814563984383,0.5848177485598816,-0.037959608433714605,0.10150663591782579,0.8472118027418354,-1.8905260192144997,1.0951718196422187,-0.676615161019129
280,0.4158837088628981,1.5947453968436132,0.5848177485598816,-0.03773238627023035,0.08777081900119212,0.8595427917452664,-1.877187511195,1.1585279720308146,-0.652650401896968
281,-0.5811232181878889,-0.4188045426328313,0.5848177485598816,-0.03714436695612442,0.0742576790725475,0.8715798643075,-1.8628618840604998,1.2058861386431377,-0.6360609733648166
282,-0.9134588605381514,-0.263916085750028,0.5848177485598816,-0.03616970069124091,0.061024938460468144,0.8833528507975045,-1.8449386639591268,1.2695410457184637,-0.6121589473876642
283,0.08354806651263563,-0.1090276288672247,0.5848177485598816,-0.03478690862452703,0.048129316381375464,0.8948891426658323,-1.8261842712744678,1.3204246452993331,-0.5961050081803271
284,-0.24878757583762662,-0.41880454263283173,0.5848177485598816,-0.03297904278286052,0.03562628954928121,0.9062135491092789,-1.8043839275099955,1.3842057726260308,-0.5721937699911108
285,-0.9134588605381514,5.312068362030896,0.7813362737154029,-0.030733782341815112,0.023569843293326634,0.9173481957752152,-1.7818967360034599,1.4396622063915183,-0.5566105581831287
286,0.4158837088628979,-1.1158025986054467,0.7813362737154029,-0.028043464684051767,0.012012211395523012,0.9283124640964184,-1.7569316537106248,1.5033521745041067,-0.5326196053140854
287,-0.9134588605381514,-1.0383583701640449,0.7813362737154029,-0.0249050509877478,0.0010036040841818646,0.9391229689063371,-1.7313866534692648,1.5647561222202908,-0.5174444854101435
288,0.4158837088628981,-0.3413603141914294,0.9778547988709244,-0.02132002728968113,-0.009408073460126405,0.9497935711583897,-1.7039186000661126,1.628083329635936,-0.493306756792356
289,-1.2457945028884136,0.12330505645698087,0.9778547988709244,-0.017294243104333272,-0.019177506273568914,0.9603354219187924,-1.6759311939869148,1.697262260532039,-0.47848114678413184
290,1.0805549935634229,-0.263916085750028,1.1743733240264456,-0.012837690744043482,-0.02826225065082561,0.9707570333401342,-1.6465492562050006,1.7598925530273357,-0.4541346226663361
291,-1.2457945028884136,-1.0383583701640453,1.1743733240264456,-0.00796422948658209,-0.036623003275774044,0.981064372072022,-1.6166621350558026,1.8393031675610798,-0.43960547559091406
292,0.4158837088628981,-0.6511372279570364,1.1743733240264456,-0.002691259677077479,-0.04422385163229117,0.9912609705640943,-1.5858787883471377,1.9008365194779513,-0.4149943071966451
293,0.4158837088628981,0.04586082801557859,1.1743733240264456,0.0029606473224943267,-0.051032499986404356,1.0013480519850135,-1.5545619503154844,1.9938018485561202,-0.40071511288396316
294,-1.2457945028884136,-0.18647185730862656,1.1743733240264456,0.00896815675085641,-0.05702046650010942,1.0113246649784136,-1.5228176208383906,2.0537845483894115,-0.37579028780820906
295,0.7482193512131604,-1.0383583701640453,1.1743733240264456,0.015305608522453225,-0.06216324853561271,1.0211878251113666,-1.4904741144272997,2.1647769733218505,-0.3617216367451164
296,1.0805549935634229,-0.8060256848398397,1.1743733240264456,0.021945478231559533,-0.06644045463552585,1.0309326605481675,-1.458144795080045,2.2227558938702026,-0.33644125069276787
297,-0.9134588605381514,-0.4188045426328313,1.1743733240264456,0.028858853233083397,-0.06983590290801678,1.040552560145519,-1.4251181403157245,2.3576201708386364,-0.32255105399442896
298,0.7482193512131604,1.1300800261952029,1.1743733240264456,0.03601591588702957,-0.07233768689984446,1.0500393227959437,-1.3925232633681504,2.413299935949783,-0.29688029233894936
299,0.4158837088628981,1.052635797753801,1.1743733240264456,0.0433864264295267,-0.0739382115781247,1.0593833074421488,-1.3591045413061744,2.5790419548546124,-0.2831437693483188
300,-0.581123218187889,-0.8834699132812416,1.1743733240264456,0.05094019857957502,-0.07463420314321571,1.068573583746542,-1.3265138185105878,2.632662213382016,-0.2570547043375344
301,0.4158837088628981,-0.7285814563984383,0.9778547988709244,0.05864756158964807,-0.07442669632018453,1.0775980839248855,-1.2929475234482894,2.835824219510648,-0.24345424229773616
302,0.08354806651263585,1.4398569399608094,0.9778547988709244,0.06647980287522313,-0.07332100166493857,1.0864437567226501,-1.260586192975505,2.8888921197309445,-0.21692553623993585
303,-0.24878757583762662,0.5879704271053907,0.9778547988709244,0.07440958558952247,-0.0713266542270926,1.09509672487324,-1.2270744166111471,3.1308685742825575,-0.20345050505092535
304,0.7482193512131604,-0.9609141417226434,0.9778547988709244,0.08241133553998219,-0.06845734415893713,1.1035424475534723,-1.1951266264919553,-3.0961258714042197,-0.17646708172425135
305,-1.2457945028884136,-0.9609141417226434,0.7813362737154029,0.09046159176345829,-0.06473082913248045,1.111765889303387,-1.1618313735136638,-2.8268115577352764,-0.16311365194943928
306,0.08354806651263563,-0.7285814563984383,0.7813362737154029,0.09853931494713895,-0.06016882747738679,1.119751696624284,-1.130441638655487,-2.761847353598476,-0.13566635708287222
307,0.7482193512131604,0.2007492848983823,0.7813362737154029,0.10662614757271884,-0.0547968904713696,1.1274843830332053,-1.0974853024378137,-2.492739741037756,-0.1224373229828368
308,-0.24878757583762662,0.3556377417811856,0.7813362737154029,0.11470661903009184,-0.04864425287584155,1.1349485227129432,-1.0667582170475232,-2.414220699957866,-0.09452254715860091
309,4.071575774715784,-0.18647185730862614,0.9778547988709244,0.12276828821371501,-0.04174366222073607,1.142128952038552,-1.0342225267800285,-2.176843778995276,-0.0814271110815732
310,0.08354806651263585,-0.03158340042582285,1.1743733240264456,0.1308018159910519,-0.03413118848725756,1.1490109772475354,-1.0042212607569232,-2.0841013710744996,-0.053046308115147836
311,0.4158837088628981,-0.03158340042582285,1.1743733240264456,0.13880096124865626,-0.025846016178726804,1.1555805855015038,-0.972145466147373,-1.8958688460305297,-0.04009975026149316
312,2.0775619206142095,0.5105261986639889,1.1743733240264456,0.14676249722531332,-0.01693022054780193,1.1618246557476115,-0.9428901318547006,-1.7917975003199968,-0.01125876272566268
313,-0.24878757583762662,1.0526357977538014,1.1743733240264456,0.15468604879446984,-0.007428529382849436,1.1677311652624558,-0.911269758566217,-1.6526433607041415,0.0015180837893886729
314,2.0775619206142095,-0.883469913281242,1.1743733240264456,0.16257385514955003,0.0026119287215101983,1.1732893875531185,-0.8827371347832349,-1.5409128417332463,0.030809967026149094
315,-0.5811232181878889,-0.5736929995156346,1.370891849181967,0.17043046552148122,0.013141889492566405,1.178490077289495,-0.851524721679194,-1.4420653795417389,0.0433914824956059
316,-0.9134588605381514,-0.34136031419142987,1.5674103743374883,0.17826237829234887,0.02411023240001196,1.1833256380416,-0.8236505275472281,-1.3255125102478253,0.07312277073276935
317,-0.9134588605381514,-1.0383583701640449,1.5674103743374883,0.18607763609384936,0.03546427583121454,1.1877902687963524,-0.7927591888548067,-1.2570924185947792,0.08547955588554919
318,0.4158837088628981,-0.8834699132812416,1.370891849181967,0.19388539058392107,0.047150089031298054,1.1918800856374765,-0.7654433850362781,-1.137523863294435,0.11563809902438889
319,2.0775619206142095,-0.18647185730862614,1.370891849181967,0.2016954501024667,0.05911282033733238,1.195593215683108,-0.7347532758893385,-1.0914634426775962,0.12773818442848808
320,0.4158837088628981,0.9751915693123993,1.370891849181967,0.20951782184982953,0.07129703911350596,1.1989298613355241,-0.7078680980435197,-0.969940293778053,0.1583129815936202
321,-1.2457945028884136,0.7428588839881944,1.370891849181967,0.2173622590505906,0.08364708656548836,1.2018923339174359,-0.6772351663022258,-0.9403329434456067,0.17012316713923525
322,-0.9134588605381514,1.2075242546366043,1.370891849181967,0.22523782371482332,0.09610742901929982,1.204485056682597,-0.6506350905692664,-0.8174599615261576,0.20110638803022024
323,-0.9134588605381514,1.2849684830780066,1.370891849181967,0.2331524764008397,0.10862300702975541,1.2067145379611397,-0.6199012448072299,-0.8001329269654751,0.21259361747449412
324,-0.5811232181878889,-0.263916085750028,1.1743733240264456,0.24111270418401798,0.1211395750554466,1.2085893158849264,-0.5934339991101342,-0.6762526176675034,0.24398278663749462
325,1.0805549935634224,-0.8060256848398402,1.1743733240264456,0.24912319602404287,0.13360402892695783,1.2101198767691783,-0.5624377023866517,-0.6682697571122798,0.2551154663901956
326,0.08354806651263585,0.04586082801557901,1.1743733240264456,0.2571865715768547,0.1459647209915593,1.2113185497697343,-0.535955164410548,-0.5435775107930438,0.28691579231358433
327,-0.5811232181878889,-0.18647185730862656,1.1743733240264456,0.265303166557601,0.15817176459602947,1.2121993808185207,-0.5045411026862424,-0.5428504041554216,0.2976649813875481
328,-0.5811232181878889,-1.1932468270468486,0.9778547988709244,0.27347087586192526,0.17017732990706302,1.2127779890237185,-0.4779087237422531,-0.4174601810188321,0.3298918589554295
329,1.0805549935634229,1.8270780821678183,1.1743733240264456,0.28168505459752136,0.18193593221845475,1.2130714087286163,-0.4459353106742158,-0.42247615819222084,0.3402322788813308
330,-0.24878757583762662,-0.8060256848398402,1.1743733240264456,0.28993847619951835,0.19340471254920782,1.2130979202961016,-0.41903916301949984,-0.2964573630337164,0.3729140592612442
331,-0.5811232181878889,0.2007492848983823,1.1743733240264456,0.2982213455530023,0.20454370911550876,1.212876872457858,-0.38638322775674944,-0.30609569432175865,0.38282489886132376
332,0.4158837088628981,0.04586082801557859,0.9778547988709244,0.30652136380358247,0.2153161175178641,1.2124284987939289,-0.359134361953834,-0.17949323398912279,0.41600611016734107
333,0.4158837088628981,0.12330505645698087,0.9778547988709244,0.314823840481173,0.22568853717641923,1.2117737306500753,-0.3256928041028081,-0.19290114356021823,0.42547162118183235
334,2.409897562964472,-0.573692999515635,1.1743733240264456,0.3231118475461187,0.23563120130360168,1.210934008544684,-0.29802900373303537,-0.06574531051207444,0.45921694239113475
335,-0.5811232181878889,-0.49624877107423315,1.1743733240264456,0.3313664091555465,0.2451181872447358,1.2099310937860284,-0.2637174975351958,-0.0822530831352492,0.4682268306660983
336,-0.9134588605381514,-0.49624877107423315,1.1743733240264456,0.3395667209195135,0.2541276032502803,1.2087868815962877,-0.2356028792848112,0.04543727520891692,0.5026262979490536
337,3.4069044900152594,-0.1090276288672243,1.1743733240264456,0.3476903932858687,0.262641746531295,1.2075232166192666,-0.2003519461265931,0.0263761348354945,0.5111759146070477
338,2.0775619206142095,2.6015203665818363,1.370891849181967,0.35571371480818986,0.2706472257439032,1.2061617113888865,-0.17177519571846778,0.15459577930947668,0.5463521362461091
339,-0.9134588605381513,2.911297280347442,1.370891849181967,0.36361193211914383,0.27813503932525163,1.2047235681910502,-0.13552405874738122,0.1334487487487681,0.5544424663682398
340,-0.5811232181878891,-0.49624877107423315,1.3490564574980204,0.371359545122311,0.28510060047979024,1.2032294047599397,-0.10649631580460653,0.2622136360910233,0.5905611483615134
341,-0.5811232181878889,0.3556377417811856,1.3217622178930866,0.3789306184127427,0.2915437011402615,1.2016990844335167,-0.06918469990067742,0.23940400775477313,0.5981985697864607
342,-1.2457945028884136,1.8270780821678183,1.3217622178930866,0.3862991118364569,0.2974684106798485,1.2001515517626538,-0.03973819012912051,0.36876555441680575,0.6354846422426674
343,1.7452262782639474,-0.573692999515635,1.3217622178930866,0.3934392328695043,0.3028829089475218,1.1986046750675063,-0.0012955362875361545,0.34470181567937463,0.6426803807280206
344,-1.2457945028884136,1.4398569399608094,1.1252436927375653,0.40032581123963396,0.3077992559965035,1.1970750979701867,0.028515882932873934,0.4747706716451495,0.6814440181290186
345,-1.2457945028884136,2.524076138140434,0.9287251675820438,0.406934693254753,0.3122331027109069,1.1955781024276166,0.06818581106937062,0.44987289013954646,0.6882131597654515
346,0.7482193512131604,-0.7285814563984383,0.9287251675820438,0.41324315063880807,0.316203348181892,1.1941274861641353,0.09828258129003278,0.5808588897045933,0.7288943631218594
347,-0.9134588605381514,-0.18647185730862656,0.9287251675820438,0.4192302962439725,0.31973175171064383,1.1927354575436573,0.13932630242979896,0.5555842389066484,0.7352541939171963
348,3.4069044900152594,-0.7285814563984383,1.1743733240264456,0.4248774963684642,0.322842509662987,1.1914125507249116,0.16959142678986952,0.6878683041264194,0.7785050225695722
349,2.0775619206142095,0.12330505645698087,1.1743733240264456,0.43016876687497163,0.3255618092296383,1.1901675634371394,0.2122491092287856,0.6627383009256372,0.7844723008737573
350,0.4158837088628979,-0.7285814563984383,1.1743733240264456,0.4350911390559059,0.3279173714812068,1.1890075190795926,0.242495935753154,0.7970153875324024,0.8313236341514563
351,2.409897562964472,-0.6511372279570369,0.9778547988709242,0.43963498223920255,0.3299379948640979,1.1879376543085682,0.2871858333424873,0.7726491450053032,0.8369099873472857
352,-0.9134588605381513,0.6654146555467926,0.9778547988709242,0.4437942732806245,0.3316531081707569,1.1869614329320604,0.3170614066313215,0.9102521510411833,0.8891563959063592
353,-0.581123218187889,-0.263916085750028,0.9778547988709242,0.44756680697924595,0.3330923396685562,1.1860805867040747,0.36456768435327763,0.887415568052001,0.8943597492860834
354,-0.9134588605381513,-0.18647185730862656,0.9778547988709242,0.45095434449558314,0.3342851068220827,1.1852951833297267,0.39320564622361465,1.031196140572317,0.9556358919726322
355,-0.9134588605381512,5.0022914482652885,0.9778547988709242,0.4539626979833898,0.3352602292187863,1.1846037215522653,0.44519258037816295,1.0108956862204361,0.9604211143736564
356,-0.9134588605381514,-0.8834699132812416,0.9778547988709242,0.4566017484915231,0.336045566369898,1.1840032526080795,0.46944590253568935,1.1684370588870694,1.0403752337066074
357,0.4158837088628981,-0.263916085750028,0.9778547988709242,0.45888539110619964,0.3366676826070001,1.1834895266777887,0.5304889034225185,1.1521718986607006,1.0446130405799066
358,2.0775619206142095,-0.03158340042582285,0.9778547988709242,0.46083139722386934,0.3371515435090894,1.1830571622846355,0.521771367591329,1.3576105597287336,1.1932872091070763
