,trial_index,interconnectivity_strength
0,1,58.41020430430151
1,2,55.760847738475256
2,3,54.11867657636075
3,4,48.93497501140184
4,5,46.2758511199469
5,6,46.6001411198998
6,7,47.57156195657886
7,8,49.144861528657174
8,9,49.14969100288319
9,10,49.66536940223721
10,11,51.542125985048465
11,12,53.36875136606567
12,13,52.94128280901522
13,14,103.15988416565665
14,15,103.55305093599958
15,16,100.25216745746549
16,17,102.54052666587768
17,18,105.09936009150123
18,19,0.0
19,20,0.0
20,21,0.0
21,22,0.0
22,23,0.0
23,24,0.0
24,25,0.0
25,26,0.0
26,27,0.0
27,28,0.0
28,29,0.0
29,30,0.0
30,31,134.40817018906452
31,32,127.02020520915535
32,33,123.23232651854087
33,34,121.07000327788177
34,35,116.95960374824263
35,36,112.58164090804753
36,37,115.70653085534357
37,38,120.41667717808288
38,39,118.36585864427599
39,40,109.40698777286717
40,41,99.54167638572183
41,42,97.48913523529716
42,43,93.08422113277001
43,44,46.95065617063107
44,45,40.85427655534793
45,46,37.400110399791195
46,47,35.80209313452942
47,48,33.62629229472049
48,49,32.25241808740829
49,50,16.609280043836335
50,51,15.745304714319582
51,52,21.555631344217453
52,53,20.693764200432533
53,54,21.543281545262314
54,55,22.079439141752985
55,56,13.530860642107633
56,57,13.134685757775571
57,58,8.238297514744097
58,59,14.980300312998102
59,60,10.017729231774549
60,61,8.659988146500115
61,62,6.443678259052378
62,63,7.669199269898199
63,64,10.282889654943444
64,65,7.324862696521319
65,66,10.126601162090298
66,67,8.208088476412232
67,68,10.678128590971353
68,69,10.370961298826018
69,70,10.843802156562358
70,71,11.356473676351944
71,72,10.494983381830675
72,73,10.974670258749434
73,74,9.913230746699776
74,75,10.947894462270744
75,76,8.597392658349053
76,77,7.818779579428308
77,78,8.094960011294928
78,79,7.874858659282312
79,80,7.509563477133376
80,81,7.317085644495792
81,82,7.9115486348203445
82,83,8.629645130182915
83,84,8.3844105482969
84,85,10.09897761382979
85,86,6.833162880691814
86,87,7.151853250946108
87,88,8.80785325048595
88,89,8.355960733968109
89,90,8.591345972185662
90,91,7.741436503089546
91,92,6.806818246443052
92,93,6.948940060816472
93,94,6.727862685211645
94,95,6.834748056858169
95,96,7.0186787674124576
96,97,7.8552967902471
97,98,8.628053650007796
98,99,7.3576714395131715
99,100,8.329919900113405
100,101,7.195525753752833
101,102,8.307251538206078
102,103,7.834655717123082
103,104,6.663668249050904
104,105,7.87021402421876
105,106,5.6083445762366395
106,107,5.337562741587941
107,108,5.27024348154309
108,109,6.088494754254761
109,110,6.5334031587049815
110,111,6.427038199766705
111,112,5.62605383864128
112,113,6.800868114208042
113,114,6.992719506640791
114,115,6.5562762954592975
115,116,6.911683201874647
116,117,7.200662119165055
117,118,5.769129549344896
118,119,6.296314701579538
119,120,6.624401641102071
120,121,7.361452822360061
121,122,8.150234262530928
122,123,9.017683778222539
123,124,10.02360773990566
124,125,11.315011661308807
125,126,10.416982166033804
126,127,10.522808832617185
127,128,10.722618229563338
128,129,11.280701832995021
129,130,9.54017864707525
130,131,9.83184083354649
131,132,8.551394338739527
132,133,8.767763448871449
133,134,8.643038856852636
134,135,8.71690668615984
135,136,9.651429809155111
136,137,7.7327925465212495
137,138,8.020039994581712
138,139,7.057228986050829
139,140,5.729823075976566
140,141,6.045701320894562
141,142,7.403505404861931
142,143,6.167597037255008
143,144,5.59327978891753
144,145,5.604327303249617
145,146,5.520552022063903
146,147,4.355324740329874
147,148,5.4270797947907194
148,149,5.586397540274652
149,150,5.807001564879512
150,151,5.4498090238095545
151,152,6.0124186871673055
152,153,5.871363222803434
153,154,7.215805090421158
154,155,7.334409796475087
155,156,6.293864443871852
156,157,6.224854019904583
157,158,6.318448186547088
158,159,6.942492626340798
159,160,7.1705445937536485
160,161,10.399255120318172
161,162,8.567335548494395
162,163,9.53419194570808
163,164,8.412823307702439
164,165,9.01329353435623
165,166,6.966164269488196
166,167,9.126143762076934
167,168,8.199198123415748
168,169,9.047607797534436
169,170,7.937980302061139
170,171,9.286128462578858
171,172,6.19967047532699
172,173,8.392857583547597
173,174,7.686522225428982
174,175,6.913759832200746
175,176,7.488263341401888
176,177,9.026461452607549
177,178,10.487236872440906
178,179,8.246411640907462
179,180,11.238547650611396
180,181,7.289489212838141
181,182,9.948260478002776
182,183,6.7935854424564965
183,184,6.263788536593555
184,185,6.838742093286153
185,186,6.9630170491968455
186,187,7.7606751291422205
187,188,7.178238430648652
188,189,6.78200684197786
189,190,6.976186998041831
190,191,6.458374594096918
191,192,6.809089242307508
192,193,6.175634989012824
193,194,6.707637297706318
194,195,7.095291523751973
195,196,8.27385248002072
196,197,7.69624744468878
197,198,6.917748601053326
198,199,6.6545579399110055
199,200,7.811083584031149
200,201,7.819484684740542
201,202,8.320932961494794
202,203,8.128728547813173
203,204,7.567125859432371
204,205,7.6769348902232215
205,206,7.6238355483789855
206,207,7.735191442943678
207,208,7.3581030641062295
208,209,7.58659339027038
209,210,8.281986009318631
210,211,8.174121892053343
211,212,8.668666280584574
212,213,8.847811107357318
213,214,9.127437246212795
214,215,9.538842018983347
215,216,9.314971850375523
216,217,9.21222827011088
217,218,10.013412364278048
218,219,10.218560109619416
219,220,9.373794545346962
220,221,9.109032093205817
221,222,7.861856704653502
222,223,8.030750191460507
223,224,8.490215158165777
224,225,8.294030437036309
225,226,8.259546530549937
226,227,7.592676322190915
227,228,8.361590125595894
228,229,7.954434143188924
229,230,9.479710876082166
230,231,8.863634432868151
231,232,7.2504571170816865
232,233,6.666694972113785
233,234,6.7672054822938374
234,235,7.018656602809939
235,236,6.676386217957451
236,237,7.049226164768359
237,238,7.605108986409428
238,239,7.476655379748268
239,240,6.859276551738059
240,241,6.955897415678431
241,242,8.075145392939065
242,243,7.5971715622651415
243,244,8.510878899473497
244,245,7.790488163152664
245,246,8.699744064721903
246,247,7.44941816075666
247,248,7.339290871291077
248,249,6.624015429784292
249,250,7.408944328235874
250,251,7.292857095511812
251,252,6.8799464032619175
252,253,7.616764009429295
253,254,8.04775607739581
254,255,8.463772707894679
255,256,9.56658248312014
256,257,8.919589964463178
257,258,8.110962570514678
258,259,8.562926022668927
259,260,9.57674605824152
260,261,9.383534009792834
261,262,10.056610948420051
262,263,10.836979041556507
263,264,9.20742411642363
264,265,11.35042283329521
265,266,9.500925624059144
266,267,10.515515617727893
267,268,13.52294874720736
268,269,14.187646126456254
269,270,14.510150792233283
270,271,19.02156624826127
271,272,18.024781171154387
272,273,16.643655361540606
273,274,20.060301645846348
274,275,22.417764399162554
275,276,23.569042452393752
276,277,26.708685727627522
277,278,41.64353150306082
278,279,55.988110797435006
279,280,0.0
280,281,166.54616977225635
281,282,262.0859661122341
282,283,246.56194770940016
283,284,223.1268688906837
284,285,100.97575594552488
285,286,48.244434959843204
286,287,97.48363937561012
287,288,104.31408215836204
288,289,105.98888229326036
289,290,100.02072397932547
290,291,40.144225950147835
291,292,40.52883508310401
292,293,52.562719877614406
293,294,43.87986451499758
294,295,39.60085689308805
295,296,40.65647430246174
296,297,20.47797966118572
297,298,40.2175962424621
298,299,42.75104094878677
299,300,45.21253763586594
300,301,45.61638998168741
301,302,35.463627096738854
302,303,36.62756747255174
303,304,37.480439164061806
304,305,36.858534805323444
305,306,75.73257362248735
306,307,71.74700229611324
307,308,73.85723014214564
308,309,63.640532141878836
309,310,63.91168185693348
310,311,68.76713635621532
311,312,74.79020860287844
312,313,73.39773866245085
313,314,0.0
314,315,0.0
315,316,0.0
316,317,0.0
317,318,0.0
318,319,0.0
319,320,0.0
320,321,0.0
321,322,0.0
322,323,0.0
323,324,0.0
324,325,0.0
325,326,0.0
326,327,0.0
327,328,0.0
328,329,0.0
329,330,0.0
330,331,0.0
331,332,0.0
332,333,0.0
333,334,0.0
334,335,0.0
335,336,0.0
336,337,0.0
337,338,0.0
338,339,0.0
339,340,0.0
340,341,0.0
341,342,58.969414368337446
342,343,60.511227358353864
343,344,60.49126569936082
344,345,59.085322954868175
345,346,62.39547237088883
346,347,66.14298797901989
347,348,64.1331398112056
348,349,63.808017337137485
349,350,32.68478757060551
350,351,31.64957641567529
351,352,32.50767667218532
352,353,31.25131324887128
353,354,32.35574220572529
354,355,33.497479761215914
355,356,36.844518254085386
356,357,35.623727342663166
357,358,40.438671173240145
358,359,39.46374978252856
359,360,41.3597221766898
360,361,45.62900757353431
361,362,47.33901049337987
362,363,1.0
363,364,1.0
364,365,1.0
365,366,1.0
366,367,1.0
367,368,1.0
368,369,1.0
369,370,1.0
370,371,0.0
371,372,0.0
372,373,0.0
373,374,0.0
374,375,0.0
375,376,0.0
376,377,0.0
377,378,0.0
378,379,0.0
379,380,0.0
380,381,0.0
381,382,0.0
382,383,0.0
383,384,0.0
384,385,0.0
385,386,0.0
386,387,0.0
387,388,0.0
388,389,0.0
389,390,0.0
390,391,0.0
391,392,0.0
392,393,0.0
393,394,0.0
394,395,0.0
395,396,0.0
396,397,0.0
397,398,0.0
398,399,0.0
399,400,0.0
400,401,0.0
401,402,0.0
402,403,0.0
403,404,0.0
404,405,0.0
